<!DOCTYPE HTML>
<html>
  <head>
    <meta charset="UTF-8">
    <title>SpaMo - Spaced Motif Analysis</title>
    <script type="text/javascript">
      //@JSON_VAR data
      var data = {"program":"SpaMo","version":"4.11.3","revision":"c13e15f35e38483381a6e8a363f9137e303c0765","release":"Sat Mar 11 20:16:08 2017 -0800","host":"uger-c011.broadinstitute.org","when":"Sun Feb 28 17:31:38 2021","cmd":["spamo","-verbosity","1","-oc","/broad/sankaranlab/fyu/HemeMap/02262021-downMast_re-analysis/motif_denovo/all_mast0035_interactions_10x_hocomoco_meme-chip/spamo_out_20","-bgfile","/broad/sankaranlab/fyu/HemeMap/02262021-downMast_re-analysis/motif_denovo/all_mast0035_interactions_10x_hocomoco_meme-chip/background","-primary","ZN335_HUMAN.H11MO.0.A","/broad/sankaranlab/fyu/HemeMap/02262021-downMast_re-analysis/motif_denovo/all_mast0035_interactions_10x_hocomoco_meme-chip/20210227-deg_interactions_peaks_all_mast0035_fa_1based.fa","/broad/sankaranlab/fyu/motif_data/HOCOMOCOv11_core_HUMAN_mono_meme_format.meme","/broad/sankaranlab/fyu/HemeMap/02262021-downMast_re-analysis/motif_denovo/all_mast0035_interactions_10x_hocomoco_meme-chip/meme_out/meme.xml","/broad/sankaranlab/fyu/HemeMap/02262021-downMast_re-analysis/motif_denovo/all_mast0035_interactions_10x_hocomoco_meme-chip/dreme_out/dreme.xml","/broad/sankaranlab/fyu/motif_data/HOCOMOCOv11_core_HUMAN_mono_meme_format.meme"],"options":{"seq_min_hit_score":7,"margin":150,"bin_size":1,"bin_pvalue_calc_range":150,"use_best_secondary":0,"seq_max_shared_fract":0.5,"seq_odds_ratio":20,"bin_pvalue_cutoff":0.05,"motif_evalue_cutoff":10,"redundant_overlap":2,"redundant_joint":0.5,"motif_pseudocount":0.1,"bgfile":"/broad/sankaranlab/fyu/HemeMap/02262021-downMast_re-analysis/motif_denovo/all_mast0035_interactions_10x_hocomoco_meme-chip/background","motif_trim":0.25,"xalph":0,"seed":1,"bin_max":60},"alphabet":{"name":"DNA","like":"dna","ncore":4,"symbols":[{"symbol":"A","name":"Adenine","colour":"CC0000","complement":"T"},{"symbol":"C","name":"Cytosine","colour":"0000CC","complement":"G"},{"symbol":"G","name":"Guanine","colour":"FFB300","complement":"C"},{"symbol":"T","aliases":"U","name":"Thymine","colour":"008000","complement":"A"},{"symbol":"N","aliases":"X.","name":"Any base","equals":"ACGT"},{"symbol":"V","name":"Not T","equals":"ACG"},{"symbol":"H","name":"Not G","equals":"ACT"},{"symbol":"D","name":"Not C","equals":"AGT"},{"symbol":"B","name":"Not A","equals":"CGT"},{"symbol":"M","name":"Amino","equals":"AC"},{"symbol":"R","name":"Purine","equals":"AG"},{"symbol":"W","name":"Weak","equals":"AT"},{"symbol":"S","name":"Strong","equals":"CG"},{"symbol":"Y","name":"Pyrimidine","equals":"CT"},{"symbol":"K","name":"Keto","equals":"GT"}]},"background":[0.2443,0.2557,0.2557,0.2443],"sequence_dbs":[{"source":"/broad/sankaranlab/fyu/HemeMap/02262021-downMast_re-analysis/motif_denovo/all_mast0035_interactions_10x_hocomoco_meme-chip/20210227-deg_interactions_peaks_all_mast0035_fa_1based.fa","name":"20210227-deg_interactions_peaks_all_mast0035_fa_1based","last_modified":"Sun Feb 28 14:32:25 2021","loaded":13184,"excluded_too_short":0,"excluded_no_match":9793,"excluded_ambigs":0,"excluded_similar":19,"erased_primary_matches":1475}],"primary_dbs":[{"source":"/broad/sankaranlab/fyu/motif_data/HOCOMOCOv11_core_HUMAN_mono_meme_format.meme","name":"HOCOMOCOv11_core_HUMAN_mono_meme_format","last_modified":"Sat Jun 23 07:43:00 2018","loaded":400,"excluded":399}],"secondary_dbs":[{"source":"/broad/sankaranlab/fyu/HemeMap/02262021-downMast_re-analysis/motif_denovo/all_mast0035_interactions_10x_hocomoco_meme-chip/meme_out/meme.xml","name":"meme.xml","last_modified":"Sun Feb 28 15:22:49 2021","loaded":10,"excluded":0},{"source":"/broad/sankaranlab/fyu/HemeMap/02262021-downMast_re-analysis/motif_denovo/all_mast0035_interactions_10x_hocomoco_meme-chip/dreme_out/dreme.xml","name":"dreme.xml","last_modified":"Sun Feb 28 15:41:49 2021","loaded":10,"excluded":0},{"source":"/broad/sankaranlab/fyu/motif_data/HOCOMOCOv11_core_HUMAN_mono_meme_format.meme","name":"HOCOMOCOv11_core_HUMAN_mono_meme_format","last_modified":"Sat Jun 23 07:43:00 2018","loaded":401,"excluded":1}],"secondary_motifs":[{"db":0,"id":"7","alt":"MEME","len":30,"ltrim":0,"rtrim":0,"nsites":70,"evalue":"2.3e+001","pwm":[[0.0431444,0.200079,0.499651,0.257125],[0.0288787,0.342733,0.513917,0.114471],[0.114471,0.0859565,0.770693,0.0288787],[0.000348502,0.528182,0.399794,0.0716756],[0.228593,0.028895,0.685101,0.05741],[0.157267,0.22861,0.528182,0.0859402],[0.143002,0.128752,0.599509,0.128736],[0.285655,0.271407,0.371264,0.0716756],[0.100206,0.399794,0.371264,0.128736],[0.100206,0.399794,0.485386,0.0146141],[0.0146141,0.171549,0.670836,0.143002],[0.143002,0.0716919,0.613774,0.171533],[0.242859,0.143018,0.585243,0.0288787],[0.242859,0.22861,0.428324,0.100206],[0.185798,0.314202,0.356998,0.143002],[0.0859402,0.271407,0.456856,0.185798],[0.185798,0.299937,0.328467,0.185798],[0.0859402,0.214345,0.513917,0.185798],[0.143002,0.44259,0.41406,0.000348502],[0.157267,0.0859565,0.599509,0.157267],[0.0859402,0.185814,0.727896,0.000348502],[0.471105,0.271407,0.0716919,0.185798],[0.100206,0.0431606,0.842019,0.0146141],[0.000348502,0.257141,0.65657,0.0859402],[0.000348502,0.528182,0.328467,0.143002],[0.000348502,0.100222,0.670836,0.228593],[0.05741,0.22861,0.713632,0.000348502],[0.0859402,0.670836,0.214345,0.0288787],[0.200063,0.143018,0.456856,0.200063],[0.000348502,0.299937,0.699366,0.000348502]]},{"db":1,"id":"DAAATA","alt":"DREME","len":6,"ltrim":0,"rtrim":0,"nsites":2232,"evalue":"7.4e-047","pwm":[[0.46818,1.14556e-05,0.243281,0.288528],[0.999966,1.14556e-05,1.14556e-05,1.09449e-05],[0.999966,1.14556e-05,1.14556e-05,1.09449e-05],[0.999966,1.14556e-05,1.14556e-05,1.09449e-05],[1.09449e-05,1.14556e-05,1.14556e-05,0.999966],[0.999966,1.14556e-05,1.14556e-05,1.09449e-05]]},{"db":2,"id":"ELF2_HUMAN.H11MO.0.C","len":13,"ltrim":3,"rtrim":0,"nsites":500,"evalue":"1.0e+000","url":"http://hocomoco.autosome.ru/motif/ELF2_HUMAN.H11MO.0.C","pwm":[[0.39197,0.152021,0.317988,0.138021],[0.489951,0.102031,0.218008,0.190011],[0.311986,0.317988,0.297992,0.0720345],[0.0720345,0.615928,0.291993,0.0200449],[0.232002,0.739903,0.0140483,0.0140461],[0.00804725,5.11298e-05,0.985854,0.00604765],[0.0120465,0.00804953,0.977856,0.00204845],[0.973854,0.0100491,0.00804953,0.00804725],[0.979853,0.00205073,0.00804953,0.0100469],[0.0860317,0.0140483,0.889873,0.0100469],[0.130023,0.20801,0.10403,0.557937],[0.19601,0.142023,0.551941,0.110027],[0.313986,0.192013,0.433964,0.0600369]]},{"db":2,"id":"LEF1_HUMAN.H11MO.0.A","len":14,"ltrim":1,"rtrim":1,"nsites":456,"evalue":"1.0e+000","url":"http://hocomoco.autosome.ru/motif/LEF1_HUMAN.H11MO.0.A","pwm":[[0.0767911,0.260964,0.274119,0.388126],[0.0329411,0.635882,0.184226,0.146951],[0.0175936,0.708234,0.0132111,0.260961],[0.122834,0.0460986,0.0197886,0.811279],[0.00224606,0.138184,0.0351361,0.824434],[0.00224606,0.0132111,0.0329436,0.951599],[0.0439036,0.425401,0.519679,0.0110161],[0.456094,0.138184,0.0154036,0.390319],[0.278501,0.166686,0.157916,0.396896],[0.285079,0.190804,0.201766,0.322351],[0.0417111,0.129414,0.149146,0.679729],[0.0395186,0.311391,0.383744,0.265346],[0.116256,0.460481,0.0899486,0.333314],[0.313581,0.221499,0.103104,0.361816]]},{"db":2,"id":"NFAC1_HUMAN.H11MO.0.B","len":15,"ltrim":0,"rtrim":2,"nsites":500,"evalue":"1.0e+000","url":"http://hocomoco.autosome.ru/motif/NFAC1_HUMAN.H11MO.0.B","pwm":[[0.481952,0.230005,0.234004,0.0540381],[0.39397,0.0500411,0.0600391,0.49595],[0.0840321,0.00804953,0.90387,0.00404805],[0.0140461,0.0460419,0.929865,0.0100469],[0.94586,0.0120487,0.0360439,0.00604765],[0.809887,0.0680375,0.10403,0.0180453],[0.821884,0.0680375,0.0840343,0.0260437],[0.499949,0.166018,0.267998,0.0660357],[0.49395,0.0520407,0.142023,0.311986],[0.355978,0.238004,0.345982,0.0600369],[0.487951,0.0880335,0.0440423,0.379973],[0.263996,0.0300451,0.547942,0.158017],[0.537941,0.122027,0.222007,0.118025],[0.429963,0.317988,0.188014,0.0640361],[0.449959,0.120027,0.138024,0.29199]]},{"db":2,"id":"TAF1_HUMAN.H11MO.0.A","len":16,"ltrim":0,"rtrim":0,"nsites":500,"evalue":"1.0e+000","url":"http://hocomoco.autosome.ru/motif/TAF1_HUMAN.H11MO.0.A","pwm":[[0.505948,0.0580395,0.40597,0.0300429],[0.751898,0.0460419,0.15602,0.0460397],[0.423964,0.0560399,0.511949,0.00804725],[0.529943,0.0960319,0.359979,0.0140461],[0.349979,0.172017,0.0340443,0.44396],[0.0900309,0.0320447,0.837884,0.0400409],[0.0180453,0.0140483,0.95786,0.0100469],[0.323984,0.651921,0.00804953,0.0160457],[0.232002,0.0560399,0.621927,0.0900309],[0.0700349,0.0640383,0.831885,0.0340421],[0.281992,0.539943,0.0600391,0.118025],[0.180013,0.0640383,0.643922,0.112026],[0.158017,0.166018,0.631925,0.0440401],[0.301988,0.411969,0.188014,0.0980293],[0.190011,0.146022,0.525946,0.138021],[0.271994,0.138024,0.527946,0.0620365]]},{"db":2,"id":"VEZF1_HUMAN.H11MO.0.C","len":22,"ltrim":0,"rtrim":0,"nsites":500,"evalue":"1.0e+000","url":"http://hocomoco.autosome.ru/motif/VEZF1_HUMAN.H11MO.0.C","pwm":[[0.230003,0.0880335,0.543942,0.138021],[0.212006,0.10803,0.635924,0.0440401],[0.29599,0.0620387,0.547942,0.0940301],[0.305988,0.0760359,0.543942,0.0740341],[0.505948,0.0880335,0.349981,0.0560377],[0.34198,0.0600391,0.499951,0.0980293],[0.19401,0.112029,0.643922,0.0500389],[0.263996,0.112029,0.497952,0.126024],[0.29599,0.0640383,0.583934,0.0560377],[0.0580373,0.0120487,0.859879,0.0700349],[0.0180453,0.118028,0.829885,0.0340421],[0.821884,0.0860339,0.0120487,0.0800329],[0.247999,0.0260459,0.70391,0.0220445],[0.206008,0.0800351,0.669917,0.0440401],[0.273994,0.0460419,0.583934,0.0960297],[0.210007,0.0320447,0.645922,0.112026],[0.150019,0.124026,0.671917,0.0540381],[0.463956,0.182015,0.271997,0.0820325],[0.212006,0.0980315,0.567938,0.122024],[0.381972,0.0220467,0.541943,0.0540381],[0.307987,0.0660379,0.55794,0.0680353],[0.335982,0.0420427,0.523946,0.0980293]]},{"db":2,"id":"ZBT17_HUMAN.H11MO.0.A","len":19,"ltrim":2,"rtrim":0,"nsites":500,"evalue":"1.0e+000","url":"http://hocomoco.autosome.ru/motif/ZBT17_HUMAN.H11MO.0.A","pwm":[[0.184012,0.238004,0.435964,0.14202],[0.387971,0.15602,0.299991,0.156018],[0.279993,0.0540403,0.539943,0.126024],[0.212006,0.0800351,0.609929,0.0980293],[0.200009,0.136024,0.571937,0.0920305],[0.319985,0.128026,0.0940323,0.457957],[0.140021,0.0400431,0.811889,0.00804725],[0.204008,0.0260459,0.679915,0.0900309],[0.238001,0.0340443,0.683914,0.0440401],[0.152018,0.00604993,0.789893,0.0520385],[0.0720345,0.0740363,0.849881,0.00404805],[0.69591,0.200011,0.00205073,0.102028],[0.198009,0.0320447,0.537944,0.232002],[0.0520385,0.0160479,0.885874,0.0460397],[0.232002,0.0220467,0.725906,0.0200449],[0.255998,0.00804953,0.709909,0.0260437],[0.527943,0.275996,0.136024,0.0600369],[0.419965,0.0620387,0.331985,0.186012],[0.257997,0.114028,0.50795,0.120025]]},{"db":2,"id":"ZBT18_HUMAN.H11MO.0.C","len":11,"ltrim":0,"rtrim":1,"nsites":500,"evalue":"1.0e+000","url":"http://hocomoco.autosome.ru/motif/ZBT18_HUMAN.H11MO.0.C","pwm":[[0.0740341,0.144022,0.279995,0.501948],[0.116026,0.735904,0.144022,0.00404805],[0.00804725,0.983854,0.00205073,0.00604765],[0.971854,0.0120487,0.00604993,0.0100469],[0.00404805,0.0140483,0.865878,0.116026],[0.447959,0.367978,0.0300451,0.154018],[0.00404805,0.0100491,0.10803,0.877873],[0.00204845,0.0240463,0.947862,0.0260437],[0.122024,0.267998,0.0120487,0.597929],[0.0600369,0.0500411,0.449961,0.439961],[0.0900309,0.265998,0.423966,0.220005]]},{"db":2,"id":"ZIC3_HUMAN.H11MO.0.B","len":15,"ltrim":1,"rtrim":1,"nsites":169,"evalue":"1.0e+000","url":"http://hocomoco.autosome.ru/motif/ZIC3_HUMAN.H11MO.0.B","pwm":[[0.165727,0.153906,0.455503,0.224864],[0.165727,0.230784,0.532381,0.0711084],[0.21895,0.496899,0.15982,0.124331],[0.100677,0.461417,0.124338,0.313568],[0.21895,0.378625,0.0947698,0.307655],[0.000144471,0.993646,0.00606487,0.000144471],[0.0829357,0.904941,0.000151212,0.0119718],[0.0592811,0.130252,0.000151212,0.810316],[0.0474538,0.0592878,0.875373,0.0178855],[0.000144471,0.916769,0.0829425,0.000144471],[0.0474538,0.00606487,0.0119785,0.934503],[0.0119718,0.0297195,0.958164,0.000144471],[0.325396,0.0297195,0.201216,0.443669],[0.00605813,0.0297195,0.875373,0.0888494],[0.372705,0.254439,0.142079,0.230777]]},{"db":2,"id":"ZN341_HUMAN.H11MO.0.C","len":22,"ltrim":1,"rtrim":0,"nsites":499,"evalue":"1.0e+000","url":"http://hocomoco.autosome.ru/motif/ZN341_HUMAN.H11MO.0.C","pwm":[[0.20642,0.136296,0.512974,0.144309],[0.286565,0.164347,0.472902,0.076186],[0.220446,0.130286,0.55505,0.0942185],[0.238478,0.130286,0.573083,0.0581535],[0.290572,0.156333,0.486928,0.066168],[0.286565,0.0741847,0.553047,0.086204],[0.260518,0.228462,0.47691,0.0341103],[0.352684,0.0741847,0.470899,0.102233],[0.224453,0.0942207,0.587108,0.0942185],[0.230464,0.16034,0.474906,0.134291],[0.316619,0.0601594,0.547036,0.076186],[0.216438,0.152325,0.595122,0.0361139],[0.406781,0.132289,0.28256,0.17837],[0.286565,0.0401234,0.524996,0.148316],[0.104236,0.0140765,0.853588,0.0280994],[0.0801932,0.0681739,0.809508,0.0421247],[0.859596,0.0441306,0.0882099,0.00806337],[0.699308,0.0100693,0.284563,0.00605977],[0.100229,0.326639,0.547036,0.0260958],[0.783459,0.0281017,0.112253,0.076186],[0.00605977,0.0281017,0.94375,0.0220886],[0.136294,0.735375,0.108246,0.020085]]},{"db":2,"id":"ZN467_HUMAN.H11MO.0.C","len":22,"ltrim":0,"rtrim":0,"nsites":499,"evalue":"1.0e+000","url":"http://hocomoco.autosome.ru/motif/ZN467_HUMAN.H11MO.0.C","pwm":[[0.296583,0.0240945,0.64922,0.030103],[0.0982257,0.00405845,0.84958,0.0481355],[0.0541463,0.0220909,0.915699,0.00806337],[0.00205255,0.0180837,0.975808,0.00405616],[0.949758,0.0240945,0.00405845,0.0220886],[0.184381,0.00806566,0.791476,0.0160778],[0.0321067,0.0180837,0.929725,0.020085],[0.298586,0.0160801,0.671259,0.0140742],[0.17837,0.0641666,0.733371,0.0240922],[0.416799,0.104239,0.408787,0.0701752],[0.410788,0.122271,0.420809,0.0461319],[0.292575,0.0721811,0.591115,0.0441283],[0.244489,0.0761883,0.645213,0.0341103],[0.360698,0.052145,0.535014,0.0521427],[0.284561,0.0561522,0.621169,0.0381175],[0.290572,0.062163,0.579094,0.0681716],[0.356691,0.0481378,0.529003,0.066168],[0.2505,0.0661702,0.641205,0.0421247],[0.260518,0.0801955,0.633191,0.0260958],[0.324633,0.062163,0.575086,0.0381175],[0.354687,0.0842027,0.514978,0.0461319],[0.288568,0.104239,0.541025,0.066168]]},{"db":2,"id":"ZN768_HUMAN.H11MO.0.C","len":20,"ltrim":0,"rtrim":1,"nsites":424,"evalue":"1.0e+000","url":"http://hocomoco.autosome.ru/motif/ZN768_HUMAN.H11MO.0.C","pwm":[[0.200482,0.13682,0.568322,0.094375],[0.672069,0.0873039,0.179263,0.0613639],[0.252357,0.0142079,0.667356,0.0660798],[0.132102,0.0354293,0.808832,0.0236369],[0.117954,0.771105,0.0307134,0.0802274],[0.273578,0.24057,0.00477616,0.481076],[0.0142052,0.971529,0.01185,0.00241554],[0.983316,0.00477616,6.02924e-05,0.0118473],[0.00713141,0.0142079,0.978603,5.76043e-05],[0.957379,0.0142079,0.0236396,0.00477347],[0.0283528,0.0165658,0.952666,0.00241554],[0.957379,0.0165658,0.0189238,0.00713141],[0.0660798,0.0377872,0.870138,0.0259949],[0.0354266,0.0189238,0.919655,0.0259949],[0.00948934,0.0755142,0.28537,0.629626],[0.092017,0.174547,0.176905,0.55653],[0.601331,0.129747,0.226422,0.0425004],[0.723943,0.0236396,0.195769,0.056648],[0.0448584,0.0637245,0.834769,0.056648],[0.120312,0.22878,0.158042,0.492866]]},{"db":2,"id":"ZN770_HUMAN.H11MO.0.C","len":22,"ltrim":0,"rtrim":1,"nsites":490,"evalue":"1.0e+000","url":"http://hocomoco.autosome.ru/motif/ZN770_HUMAN.H11MO.0.C","pwm":[[0.226534,0.095951,0.528516,0.148999],[0.126555,0.024537,0.836616,0.0122922],[0.046979,0.0224966,0.928434,0.00209025],[0.940674,0.00617337,0.0429006,0.0102518],[0.0326962,5.2173e-05,0.957,0.0102518],[0.0286154,0.0122946,0.946798,0.0122922],[0.0408578,0.875384,0.0571834,0.026575],[0.124514,0.287749,0.044941,0.542796],[0.116353,0.0816682,0.781525,0.0204538],[0.640735,0.0714662,0.2449,0.0428982],[0.146959,0.0592238,0.763162,0.0306558],[0.191847,0.0898298,0.642778,0.0755446],[0.169403,0.402011,0.204092,0.224494],[0.328554,0.0714662,0.479546,0.120433],[0.106151,0.095951,0.755,0.0428982],[0.161241,0.0939106,0.712152,0.0326962],[0.648897,0.0469814,0.226537,0.077585],[0.0918678,0.044941,0.844778,0.0184134],[0.214292,0.100032,0.661142,0.0245346],[0.565241,0.189809,0.169405,0.0755446],[0.0898274,0.138799,0.255102,0.516271],[0.10207,0.495869,0.222456,0.179605]]},{"db":2,"id":"ZSC31_HUMAN.H11MO.0.C","len":18,"ltrim":0,"rtrim":0,"nsites":407,"evalue":"1.0e+000","url":"http://hocomoco.autosome.ru/motif/ZSC31_HUMAN.H11MO.0.C","pwm":[[0.282546,0.0541036,0.520819,0.142531],[0.06147,0.0541036,0.621532,0.262895],[0.0884904,0.751721,0.0983188,0.06147],[0.651006,0.149903,0.0590164,0.140075],[0.0712956,0.0393652,0.859802,0.0295368],[0.0467316,0.894192,0.031996,0.0270804],[0.707503,0.0418216,0.194118,0.0565572],[0.024624,0.0148012,0.948233,0.012342],[0.049188,0.0270832,0.862259,0.06147],[0.105685,0.0221704,0.845064,0.0270804],[0.0516444,0.904018,0.031996,0.012342],[0.665744,0.135165,0.0909496,0.108142],[0.299741,0.093406,0.474148,0.132706],[0.0688392,0.0909496,0.253072,0.587139],[0.159726,0.11797,0.238334,0.483971],[0.673113,0.115514,0.154816,0.0565572],[0.115511,0.093406,0.26781,0.523273],[0.373433,0.105688,0.439758,0.0811212]]}],"sequence_names":["chr10:102106632-102107131","chr10:104962072-104962571","chr10:105335228-105335727","chr10:105380180-105380679","chr10:105417671-105418170","chr10:105445862-105446361","chr10:105605705-105606204","chr10:120788979-120789478","chr10:121251890-121252389","chr10:121301971-121302470","chr10:121485360-121485859","chr10:121632236-121632735","chr10:13043340-13043839","chr10:14646138-14646637","chr10:14824810-14825309","chr10:22898948-22899447","chr10:22912566-22913065","chr10:22944150-22944649","chr10:22955338-22955837","chr10:23105188-23105687","chr10:23695314-23695813","chr10:6244600-6245099","chr10:72218041-72218540","chr10:80062887-80063386","chr10:80168529-80169028","chr11:112034591-112035090","chr11:14521324-14521823","chr11:14929166-14929665","chr11:14930021-14930520","chr11:46140955-46141454","chr11:46354206-46354705","chr11:47255450-47255949","chr11:47416169-47416668","chr11:56947643-56948142","chr11:57074495-57074994","chr11:57226565-57227064","chr11:57242113-57242612","chr11:57365501-57366000","chr11:62323458-62323957","chr11:63607032-63607531","chr11:63655800-63656299","chr11:63659647-63660146","chr11:63706182-63706681","chr11:63916052-63916551","chr11:64036015-64036514","chr11:64099134-64099633","chr11:64109887-64110386","chr11:64454638-64455137","chr11:64511896-64512395","chr11:65817951-65818450","chr11:66114914-66115413","chr11:67169172-67169671","chr11:67176573-67177072","chr11:67188405-67188904","chr11:67232068-67232567","chr11:67416584-67417083","chr11:797200-797699","chr11:8228826-8229325","chr11:8290014-8290513","chr11:8832035-8832534","chr11:8835702-8836201","chr11:8986309-8986808","chr12:103828456-103828955","chr12:104234980-104235479","chr12:104531818-104532317","chr12:105037515-105038014","chr12:111020876-111021375","chr12:111298561-111299060","chr12:112123608-112124107","chr12:112884835-112885334","chr12:120529379-120529878","chr12:120548453-120548952","chr12:120562836-120563335","chr12:120564379-120564878","chr12:120570543-120571042","chr12:120806734-120807233","chr12:120971988-120972487","chr12:121022223-121022722","chr12:121211895-121212394","chr12:121293907-121294406","chr12:123450812-123451311","chr12:123520476-123520975","chr12:123528064-123528563","chr12:124018016-124018515","chr12:124394240-124394739","chr12:25003409-25003908","chr12:25132176-25132675","chr12:25843989-25844488","chr12:25850349-25850848","chr12:49284433-49284932","chr12:49366285-49366784","chr12:53835276-53835775","chr12:56035996-56036495","chr12:56067378-56067877","chr12:56069290-56069789","chr12:56223159-56223658","chr12:56366852-56367351","chr12:56519866-56520365","chr12:56617853-56618352","chr12:56651926-56652425","chr12:56967970-56968469","chr12:57028601-57029100","chr12:6419353-6419852","chr12:6451031-6451530","chr12:6481615-6482114","chr12:6483962-6484461","chr12:6642844-6643343","chr12:6873315-6873814","chr12:6881429-6881928","chr12:6962051-6962550","chr12:7000174-7000673","chr12:7060190-7060689","chr12:75723803-75724302","chr12:75784459-75784958","chr12:93561467-93561966","chr12:93799002-93799501","chr12:93799625-93800124","chr12:93808135-93808634","chr13:113812719-113813218","chr13:114145061-114145560","chr13:114301732-114302231","chr13:114557688-114558187","chr13:48369089-48369588","chr13:49066590-49067089","chr13:49107120-49107619","chr13:50220947-50221446","chr13:50510377-50510876","chr13:50552422-50552921","chr13:50570583-50571082","chr13:50704312-50704811","chr14:102227886-102228385","chr14:102276431-102276930","chr14:20826561-20827060","chr14:24457762-24458261","chr14:24505426-24505925","chr14:24636529-24637028","chr14:24657921-24658420","chr14:24896314-24896813","chr14:24898243-24898742","chr14:25179526-25180025","chr14:50099606-50100105","chr14:50234077-50234576","chr14:74037639-74038138","chr14:74416380-74416879","chr14:74416868-74417367","chr14:74705926-74706425","chr14:75079057-75079556","chr14:75342463-75342962","chr14:75348345-75348844","chr15:59642229-59642728","chr15:59907143-59907642","chr15:64291340-64291839","chr15:76136165-76136664","chr16:1393007-1393506","chr16:1458163-1458662","chr16:2205450-2205949","chr16:2264559-2265058","chr16:2273318-2273817","chr16:2509832-2510331","chr16:28956830-28957329","chr16:28996702-28997201","chr16:29817178-29817677","chr16:30205505-30206004","chr16:30572659-30573158","chr16:30770127-30770626","chr16:3179529-3180028","chr16:67694600-67695099","chr16:74401881-74402380","chr16:74588000-74588499","chr16:88866315-88866814","chr16:89237926-89238425","chr17:16118613-16119112","chr17:26698344-26698843","chr17:26698855-26699354","chr17:26879437-26879936","chr17:27475771-27476270","chr17:38478541-38479040","chr17:42836150-42836649","chr17:43045190-43045689","chr17:47753520-47754019","chr17:48585496-48585995","chr17:48663369-48663868","chr17:48896208-48896707","chr17:48912797-48913296","chr17:54857442-54857941","chr17:55162204-55162703","chr17:55332963-55333462","chr17:55485627-55486126","chr17:56065371-56065870","chr17:56832981-56833480","chr17:61554173-61554672","chr17:61916538-61917037","chr17:61926226-61926725","chr17:62009465-62009964","chr17:62031748-62032247","chr17:62083080-62083579","chr17:73178829-73179328","chr17:73389848-73390347","chr17:75368354-75368853","chr17:79495173-79495672","chr17:80375945-80376444","chr18:11885508-11886007","chr18:12076394-12076893","chr18:12377064-12377563","chr18:12515492-12515991","chr18:2903027-2903526","chr18:3481840-3482339","chr19:10341713-10342212","chr19:10426436-10426935","chr19:10614168-10614667","chr19:11406575-11407074","chr19:1213858-1214357","chr19:14228647-14229146","chr19:14260180-14260679","chr19:14485995-14486494","chr19:18485292-18485791","chr19:18707492-18707991","chr19:18755129-18755628","chr19:18774707-18775206","chr19:19005800-19006299","chr19:19109773-19110272","chr19:19325687-19326186","chr19:2332270-2332769","chr19:2648463-2648962","chr19:2721167-2721666","chr19:2769976-2770475","chr19:2785209-2785708","chr19:3062856-3063355","chr19:3178435-3178934","chr19:34286589-34287088","chr19:3480291-3480790","chr19:3556818-3557317","chr19:35645384-35645883","chr19:36208672-36209171","chr19:36499446-36499945","chr19:37063790-37064289","chr19:38714682-38715181","chr19:38810235-38810734","chr19:38864927-38865426","chr19:39056019-39056518","chr19:39166867-39167366","chr19:39220235-39220734","chr19:39406015-39406514","chr19:39805727-39806226","chr19:39989286-39989785","chr19:40596596-40597095","chr19:40909916-40910415","chr19:45251702-45252201","chr19:45414290-45414789","chr19:45504439-45504938","chr19:45582297-45582796","chr19:45621786-45622285","chr19:48673700-48674199","chr19:49140446-49140945","chr19:49520089-49520588","chr19:49658432-49658931","chr19:50038190-50038689","chr19:50666203-50666702","chr19:55850972-55851471","chr19:56097038-56097537","chr19:5686873-5687372","chr19:5690097-5690596","chr19:5851236-5851735","chr19:58694147-58694646","chr19:59073788-59074287","chr1:11412926-11413425","chr1:1259822-1260321","chr1:1266445-1266944","chr1:145449070-145449569","chr1:145472907-145473406","chr1:145562512-145563011","chr1:151804099-151804598","chr1:153606319-153606818","chr1:154154612-154155111","chr1:154474340-154474839","chr1:154782469-154782968","chr1:154989867-154990366","chr1:155139201-155139700","chr1:155162458-155162957","chr1:160345306-160345805","chr1:160346218-160346717","chr1:160370127-160370626","chr1:160537835-160538334","chr1:160825252-160825751","chr1:161008531-161009030","chr1:161039511-161040010","chr1:161041621-161042120","chr1:182453654-182454153","chr1:182573294-182573793","chr1:198127970-198128469","chr1:198757660-198758159","chr1:19970482-19970981","chr1:21965033-21965532","chr1:219985853-219986352","chr1:224691150-224691649","chr1:226138649-226139148","chr1:226165213-226165712","chr1:226411070-226411569","chr1:230247988-230248487","chr1:230416504-230417003","chr1:23886036-23886535","chr1:24235240-24235739","chr1:244215284-244215783","chr1:244891122-244891621","chr1:244893747-244894246","chr1:244925099-244925598","chr1:245026287-245026786","chr1:245214649-245215148","chr1:245320203-245320702","chr1:25174510-25175009","chr1:25256058-25256557","chr1:27159982-27160481","chr1:39957069-39957568","chr1:40105368-40105867","chr1:67628582-67629081","chr1:67772798-67773297","chr1:67778281-67778780","chr1:68215524-68216023","chr1:87380082-87380581","chr1:895718-896217","chr20:17570783-17571282","chr20:17595872-17596371","chr20:17628824-17629323","chr20:17691202-17691701","chr20:17742780-17743279","chr20:17919629-17920128","chr20:24451547-24452046","chr20:24776007-24776506","chr20:24966504-24967003","chr20:25129171-25129670","chr20:25206253-25206752","chr20:25290947-25291446","chr20:25317115-25317614","chr20:25371370-25371869","chr20:2687235-2687734","chr20:2832520-2833019","chr20:3073909-3074408","chr20:34359647-34360146","chr20:34742330-34742829","chr20:34761385-34761884","chr20:3995980-3996479","chr20:44563018-44563517","chr20:44803083-44803582","chr20:52532295-52532794","chr20:52694769-52695268","chr20:52824137-52824636","chr20:57465923-57466422","chr20:57466944-57467443","chr20:60640617-60641116","chr20:60697268-60697767","chr20:60718247-60718746","chr20:60878250-60878749","chr20:61200125-61200624","chr20:62284531-62285030","chr20:62580336-62580835","chr20:62711277-62711776","chr21:16437072-16437571","chr21:16673348-16673847","chr21:16726724-16727223","chr21:30449543-30450042","chr21:30944442-30944941","chr21:34915548-34916047","chr21:35146788-35147287","chr21:42791982-42792481","chr21:45593331-45593830","chr22:29468817-29469316","chr22:29601591-29602090","chr22:29604880-29605379","chr22:29663949-29664448","chr22:39867664-39868163","chr22:42470006-42470505","chr22:42475446-42475945","chr22:42915559-42916058","chr2:10588381-10588880","chr2:109064768-109065267","chr2:109150608-109151107","chr2:11269923-11270422","chr2:11859558-11860057","chr2:118731547-118732046","chr2:12145973-12146472","chr2:127851135-127851634","chr2:127885995-127886494","chr2:144901210-144901709","chr2:144910323-144910822","chr2:145210057-145210556","chr2:145265010-145265509","chr2:145281898-145282397","chr2:145304493-145304992","chr2:182322518-182323017","chr2:182521464-182521963","chr2:182545354-182545853","chr2:191272832-191273331","chr2:191492585-191493084","chr2:191863746-191864245","chr2:191921692-191922191","chr2:192022867-192023366","chr2:192269401-192269900","chr2:198120163-198120662","chr2:198144553-198145052","chr2:198152862-198153361","chr2:198154833-198155332","chr2:198569838-198570337","chr2:198675245-198675744","chr2:201480860-201481359","chr2:202022812-202023311","chr2:202042010-202042509","chr2:203103082-203103581","chr2:203159130-203159629","chr2:203498627-203499126","chr2:203879353-203879852","chr2:231735391-231735890","chr2:231864970-231865469","chr2:231899184-231899683","chr2:231921329-231921828","chr2:27063825-27064324","chr2:27295207-27295706","chr2:27434646-27435145","chr2:27529415-27529914","chr2:27531064-27531563","chr2:27592180-27592679","chr2:27926515-27927014","chr2:37893044-37893543","chr2:55191932-55192431","chr2:55384430-55384929","chr2:55646808-55647307","chr2:60779402-60779901","chr2:60780453-60780952","chr2:60782113-60782612","chr2:69001726-69002225","chr2:69039329-69039828","chr2:73114240-73114739","chr2:73143140-73143639","chr2:73338485-73338984","chr2:73518279-73518778","chr2:74055837-74056336","chr2:74211807-74212306","chr2:74212370-74212869","chr2:74324708-74325207","chr2:74667386-74667885","chr2:74684451-74684950","chr2:75043037-75043536","chr2:85109162-85109661","chr2:85132500-85132999","chr2:85197967-85198466","chr2:85628972-85629471","chr2:85697856-85698355","chr2:85811282-85811781","chr2:9238383-9238882","chr2:9469454-9469953","chr2:9539552-9540051","chr2:9614548-9615047","chr3:101394923-101395422","chr3:107809623-107810122","chr3:122399216-122399715","chr3:128291935-128292434","chr3:128417456-128417955","chr3:128753526-128754025","chr3:128879887-128880386","chr3:149225686-149226185","chr3:15373854-15374353","chr3:15382626-15383125","chr3:169395475-169395974","chr3:169684174-169684673","chr3:170685394-170685893","chr3:171029540-171030039","chr3:183977616-183978115","chr3:184037747-184038246","chr3:184079190-184079689","chr3:184080852-184081351","chr3:184187092-184187591","chr3:184394710-184395209","chr3:184504347-184504846","chr3:28213438-28213937","chr3:28617330-28617829","chr3:42742867-42743366","chr3:49842702-49843201","chr3:49941029-49941528","chr3:50264725-50265224","chr3:50280195-50280694","chr3:50304746-50305245","chr3:50625803-50626302","chr3:50638429-50638928","chr3:50643913-50644412","chr3:50694285-50694784","chr3:52250979-52251478","chr3:52524843-52525342","chr3:52925702-52926201","chr3:53079217-53079716","chr3:53204124-53204623","chr3:53234438-53234937","chr3:53384613-53385112","chr3:58318358-58318857","chr3:99217993-99218492","chr3:99564157-99564656","chr3:99800342-99800841","chr4:110215108-110215607","chr4:110242368-110242867","chr4:110354679-110355178","chr4:110846072-110846571","chr4:120221562-120222061","chr4:120548309-120548808","chr4:120549897-120550396","chr4:122911455-122911954","chr4:122923202-122923701","chr4:143767340-143767839","chr4:144109277-144109776","chr4:146858341-146858840","chr4:147559796-147560295","chr4:2936337-2936836","chr4:3204030-3204529","chr4:39033142-39033641","chr4:39038325-39038824","chr4:48493065-48493564","chr4:48497860-48498359","chr4:48596833-48597332","chr4:48728464-48728963","chr4:48775536-48776035","chr4:48777766-48778265","chr4:57082059-57082558","chr4:57109270-57109769","chr4:57301658-57302157","chr4:57597979-57598478","chr4:83559649-83560148","chr4:83711370-83711869","chr4:83810971-83811470","chr4:84410968-84411467","chr4:90878680-90879179","chr5:10307889-10308388","chr5:10406720-10407219","chr5:130599541-130600040","chr5:130664622-130665121","chr5:131800095-131800594","chr5:131802083-131802582","chr5:131994769-131995268","chr5:132149646-132150145","chr5:133561513-133562012","chr5:133801387-133801886","chr5:137412715-137413214","chr5:137610111-137610610","chr5:156990820-156991319","chr5:162873572-162874071","chr5:176730526-176731025","chr5:176906084-176906583","chr5:178593923-178594422","chr5:179223018-179223517","chr5:179233703-179234202","chr5:179398069-179398568","chr5:179512115-179512614","chr5:42944080-42944579","chr5:43000449-43000948","chr5:43039475-43039974","chr5:43041419-43041918","chr5:43190851-43191350","chr5:43555938-43556437","chr5:76114509-76115008","chr5:76151707-76152206","chr5:76507105-76507604","chr5:96296710-96297209","chr6:10412244-10412743","chr6:10423457-10423956","chr6:108108391-108108890","chr6:108943711-108944210","chr6:109804191-109804690","chr6:135818665-135819164","chr6:138897354-138897853","chr6:144127980-144128479","chr6:144542582-144543081","chr6:144668067-144668566","chr6:147197503-147198002","chr6:15365471-15365970","chr6:15404085-15404584","chr6:167040673-167041172","chr6:25835112-25835611","chr6:26156310-26156809","chr6:26233850-26234349","chr6:29596287-29596786","chr6:29600679-29601178","chr6:30297110-30297609","chr6:31543095-31543594","chr6:31686122-31686621","chr6:31698145-31698644","chr6:31702382-31702881","chr6:32191595-32192094","chr6:32821506-32822005","chr6:33266852-33267351","chr6:33560826-33561325","chr6:33724679-33725178","chr6:43774968-43775467","chr6:43891923-43892422","chr6:44032152-44032651","chr6:44144028-44144527","chr6:44237954-44238453","chr6:52300190-52300689","chr6:52459826-52460325","chr6:7052015-7052514","chr6:7141121-7141620","chr6:7202221-7202720","chr6:7726781-7727280","chr7:117413646-117414145","chr7:117929425-117929924","chr7:128047894-128048393","chr7:128808978-128809477","chr7:128850250-128850749","chr7:139985452-139985951","chr7:140000511-140001010","chr7:140031840-140032339","chr7:140207680-140208179","chr7:140227024-140227523","chr7:140266142-140266641","chr7:140599495-140599994","chr7:140624315-140624814","chr7:150574137-150574636","chr7:150608105-150608604","chr7:22392449-22392948","chr7:22702284-22702783","chr7:22752533-22753032","chr7:25157170-25157669","chr7:25173894-25174393","chr7:25664865-25665364","chr7:2672871-2673370","chr7:30324839-30325338","chr7:39872774-39873273","chr7:39989387-39989886","chr7:44854506-44855005","chr7:72996304-72996803","chr7:73416919-73417418","chr7:73471897-73472396","chr7:73686113-73686612","chr7:99699314-99699813","chr7:99764636-99765135","chr8:103799311-103799810","chr8:103818493-103818992","chr8:103822833-103823332","chr8:104088472-104088971","chr8:104306158-104306657","chr8:104365085-104365584","chr8:104511857-104512356","chr8:104512727-104513226","chr8:109581742-109582241","chr8:124173278-124173777","chr8:124428716-124429215","chr8:124553197-124553696","chr8:125598001-125598500","chr8:125841981-125842480","chr8:125905868-125906367","chr8:125936198-125936697","chr8:125942306-125942805","chr8:126179116-126179615","chr8:126391116-126391615","chr8:17385387-17385886","chr8:17388382-17388881","chr8:22022000-22022499","chr8:22089605-22090104","chr8:22437583-22438082","chr8:22550566-22551065","chr8:22552585-22553084","chr8:22576033-22576532","chr8:37553020-37553519","chr8:37888695-37889194","chr8:38239541-38240040","chr8:38368306-38368805","chr8:38385931-38386430","chr8:87520725-87521224","chr8:97262218-97262717","chr8:97281575-97282074","chr9:100281127-100281626","chr9:100400842-100401341","chr9:100742040-100742539","chr9:100863538-100864037","chr9:100954673-100955172","chr9:101003655-101004154","chr9:127539188-127539687","chr9:127624011-127624510","chr9:131102676-131103175","chr9:131127129-131127628","chr9:131134140-131134639","chr9:131182494-131182993","chr9:131790333-131790832","chr9:131903667-131904166","chr9:132597893-132598392","chr9:132807254-132807753","chr9:140317553-140318052","chr9:140499857-140500356","chr9:140513195-140513694","chr9:15319585-15320084","chr9:34552393-34552892","chr9:34553355-34553854","chr9:34576397-34576896","chr9:34958001-34958500","chr9:35111435-35111934","chr9:35114890-35115389","chr9:5531398-5531897","chr9:75497223-75497722","chr9:75511765-75512264","chr9:75563058-75563557","chr9:75602757-75603256","chr9:75769663-75770162","chr9:91605529-91606028","chr9:91925864-91926363","chrX:100645750-100646249","chrX:102509097-102509596","chrX:118752366-118752865","chrX:118892327-118892826","chrX:119029551-119030050","chrX:152990074-152990573","chrX:153237009-153237508","chrX:153267718-153268217","chrX:153285182-153285681","chrX:153362963-153363462","chrX:153672224-153672723","chrX:153714760-153715259","chrX:153990782-153991281","chrX:47052711-47053210","chrX:47433437-47433936","chrX:48416606-48417105","chrX:48489740-48490239","chrX:48644713-48645212","chrX:48646760-48647259","chrX:48689572-48690071","chrX:48690089-48690588","chrX:48794220-48794719","chrX:53342496-53342995","chrX:80064938-80065437"],"primaries":[{"motif":{"db":0,"id":"ZN335_HUMAN.H11MO.0.A","len":22,"ltrim":0,"rtrim":0,"nsites":103,"evalue":"1.0e+000","url":"http://hocomoco.autosome.ru/motif/ZN335_HUMAN.H11MO.0.A","pwm":[[0.291217,0.0196467,0.582207,0.106929],[0.0584329,0.0778426,0.756795,0.106929],[0.0778315,0.621005,0.165136,0.136027],[0.0196356,0.213633,0.0196467,0.747085],[0.00993628,0.0390453,0.844089,0.106929],[0.0487336,0.339724,0.0972412,0.514301],[0.00993628,0.911984,0.029346,0.0487336],[0.00993628,0.582207,0.0196467,0.38821],[0.194223,0.184535,0.291228,0.330014],[0.145727,0.349424,0.223332,0.281517],[0.271818,0.213633,0.349424,0.165125],[0.106929,0.271829,0.494913,0.126328],[0.233021,0.54341,0.0584439,0.165125],[0.184524,0.0778426,0.475515,0.262119],[0.271818,0.446417,0.155437,0.126328],[0.0293349,0.136039,0.000248012,0.834379],[0.0196356,0.0390453,0.814991,0.126328],[0.0196356,0.873187,0.00994733,0.0972302],[0.0390342,0.921684,0.000248012,0.0390342],[0.0390342,0.0487446,0.0487446,0.863477],[0.0972302,0.106941,0.698599,0.0972302],[0.475504,0.155437,0.0390453,0.330014]]},"secondaries":[[{"idx":13,"counts":[[6,7,5,1,7,5,2,5,0,8,8,10,7,5,6,7,6,5,5,5,9,4,8,7,6,6,5,2,4,4,4,4,7,4,3,3,5,6,4,4,9,7,6,5,6,5,6,0,4,3,6,6,8,5,8,6,7,4,9,6,9,9,3,9,2,5,7,8,6,8,7,5,4,12,7,3,6,3,6,8,4,8,5,7,8,7,5,10,7,6,2,8,7,5,6,8,5,6,7,6,5,11,8,10,4,4,5,7,4,5,3,6,8,10,9,4,5,7,3,5,6,8,3,8,7,2,5,4,6,3,0],[2,4,3,1,3,4,6,7,1,6,8,3,5,5,23,5,6,3,5,5,4,6,2,8,9,4,3,3,2,7,8,8,3,4,6,7,7,4,6,5,5,4,5,5,5,2,7,3,4,2,6,6,7,8,2,5,4,7,4,11,10,6,6,9,4,2,7,4,0,9,7,6,8,5,6,5,5,4,7,5,6,7,5,4,10,10,4,3,6,6,2,12,12,5,6,4,4,4,6,5,9,6,6,7,13,9,3,6,10,6,9,12,7,9,3,4,8,6,8,6,7,7,11,8,5,4,8,4,9,7,0],[11,14,7,9,19,15,7,14,7,9,11,5,7,14,11,8,10,9,13,14,11,10,11,11,7,12,17,10,8,11,9,11,13,11,9,10,8,7,6,2,6,11,8,5,12,12,12,7,11,5,9,8,3,11,12,8,8,6,9,7,6,5,6,6,10,9,7,7,9,10,2,13,10,11,9,3,9,1,8,5,8,7,6,12,6,5,5,12,8,7,11,8,8,8,8,6,4,7,4,8,6,4,4,5,10,9,4,8,5,3,5,8,8,7,8,9,6,5,6,7,7,8,5,10,7,7,6,6,11,11,0],[8,4,19,9,7,9,7,11,7,11,7,8,10,11,8,11,4,7,6,5,9,6,12,8,7,6,10,9,11,5,5,14,8,6,8,7,6,5,6,6,9,7,3,8,8,7,10,9,9,5,5,7,7,6,7,7,13,7,12,10,5,7,11,7,9,4,4,8,13,8,3,8,1,8,8,7,11,7,8,5,8,11,7,12,5,7,4,10,6,2,6,9,6,5,4,6,13,5,10,5,8,9,7,11,10,6,5,5,12,7,3,4,5,6,9,4,6,5,6,6,9,5,7,5,4,6,7,6,6,8,0]],"spacings":[{"orient":1,"bin":14,"pvalue":8.89936e-07,"inferred_pwm":[[0.304348,0.0869565,0.608696,0],[0.217391,0.0869565,0.652174,0.0434783],[0.0434783,0,0.956522,0],[0.869565,0,0.0869565,0.0434783],[0.0434783,0,0.956522,0],[0.0434783,0,0.913043,0.0434783],[0.0869565,0.826087,0.0434783,0.0434783],[0.173913,0.26087,0.0434783,0.521739],[0.217391,0,0.782609,0],[0.73913,0.0869565,0.0869565,0.0869565],[0.130435,0.0434783,0.782609,0.0434783],[0.0434783,0.0869565,0.782609,0.0869565],[0.130435,0.434783,0.0869565,0.347826],[0.478261,0.0434783,0.478261,0],[0.173913,0,0.782609,0.0434783],[0.130435,0.130435,0.73913,0],[0.478261,0.304348,0.130435,0.0869565],[0.0869565,0,0.913043,0],[0.217391,0.0869565,0.695652,0],[0.826087,0,0.130435,0.0434783],[0,0,0.217391,0.782609]],"alignment_pwm":[null,[[0.26087,0.347826,0.347826,0.0434783],[0.521739,0.304348,0,0.173913],[0.434783,0.217391,0.173913,0.173913],[0.347826,0.217391,0.26087,0.173913],[0.391304,0.173913,0.217391,0.217391],[0.173913,0.130435,0.347826,0.347826],[0.347826,0.0869565,0.478261,0.0869565],[0.0869565,0.173913,0.391304,0.347826],[0.217391,0.173913,0.391304,0.217391],[0.391304,0.173913,0.217391,0.217391],[0.434783,0.173913,0.173913,0.217391],[0.391304,0.217391,0.173913,0.217391],[0.434783,0.347826,0.0869565,0.130435],[0.173913,0.304348,0.304348,0.217391],[0.304348,0.347826,0.217391,0.130435],[0.304348,0.173913,0.217391,0.304348],[0.304348,0.26087,0.26087,0.173913],[0.347826,0.130435,0.217391,0.304348],[0.304348,0.304348,0.130435,0.26087],[0.217391,0.26087,0.173913,0.347826],[0.173913,0.347826,0.217391,0.26087],[0.26087,0.304348,0.173913,0.26087],[0.173913,0.217391,0.173913,0.434783],[0.173913,0.434783,0.173913,0.217391],[0.173913,0.304348,0.130435,0.391304],[0.434783,0.130435,0.130435,0.304348],[0.391304,0.217391,0.0869565,0.304348],[0.545455,0.181818,0.181818,0.0909091],[0.681818