<!DOCTYPE HTML>
<html>
  <head>
    <meta charset="UTF-8">
    <title>SpaMo - Spaced Motif Analysis</title>
    <script type="text/javascript">
      //@JSON_VAR data
      var data = {"program":"SpaMo","version":"4.11.3","revision":"c13e15f35e38483381a6e8a363f9137e303c0765","release":"Sat Mar 11 20:16:08 2017 -0800","host":"uger-c011.broadinstitute.org","when":"Sun Feb 28 18:01:52 2021","cmd":["spamo","-verbosity","1","-oc","/broad/sankaranlab/fyu/HemeMap/02262021-downMast_re-analysis/motif_denovo/all_mast0035_interactions_10x_hocomoco_meme-chip/spamo_out_28","-bgfile","/broad/sankaranlab/fyu/HemeMap/02262021-downMast_re-analysis/motif_denovo/all_mast0035_interactions_10x_hocomoco_meme-chip/background","-primary","NFIA_HUMAN.H11MO.0.C","/broad/sankaranlab/fyu/HemeMap/02262021-downMast_re-analysis/motif_denovo/all_mast0035_interactions_10x_hocomoco_meme-chip/20210227-deg_interactions_peaks_all_mast0035_fa_1based.fa","/broad/sankaranlab/fyu/motif_data/HOCOMOCOv11_core_HUMAN_mono_meme_format.meme","/broad/sankaranlab/fyu/HemeMap/02262021-downMast_re-analysis/motif_denovo/all_mast0035_interactions_10x_hocomoco_meme-chip/meme_out/meme.xml","/broad/sankaranlab/fyu/HemeMap/02262021-downMast_re-analysis/motif_denovo/all_mast0035_interactions_10x_hocomoco_meme-chip/dreme_out/dreme.xml","/broad/sankaranlab/fyu/motif_data/HOCOMOCOv11_core_HUMAN_mono_meme_format.meme"],"options":{"seq_min_hit_score":7,"margin":150,"bin_size":1,"bin_pvalue_calc_range":150,"use_best_secondary":0,"seq_max_shared_fract":0.5,"seq_odds_ratio":20,"bin_pvalue_cutoff":0.05,"motif_evalue_cutoff":10,"redundant_overlap":2,"redundant_joint":0.5,"motif_pseudocount":0.1,"bgfile":"/broad/sankaranlab/fyu/HemeMap/02262021-downMast_re-analysis/motif_denovo/all_mast0035_interactions_10x_hocomoco_meme-chip/background","motif_trim":0.25,"xalph":0,"seed":1,"bin_max":39},"alphabet":{"name":"DNA","like":"dna","ncore":4,"symbols":[{"symbol":"A","name":"Adenine","colour":"CC0000","complement":"T"},{"symbol":"C","name":"Cytosine","colour":"0000CC","complement":"G"},{"symbol":"G","name":"Guanine","colour":"FFB300","complement":"C"},{"symbol":"T","aliases":"U","name":"Thymine","colour":"008000","complement":"A"},{"symbol":"N","aliases":"X.","name":"Any base","equals":"ACGT"},{"symbol":"V","name":"Not T","equals":"ACG"},{"symbol":"H","name":"Not G","equals":"ACT"},{"symbol":"D","name":"Not C","equals":"AGT"},{"symbol":"B","name":"Not A","equals":"CGT"},{"symbol":"M","name":"Amino","equals":"AC"},{"symbol":"R","name":"Purine","equals":"AG"},{"symbol":"W","name":"Weak","equals":"AT"},{"symbol":"S","name":"Strong","equals":"CG"},{"symbol":"Y","name":"Pyrimidine","equals":"CT"},{"symbol":"K","name":"Keto","equals":"GT"}]},"background":[0.2443,0.2557,0.2557,0.2443],"sequence_dbs":[{"source":"/broad/sankaranlab/fyu/HemeMap/02262021-downMast_re-analysis/motif_denovo/all_mast0035_interactions_10x_hocomoco_meme-chip/20210227-deg_interactions_peaks_all_mast0035_fa_1based.fa","name":"20210227-deg_interactions_peaks_all_mast0035_fa_1based","last_modified":"Sun Feb 28 14:32:25 2021","loaded":13184,"excluded_too_short":0,"excluded_no_match":8425,"excluded_ambigs":0,"excluded_similar":39,"erased_primary_matches":2694}],"primary_dbs":[{"source":"/broad/sankaranlab/fyu/motif_data/HOCOMOCOv11_core_HUMAN_mono_meme_format.meme","name":"HOCOMOCOv11_core_HUMAN_mono_meme_format","last_modified":"Sat Jun 23 07:43:00 2018","loaded":400,"excluded":399}],"secondary_dbs":[{"source":"/broad/sankaranlab/fyu/HemeMap/02262021-downMast_re-analysis/motif_denovo/all_mast0035_interactions_10x_hocomoco_meme-chip/meme_out/meme.xml","name":"meme.xml","last_modified":"Sun Feb 28 15:22:49 2021","loaded":10,"excluded":0},{"source":"/broad/sankaranlab/fyu/HemeMap/02262021-downMast_re-analysis/motif_denovo/all_mast0035_interactions_10x_hocomoco_meme-chip/dreme_out/dreme.xml","name":"dreme.xml","last_modified":"Sun Feb 28 15:41:49 2021","loaded":10,"excluded":0},{"source":"/broad/sankaranlab/fyu/motif_data/HOCOMOCOv11_core_HUMAN_mono_meme_format.meme","name":"HOCOMOCOv11_core_HUMAN_mono_meme_format","last_modified":"Sat Jun 23 07:43:00 2018","loaded":401,"excluded":1}],"secondary_motifs":[{"db":0,"id":"4","alt":"MEME","len":29,"ltrim":0,"rtrim":0,"nsites":7,"evalue":"2.6e-013","pwm":[[0.00344085,0.00360141,0.848672,0.144286],[0.00344085,0.00360141,0.989517,0.00344085],[0.00344085,0.848672,0.144446,0.00344085],[0.566822,0.00360141,0.426136,0.00344085],[0.00344085,0.707827,0.00360141,0.285131],[0.425976,0.00360141,0.566982,0.00344085],[0.00344085,0.00360141,0.989517,0.00344085],[0.00344085,0.00360141,0.00360141,0.989356],[0.00344085,0.00360141,0.848672,0.144286],[0.144286,0.00360141,0.848672,0.00344085],[0.00344085,0.989517,0.00360141,0.00344085],[0.425976,0.00360141,0.00360141,0.566822],[0.00344085,0.566982,0.00360141,0.425976],[0.707666,0.00360141,0.285291,0.00344085],[0.00344085,0.707827,0.00360141,0.285131],[0.285131,0.00360141,0.707827,0.00344085],[0.00344085,0.989517,0.00360141,0.00344085],[0.00344085,0.989517,0.00360141,0.00344085],[0.00344085,0.144446,0.00360141,0.848511],[0.285131,0.00360141,0.707827,0.00344085],[0.00344085,0.00360141,0.00360141,0.989356],[0.989356,0.00360141,0.00360141,0.00344085],[0.848511,0.00360141,0.144446,0.00344085],[0.00344085,0.00360141,0.00360141,0.989356],[0.144286,0.707827,0.00360141,0.144286],[0.00344085,0.848672,0.00360141,0.144286],[0.00344085,0.989517,0.00360141,0.00344085],[0.989356,0.00360141,0.00360141,0.00344085],[0.144286,0.00360141,0.848672,0.00344085]]},{"db":0,"id":"5","alt":"MEME","len":21,"ltrim":0,"rtrim":0,"nsites":55,"evalue":"4.2e-012","pwm":[[0.308973,0.290845,0.0367621,0.363419],[0.399717,0.000464065,0.000464065,0.599354],[0.381568,0.236399,0.381589,0.000443376],[0.254526,0.236399,0.0549101,0.454163],[0.0548894,0.0730591,0.163803,0.708247],[0.617503,0.000464065,0.21825,0.163782],[0.526759,0.0367621,0.0549101,0.381568],[0.871586,0.000464065,0.0367621,0.0911874],[0.835289,0.145655,0.0186131,0.000443376],[0.871586,0.000464065,0.0549101,0.0730384],[0.472312,0.0730591,0.0186131,0.436015],[0.490461,0.163803,0.21825,0.127485],[0.563056,0.181952,0.0730591,0.181931],[0.926033,0.000464065,0.000464065,0.0730384],[0.690098,0.163803,0.145655,0.000443376],[0.635652,0.000464065,0.0912081,0.272675],[0.436015,0.200101,0.127506,0.236378],[0.671949,0.0730591,0.127506,0.127485],[0.635652,0.0549101,0.000464065,0.308973],[0.581205,0.290845,0.000464065,0.127485],[0.744545,0.0186131,0.000464065,0.236378]]},{"db":0,"id":"8","alt":"MEME","len":11,"ltrim":0,"rtrim":0,"nsites":70,"evalue":"8.2e-001","pwm":[[0.157267,0.000364765,0.842019,0.000348502],[0.143002,0.000364765,0.699366,0.157267],[0.0146141,0.328467,0.65657,0.000348502],[0.685084,0.000364765,0.0859565,0.228593],[0.285655,0.000364765,0.713632,0.000348502],[0.000348502,0.000364765,0.998938,0.000348502],[0.0431444,0.242875,0.713632,0.000348502],[0.371248,0.000364765,0.000364765,0.628023],[0.000348502,0.000364765,0.998938,0.000348502],[0.328451,0.000364765,0.670836,0.000348502],[0.157267,0.028895,0.813489,0.000348502]]},{"db":0,"id":"9","alt":"MEME","len":29,"ltrim":0,"rtrim":0,"nsites":6,"evalue":"1.5e+002","pwm":[[0.987611,0.0041918,0.0041918,0.00400492],[0.495808,0.0041918,0.495995,0.00400492],[0.987611,0.0041918,0.0041918,0.00400492],[0.00400492,0.65993,0.0041918,0.331873],[0.331873,0.0041918,0.495995,0.16794],[0.00400492,0.0041918,0.987798,0.00400492],[0.331873,0.168127,0.495995,0.00400492],[0.00400492,0.0041918,0.65993,0.331873],[0.00400492,0.0041918,0.0041918,0.987611],[0.00400492,0.0041918,0.0041918,0.987611],[0.00400492,0.0041918,0.0041918,0.987611],[0.00400492,0.495995,0.0041918,0.495808],[0.659743,0.168127,0.168127,0.00400492],[0.00400492,0.823864,0.0041918,0.16794],[0.00400492,0.987798,0.0041918,0.00400492],[0.987611,0.0041918,0.0041918,0.00400492],[0.00400492,0.33206,0.0041918,0.659743],[0.00400492,0.168127,0.823864,0.00400492],[0.00400492,0.0041918,0.168127,0.823677],[0.00400492,0.33206,0.0041918,0.659743],[0.331873,0.168127,0.33206,0.16794],[0.16794,0.33206,0.495995,0.00400492],[0.00400492,0.823864,0.0041918,0.16794],[0.00400492,0.33206,0.0041918,0.659743],[0.987611,0.0041918,0.0041918,0.00400492],[0.331873,0.168127,0.33206,0.16794],[0.00400492,0.0041918,0.987798,0.00400492],[0.16794,0.65993,0.0041918,0.16794],[0.331873,0.0041918,0.0041918,0.659743]]},{"db":1,"id":"AGRKGGCG","alt":"DREME","len":8,"ltrim":0,"rtrim":0,"nsites":424,"evalue":"1.2e-023","pwm":[[0.999822,6.02924e-05,6.02924e-05,5.76043e-05],[5.76043e-05,6.02924e-05,0.999824,5.76043e-05],[0.448065,6.02924e-05,0.551817,5.76043e-05],[5.76043e-05,6.02924e-05,0.598976,0.400906],[5.76043e-05,6.02924e-05,0.999824,5.76043e-05],[5.76043e-05,6.02924e-05,0.999824,5.76043e-05],[5.76043e-05,0.999824,6.02924e-05,5.76043e-05],[5.76043e-05,6.02924e-05,0.999824,5.76043e-05]]},{"db":1,"id":"CHGCCTS","alt":"DREME","len":7,"ltrim":0,"rtrim":0,"nsites":3158,"evalue":"4.0e-030","pwm":[[7.73566e-06,0.999976,8.09664e-06,7.73566e-06],[0.396132,0.246992,8.09664e-06,0.356867],[7.73566e-06,8.09664e-06,0.999976,7.73566e-06],[7.73566e-06,0.999976,8.09664e-06,7.73566e-06],[7.73566e-06,0.999976,8.09664e-06,7.73566e-06],[7.73566e-06,8.09664e-06,8.09664e-06,0.999976],[7.73566e-06,0.509492,0.490493,7.73566e-06]]},{"db":2,"id":"AP2C_HUMAN.H11MO.0.A","len":14,"ltrim":2,"rtrim":2,"nsites":500,"evalue":"1.0e+000","url":"http://hocomoco.autosome.ru/motif/AP2C_HUMAN.H11MO.0.A","pwm":[[0.387199,0.201041,0.269564,0.142196],[0.196085,0.123625,0.166418,0.513872],[0.184608,0.0998033,0.518377,0.197211],[0.00958174,0.506989,0.471849,0.0115796],[0.0038517,0.988137,0.00796264,4.88502e-05],[0.00191671,0.951684,0.0023955,0.0440043],[0.0500541,0.131891,0.0254232,0.792632],[0.035406,5.11298e-05,0.917077,0.0474664],[0.554975,0.0254447,0.415805,0.00377476],[0.0734748,5.11298e-05,0.924455,0.00201926],[4.88502e-05,5.11298e-05,0.997968,0.00193195],[0.0289746,0.618175,0.341,0.0118505],[0.313912,0.35152,0.097184,0.237384],[0.428239,0.170537,0.241671,0.159553]]},{"db":2,"id":"BACH1_HUMAN.H11MO.0.A","len":13,"ltrim":0,"rtrim":2,"nsites":500,"evalue":"1.0e+000","url":"http://hocomoco.autosome.ru/motif/BACH1_HUMAN.H11MO.0.A","pwm":[[0.0628503,0.168183,0.0975458,0.671421],[0.00920552,0.0664261,0.922337,0.00203091],[0.0209133,0.967527,0.00397558,0.00758441],[0.0362171,0.0795843,0.0801402,0.804058],[0.0038971,0.0613576,0.890889,0.0438567],[0.802819,0.0206201,0.124524,0.0520367],[0.0133104,0.214867,0.763224,0.00859922],[0.00624843,0.0361805,0.145879,0.811692],[0.01624,0.943693,0.0343178,0.00574879],[0.78628,0.0958387,0.0824544,0.0354265],[0.00982617,0.334263,0.256607,0.399304],[0.151627,0.265557,0.394693,0.188123],[0.105264,0.378565,0.372602,0.143569]]},{"db":2,"id":"BACH2_HUMAN.H11MO.0.A","len":11,"ltrim":0,"rtrim":1,"nsites":500,"evalue":"1.0e+000","url":"http://hocomoco.autosome.ru/motif/BACH2_HUMAN.H11MO.0.A","pwm":[[0.122024,0.0960319,0.0680375,0.713906],[0.0140461,0.0780355,0.893872,0.0140461],[0.0440401,0.923866,0.0120487,0.0200449],[0.0780333,0.0380435,0.00804953,0.875874],[0.0580373,0.0600391,0.793892,0.0880313],[0.757897,0.0380435,0.0560399,0.148019],[0.0440401,0.224006,0.669917,0.0620365],[0.0100469,0.0160479,0.00804953,0.965856],[0.0600369,0.919867,0.0160479,0.00404805],[0.963856,0.0120487,0.00804953,0.0160457],[0.0560377,0.319987,0.212009,0.411966]]},{"db":2,"id":"BATF_HUMAN.H11MO.0.A","len":18,"ltrim":1,"rtrim":1,"nsites":500,"evalue":"1.0e+000","url":"http://hocomoco.autosome.ru/motif/BATF_HUMAN.H11MO.0.A","pwm":[[0.451958,0.0780355,0.263998,0.206008],[0.0480393,0.399971,0.345982,0.206008],[0.0120465,0.0180475,0.0440423,0.925864],[0.134022,0.327986,0.0240463,0.513946],[0.0860317,0.238004,0.0520407,0.623924],[0.14202,0.545942,0.0460419,0.265996],[0.379973,0.0860339,0.395972,0.138021],[0.369975,0.114028,0.230005,0.285992],[0.337981,0.0180475,0.0840343,0.559937],[0.577933,0.15802,0.0220467,0.242],[0.00204845,0.00205073,5.11298e-05,0.99585],[0.00404805,0.0560399,0.849881,0.0900309],[0.977853,0.00804953,0.0120487,0.00204845],[0.104028,0.55794,0.315988,0.0220445],[0.0720345,0.0300451,0.0200471,0.877873],[0.212006,0.50795,0.212009,0.0680353],[0.611926,0.0840343,0.110029,0.19401],[0.14202,0.186014,0.30599,0.365976]]},{"db":2,"id":"BHA15_HUMAN.H11MO.0.B","len":11,"ltrim":0,"rtrim":0,"nsites":500,"evalue":"1.0e+000","url":"http://hocomoco.autosome.ru/motif/BHA15_HUMAN.H11MO.0.B","pwm":[[0.172014,0.285994,0.471957,0.0700349],[0.152018,0.449961,0.295992,0.102028],[0.687911,0.0680375,0.200011,0.0440401],[0.279993,0.10803,0.609929,0.00204845],[0.0560377,0.921867,0.0160479,0.00604765],[0.983852,0.00405033,0.0100491,0.00204845],[0.00604765,0.00405033,0.963858,0.0260437],[0.0540381,0.877876,0.0640383,0.00404805],[0.0260437,0.0120487,0.00405033,0.957857],[0.00404805,0.00405033,0.981855,0.0100469],[0.00204845,0.148022,0.633924,0.216006]]},{"db":2,"id":"DLX3_HUMAN.H11MO.0.C","len":10,"ltrim":0,"rtrim":1,"nsites":34,"evalue":"1.0e+000","url":"http://hocomoco.autosome.ru/motif/DLX3_HUMAN.H11MO.0.C","pwm":[[0.17329,0.128569,0.659114,0.0390271],[0.412006,0.403826,0.183451,0.000716422],[0.000716422,0.023127,0.000749853,0.975407],[0.975407,0.000749853,0.023127,0.000716422],[0.997784,0.000749853,0.000749853,0.000716422],[0.000716422,0.000749853,0.000749853,0.997784],[0.000716422,0.000749853,0.0455041,0.95303],[0.541452,0.000749853,0.363888,0.0939095],[0.161041,0.515711,0.277777,0.0454707],[0.4455,0.154631,0.102795,0.297074]]},{"db":2,"id":"ELF2_HUMAN.H11MO.0.C","len":13,"ltrim":3,"rtrim":0,"nsites":500,"evalue":"1.0e+000","url":"http://hocomoco.autosome.ru/motif/ELF2_HUMAN.H11MO.0.C","pwm":[[0.39197,0.152021,0.317988,0.138021],[0.489951,0.102031,0.218008,0.190011],[0.311986,0.317988,0.297992,0.0720345],[0.0720345,0.615928,0.291993,0.0200449],[0.232002,0.739903,0.0140483,0.0140461],[0.00804725,5.11298e-05,0.985854,0.00604765],[0.0120465,0.00804953,0.977856,0.00204845],[0.973854,0.0100491,0.00804953,0.00804725],[0.979853,0.00205073,0.00804953,0.0100469],[0.0860317,0.0140483,0.889873,0.0100469],[0.130023,0.20801,0.10403,0.557937],[0.19601,0.142023,0.551941,0.110027],[0.313986,0.192013,0.433964,0.0600369]]},{"db":2,"id":"ELK4_HUMAN.H11MO.0.A","len":12,"ltrim":2,"rtrim":1,"nsites":500,"evalue":"1.0e+000","url":"http://hocomoco.autosome.ru/motif/ELK4_HUMAN.H11MO.0.A","pwm":[[0.202008,0.259999,0.437964,0.100029],[0.367975,0.202011,0.35798,0.0720345],[0.0580373,0.823886,0.10803,0.0100469],[0.0480393,0.897872,5.11298e-05,0.0540381],[0.00204845,5.11298e-05,0.993852,0.00404805],[4.88502e-05,5.11298e-05,0.997852,0.00204845],[0.99585,5.11298e-05,5.11298e-05,0.00404805],[0.965856,5.11298e-05,5.11298e-05,0.0340421],[0.19401,0.0360439,0.727906,0.0420405],[0.0520385,0.259999,0.0480415,0.639921],[0.186012,0.10603,0.60593,0.102028],[0.238001,0.244002,0.439963,0.0780333]]},{"db":2,"id":"FOSB_HUMAN.H11MO.0.A","len":9,"ltrim":1,"rtrim":1,"nsites":500,"evalue":"1.0e+000","url":"http://hocomoco.autosome.ru/motif/FOSB_HUMAN.H11MO.0.A","pwm":[[0.413966,0.20601,0.291993,0.0880313],[0.0100469,0.0120487,0.00205073,0.975854],[0.0120465,0.0140483,0.917868,0.0560377],[0.89587,0.0120487,0.0180475,0.0740341],[0.204008,5.11298e-05,0.795892,4.88502e-05],[0.0180453,0.0300451,0.10603,0.84588],[0.0540381,0.90387,0.0280455,0.0140461],[0.965856,0.0100491,0.00604993,0.0180453],[0.0720345,0.329985,0.230005,0.367975]]},{"db":2,"id":"FOS_HUMAN.H11MO.0.A","len":9,"ltrim":1,"rtrim":0,"nsites":500,"evalue":"1.0e+000","url":"http://hocomoco.autosome.ru/motif/FOS_HUMAN.H11MO.0.A","pwm":[[0.34598,0.216008,0.359979,0.0780333],[0.0100469,0.0180475,0.0100491,0.961856],[0.0160457,0.0340443,0.859879,0.0900309],[0.935862,0.00804953,0.0280455,0.0280433],[0.116026,5.11298e-05,0.883874,4.88502e-05],[0.0220445,0.0260459,0.0240463,0.927863],[0.0420405,0.933864,0.0240463,4.88502e-05],[0.959857,0.0160479,0.0120487,0.0120465],[0.0280433,0.417968,0.263998,0.289991]]},{"db":2,"id":"IRF7_HUMAN.H11MO.0.C","len":10,"ltrim":0,"rtrim":0,"nsites":40,"evalue":"1.0e+000","url":"http://hocomoco.autosome.ru/motif/IRF7_HUMAN.H11MO.0.C","pwm":[[0.215173,0.0645804,0.658537,0.06171],[0.895807,0.102946,0.000637656,0.000609227],[0.998115,0.000637656,0.000637656,0.000609227],[0.895807,0.0262147,0.000637656,0.0773405],[0.102918,0.353033,0.415555,0.128495],[0.0233444,0.401345,0.1541,0.42121],[0.245012,0.0489499,0.679851,0.0261863],[0.921384,0.000637656,0.0262147,0.0517634],[0.793499,0.205254,0.000637656,0.000609227],[0.668455,0.000637656,0.0773689,0.253538]]},{"db":2,"id":"KLF3_HUMAN.H11MO.0.B","len":19,"ltrim":3,"rtrim":1,"nsites":498,"evalue":"1.0e+000","url":"http://hocomoco.autosome.ru/motif/KLF3_HUMAN.H11MO.0.B","pwm":[[0.212858,0.188768,0.471844,0.12653],[0.226911,0.222898,0.461806,0.0883847],[0.259033,0.204829,0.423661,0.112476],[0.24498,0.186761,0.495936,0.0723237],[0.327293,0.24699,0.315249,0.110469],[0.345361,0.0442192,0.359417,0.251003],[0.0341787,5.13351e-05,0.965721,4.90464e-05],[0.00607193,5.13351e-05,0.99182,0.00205668],[0.0040643,0.00808185,0.985797,0.00205668],[0.0863771,0.642493,5.13351e-05,0.271079],[0.00807956,0.00607422,0.981782,0.0040643],[0.0040643,0.0261505,0.724805,0.24498],[0.184751,0.01812,0.75492,0.0422093],[0.0763389,0.0100895,0.843256,0.0703161],[0.0843695,0.618401,0.148616,0.148614],[0.182743,0.381501,0.162669,0.273087],[0.130545,0.204829,0.495936,0.16869],[0.0924,0.242974,0.530065,0.13456],[0.160659,0.218883,0.481882,0.138575]]},{"db":2,"id":"MAFF_HUMAN.H11MO.0.B","len":18,"ltrim":0,"rtrim":0,"nsites":473,"evalue":"1.0e+000","url":"http://hocomoco.autosome.ru/motif/MAFF_HUMAN.H11MO.0.B","pwm":[[0.057122,0.0698067,0.0824891,0.790582],[0.0211888,0.0951714,0.76522,0.11842],[0.0550083,0.883588,0.0296461,0.0317574],[0.0846004,0.0613519,0.0063952,0.847653],[0.02753,0.112081,0.744083,0.116306],[0.771559,0.0507833,0.0444421,0.133216],[0.0592357,0.410115,0.433366,0.0972827],[0.0846004,0.0888302,0.0592382,0.767331],[0.0909415,0.661648,0.0423284,0.205082],[0.672214,0.0571244,0.12265,0.148012],[0.0655769,0.0930576,0.625715,0.215651],[0.0402123,0.780016,0.112081,0.0676906],[0.589779,0.109967,0.120536,0.179718],[0.177604,0.234677,0.224108,0.363611],[0.234674,0.137446,0.12265,0.50523],[0.164922,0.177606,0.0465558,0.610916],[0.0993964,0.2537,0.0782616,0.568642],[0.131102,0.205085,0.133218,0.530595]]},{"db":2,"id":"MTF1_HUMAN.H11MO.0.C","len":17,"ltrim":0,"rtrim":2,"nsites":35,"evalue":"1.0e+000","url":"http://hocomoco.autosome.ru/motif/MTF1_HUMAN.H11MO.0.C","pwm":[[0.439689,0.343842,0.11099,0.105479],[0.134928,0.0664747,0.797901,0.000696011],[0.0938365,0.0281227,0.378769,0.499272],[0.214371,0.170573,0.595184,0.019872],[0.217111,0.540395,0.0445593,0.197935],[0.0856182,0.844472,0.0253833,0.0445268],[0.000696011,0.00072849,0.997879,0.000696011],[0.0965759,0.0253833,0.129482,0.748559],[0.000696011,0.0281227,0.970485,0.000696011],[0.000696011,0.32672,0.00072849,0.671855],[0.000696011,0.00072849,0.997879,0.000696011],[0.000696011,0.973225,0.00072849,0.0253508],[0.997847,0.00072849,0.00072849,0.000696011],[0.532145,0.124003,0.178791,0.165062],[0.630764,0.271932,0.0527776,0.0445268],[0.40887,0.104827,0.293847,0.192456],[0.119861,0.434927,0.311653,0.133558]]},{"db":2,"id":"NKX21_HUMAN.H11MO.0.A","len":10,"ltrim":1,"rtrim":1,"nsites":500,"evalue":"1.0e+000","url":"http://hocomoco.autosome.ru/motif/NKX21_HUMAN.H11MO.0.A","pwm":[[0.0660357,0.421967,0.226006,0.285992],[0.132022,0.0920327,0.0240463,0.751898],[0.0760337,0.0220467,0.333984,0.567935],[0.0340421,0.00604993,0.95786,0.00204845],[0.99585,0.00205073,5.11298e-05,0.00204845],[0.0100469,0.00804953,0.981855,4.88502e-05],[0.281992,0.00205073,0.10403,0.611926],[0.108027,0.00205073,0.877876,0.0120465],[0.0320425,0.325986,0.443962,0.198009],[0.158017,0.347982,0.15602,0.337981]]},{"db":2,"id":"PAX5_HUMAN.H11MO.0.A","len":21,"ltrim":0,"rtrim":0,"nsites":202,"evalue":"1.0e+000","url":"http://hocomoco.autosome.ru/motif/PAX5_HUMAN.H11MO.0.A","pwm":[[0.133718,0.282165,0.504827,0.0792896],[0.12877,0.499879,0.188152,0.183199],[0.148562,0.415762,0.331646,0.10403],[0.202991,0.054555,0.257425,0.485029],[0.198043,0.0446589,0.752229,0.00506893],[0.158458,0.138672,0.539463,0.163406],[0.0248611,0.11888,0.62358,0.232679],[0.0347572,0.875931,0.0595031,0.0298092],[0.781912,0.0347628,0.163412,0.0199131],[0.386068,0.113932,0.465243,0.0347572],[0.0347572,0.732437,0.128776,0.10403],[0.410809,0.267321,0.277217,0.0446533],[0.311848,0.0199187,0.618632,0.0496013],[0.682951,0.0397109,0.163412,0.113926],[0.0347572,0.163412,0.772022,0.0298092],[0.010017,0.781918,0.0446589,0.163406],[0.217835,0.0347628,0.717593,0.0298092],[0.321744,0.0298148,0.158464,0.489977],[0.173302,0.0298148,0.791814,0.00506893],[0.8116,0.0347628,0.104035,0.0496013],[0.118874,0.80171,0.0298148,0.0496013]]},{"db":2,"id":"PAX6_HUMAN.H11MO.0.C","len":12,"ltrim":0,"rtrim":0,"nsites":500,"evalue":"1.0e+000","url":"http://hocomoco.autosome.ru/motif/PAX6_HUMAN.H11MO.0.C","pwm":[[0.124024,0.0320447,0.0740363,0.769895],[0.0220445,0.341983,0.0380435,0.597929],[0.415966,0.467958,0.0500411,0.0660357],[0.0440401,0.565938,0.0400431,0.349979],[0.285992,0.0700371,0.60593,0.0380413],[0.0100469,0.80389,0.166018,0.0200449],[0.257997,0.136024,0.0180475,0.587931],[0.0280433,0.0760359,0.0180475,0.877873],[0.0140461,0.40797,0.567938,0.0100469],[0.709907,0.0160479,0.236004,0.0380413],[0.14602,0.35798,0.287994,0.208007],[0.0660357,0.0940323,0.0320447,0.807887]]},{"db":2,"id":"PRRX2_HUMAN.H11MO.0.C","len":7,"ltrim":1,"rtrim":0,"nsites":59,"evalue":"1.0e+000","url":"http://hocomoco.autosome.ru/motif/PRRX2_HUMAN.H11MO.0.C","pwm":[[0.173848,0.309231,0.0723447,0.444576],[0.000413367,0.000432656,0.000432656,0.998721],[0.998721,0.000432656,0.000432656,0.000413367],[0.981801,0.000432656,0.0173531,0.000413367],[0.0173338,0.0173531,0.000432656,0.96488],[0.000413367,0.0511941,0.0511941,0.897198],[0.457266,0.0173531,0.491126,0.0342543]]},{"db":2,"id":"RUNX2_HUMAN.H11MO.0.A","len":14,"ltrim":1,"rtrim":2,"nsites":500,"evalue":"1.0e+000","url":"http://hocomoco.autosome.ru/motif/RUNX2_HUMAN.H11MO.0.A","pwm":[[0.172014,0.0760359,0.315988,0.435962],[0.0920305,0.130025,0.521947,0.255998],[0.114026,0.130025,0.291993,0.463956],[0.122024,0.397972,0.176016,0.303988],[0.0680353,0.0100491,0.0160479,0.905868],[0.00804725,0.0160479,0.923866,0.0520385],[0.0340421,0.0280455,0.0260459,0.911866],[0.00204845,5.11298e-05,0.997852,4.88502e-05],[0.00204845,0.00405033,0.973856,0.0200449],[0.0180453,0.146022,0.112029,0.723904],[0.0320425,0.138024,0.160019,0.669915],[0.176014,0.0260459,0.192013,0.605928],[0.114026,0.110029,0.387974,0.387971],[0.0980293,0.130025,0.379975,0.39197]]},{"db":2,"id":"SMAD3_HUMAN.H11MO.0.B","len":12,"ltrim":2,"rtrim":0,"nsites":500,"evalue":"1.0e+000","url":"http://hocomoco.autosome.ru/motif/SMAD3_HUMAN.H11MO.0.B","pwm":[[0.164016,0.363978,0.313988,0.158017],[0.110027,0.271997,0.168018,0.449959],[0.0640361,0.695912,0.0600391,0.180013],[0.216006,0.00405033,0.0140483,0.765896],[0.0700349,0.293992,0.55394,0.0820325],[0.212006,0.311989,0.10603,0.369975],[0.0380413,0.869877,0.00804953,0.0840321],[0.465956,0.118028,0.0220467,0.39397],[0.00804725,0.565938,0.331985,0.0940301],[0.0320425,0.911869,0.0140483,0.0420405],[0.351978,0.0560399,0.00405033,0.587931],[0.0720345,0.271997,0.493952,0.162016]]},{"db":2,"id":"SMCA5_HUMAN.H11MO.0.C","len":15,"ltrim":0,"rtrim":0,"nsites":404,"evalue":"1.0e+000","url":"http://hocomoco.autosome.ru/motif/SMCA5_HUMAN.H11MO.0.C","pwm":[[0.03718,0.0297589,0.90578,0.0272814],[0.735027,0.123795,0.106473,0.0347053],[0.509835,0.245052,0.205458,0.0396546],[0.108944,0.0569799,0.136168,0.697908],[0.133691,0.297019,0.334139,0.235151],[0.0866727,0.116371,0.786997,0.009959],[0.836487,0.0322335,0.0743023,0.0569771],[0.868657,0.0347082,0.0842009,0.0124336],[0.123792,0.049556,0.111422,0.71523],[0.116368,0.00996182,0.861236,0.0124336],[0.0248068,0.309393,0.650892,0.0149083],[0.893404,0.0124365,0.0396574,0.0545024],[0.593973,0.173288,0.215357,0.0173829],[0.351459,0.0693531,0.0668784,0.51231],[0.0520278,0.678113,0.183186,0.0866727]]},{"db":2,"id":"SPIB_HUMAN.H11MO.0.A","len":17,"ltrim":1,"rtrim":0,"nsites":500,"evalue":"1.0e+000","url":"http://hocomoco.autosome.ru/motif/SPIB_HUMAN.H11MO.0.A","pwm":[[0.403968,0.186014,0.248002,0.162016],[0.459957,0.116028,0.347982,0.0760337],[0.751898,0.0320447,0.118028,0.0980293],[0.717905,0.0320447,0.174016,0.0760337],[0.667915,0.0140483,0.102031,0.216006],[0.164016,0.0520407,0.771897,0.0120465],[0.657917,0.0740363,0.259999,0.00804725],[0.0760337,5.11298e-05,0.923866,4.88502e-05],[4.88502e-05,5.11298e-05,0.999851,4.88502e-05],[0.999849,5.11298e-05,5.11298e-05,4.88502e-05],[0.989851,5.11298e-05,0.00205073,0.00804725],[0.0220445,0.20601,0.769897,0.00204845],[0.0160457,0.00804953,0.0140483,0.961856],[0.00404805,0.0480415,0.941863,0.00604765],[0.579933,0.10603,0.267998,0.0460397],[0.463956,0.118028,0.313988,0.104028],[0.539941,0.118028,0.20401,0.138021]]},{"db":2,"id":"TEAD1_HUMAN.H11MO.0.A","len":12,"ltrim":0,"rtrim":3,"nsites":500,"evalue":"1.0e+000","url":"http://hocomoco.autosome.ru/motif/TEAD1_HUMAN.H11MO.0.A","pwm":[[0.483952,0.0280455,0.429965,0.0580373],[0.19401,0.759899,0.0400431,0.00604765],[0.977853,0.0120487,0.00205073,0.00804725],[0.00404805,0.00804953,0.00205073,0.985852],[0.0480393,0.00604993,0.0700371,0.875874],[0.00404805,0.931865,0.0360439,0.0280433],[0.00804725,0.899871,0.00405033,0.0880313],[0.533942,0.0420427,0.0140483,0.409967],[0.176014,0.136024,0.543942,0.14402],[0.162016,0.385974,0.337984,0.114026],[0.240001,0.485954,0.176016,0.0980293],[0.429963,0.194012,0.116028,0.259997]]},{"db":2,"id":"THA_HUMAN.H11MO.0.C","len":17,"ltrim":0,"rtrim":1,"nsites":74,"evalue":"1.0e+000","url":"http://hocomoco.autosome.ru/motif/THA_HUMAN.H11MO.0.C","pwm":[[0.392327,0.070743,0.423117,0.113813],[0.0988099,0.0772827,0.702016,0.121891],[0.104965,0.0711277,0.645082,0.178825],[0.181903,0.124984,0.120368,0.572746],[0.13574,0.545064,0.255778,0.0634185],[0.586594,0.0742052,0.180379,0.158821],[0.14805,0.349642,0.20346,0.298848],[0.188058,0.24039,0.146527,0.425025],[0.0988099,0.220387,0.109597,0.571207],[0.22191,0.448122,0.271166,0.0588023],[0.842027,0.000345074,0.106519,0.0511085],[0.0141785,0.0788215,0.846659,0.060341],[0.00032969,0.124984,0.782031,0.0926548],[0.280383,0.0295814,0.0926702,0.597366],[0.0434148,0.688168,0.206538,0.0618798],[0.738931,0.135755,0.0803602,0.0449535],[0.127661,0.172301,0.449276,0.250762]]},{"db":2,"id":"Z354A_HUMAN.H11MO.0.C","len":24,"ltrim":1,"rtrim":0,"nsites":496,"evalue":"1.0e+000","url":"http://hocomoco.autosome.ru/motif/Z354A_HUMAN.H11MO.0.C","pwm":[[0.471728,0.0746333,0.262095,0.191543],[0.0766467,0.114948,0.0585075,0.749898],[0.0323008,0.120995,0.0585075,0.788197],[0.0403637,0.233875,0.0645547,0.661206],[0.508011,0.199608,0.108901,0.18348],[0.256046,0.0907591,0.479794,0.173401],[0.249999,0.141152,0.169372,0.439477],[0.0685838,0.538249,0.0645547,0.328612],[0.0585052,0.792231,0.0262559,0.123008],[0.572514,0.151231,0.076649,0.199606],[0.0726153,0.114948,0.0363345,0.776102],[0.0141593,0.0202088,0.0302874,0.935345],[0.0202065,0.120995,0.0484289,0.81037],[0.582593,0.252017,0.0927748,0.0726153],[0.0423794,0.628957,0.0262559,0.302408],[0.628955,0.100838,0.125026,0.145181],[0.038348,0.098822,0.0806804,0.78215],[0.0645524,0.0887433,0.0544761,0.792228],[0.0363323,0.195577,0.0524603,0.715631],[0.677332,0.0806804,0.135105,0.106883],[0.485838,0.100838,0.185498,0.227826],[0.0625366,0.0323031,0.076649,0.828511],[0.118977,0.102853,0.681366,0.0968039],[0.153244,0.118979,0.0826962,0.64508]]},{"db":2,"id":"ZN121_HUMAN.H11MO.0.C","len":20,"ltrim":0,"rtrim":0,"nsites":486,"evalue":"1.0e+000","url":"http://hocomoco.autosome.ru/motif/ZN121_HUMAN.H11MO.0.C","pwm":[[0.0267937,0.917559,0.0288533,0.0267937],[0.0823379,0.0350248,0.0843974,0.79824],[0.0123934,0.0123957,0.958703,0.0165078],[0.0370797,0.0247389,0.934017,0.00416464],[0.0926238,0.0679399,0.833215,0.00622183],[0.0350225,0.921674,0.0350248,0.00827902],[0.827041,0.0926261,0.0617683,0.018565],[0.81264,0.0617683,0.0987977,0.0267937],[0.0432512,0.750927,0.090569,0.115253],[0.841441,0.037082,0.0926261,0.0288509],[0.0391369,0.220172,0.300402,0.440289],[0.824983,0.0288533,0.0453108,0.100853],[0.0226793,0.0350248,0.917559,0.0247365],[0.0329653,0.571951,0.037082,0.358001],[0.448518,0.080283,0.438234,0.0329653],[0.872299,0.0247389,0.0699971,0.0329653],[0.0226793,0.0206245,0.942246,0.0144506],[0.86407,0.0453108,0.0699971,0.0206222],[0.0288509,0.804414,0.0391392,0.127596],[0.0329653,0.773556,0.0453108,0.148168]]},{"db":2,"id":"ZN257_HUMAN.H11MO.0.C","len":12,"ltrim":0,"rtrim":0,"nsites":432,"evalue":"1.0e+000","url":"http://hocomoco.autosome.ru/motif/ZN257_HUMAN.H11MO.0.C","pwm":[[0.0764277,0.0579162,0.682772,0.182885],[0.314798,0.425887,0.0602304,0.199085],[0.0139422,0.280087,0.171316,0.534655],[0.0926277,0.884114,0.0116306,0.0116279],[0.0046851,0.00931629,0.00237346,0.983625],[0.00237082,0.115773,0.0185734,0.863283],[0.0255136,0.00468773,0.798485,0.171313],[5.65378e-05,0.995199,5.91761e-05,0.0046851],[0.0046851,0.972056,5.91761e-05,0.0231993],[0.21297,0.00931629,0.0532876,0.724426],[0.0486564,0.847085,0.0324591,0.0717992],[0.344884,0.152802,0.0671733,0.435141]]},{"db":2,"id":"ZN770_HUMAN.H11MO.0.C","len":22,"ltrim":0,"rtrim":1,"nsites":490,"evalue":"1.0e+000","url":"http://hocomoco.autosome.ru/motif/ZN770_HUMAN.H11MO.0.C","pwm":[[0.226534,0.095951,0.528516,0.148999],[0.126555,0.024537,0.836616,0.0122922],[0.046979,0.0224966,0.928434,0.00209025],[0.940674,0.00617337,0.0429006,0.0102518],[0.0326962,5.2173e-05,0.957,0.0102518],[0.0286154,0.0122946,0.946798,0.0122922],[0.0408578,0.875384,0.0571834,0.026575],[0.124514,0.287749,0.044941,0.542796],[0.116353,0.0816682,0.781525,0.0204538],[0.640735,0.0714662,0.2449,0.0428982],[0.146959,0.0592238,0.763162,0.0306558],[0.191847,0.0898298,0.642778,0.0755446],[0.169403,0.402011,0.204092,0.224494],[0.328554,0.0714662,0.479546,0.120433],[0.106151,0.095951,0.755,0.0428982],[0.161241,0.0939106,0.712152,0.0326962],[0.648897,0.0469814,0.226537,0.077585],[0.0918678,0.044941,0.844778,0.0184134],[0.214292,0.100032,0.661142,0.0245346],[0.565241,0.189809,0.169405,0.0755446],[0.0898274,0.138799,0.255102,0.516271],[0.10207,0.495869,0.222456,0.179605]]},{"db":2,"id":"ZSC22_HUMAN.H11MO.0.C","len":16,"ltrim":1,"rtrim":0,"nsites":476,"evalue":"1.0e+000","url":"http://hocomoco.autosome.ru/motif/ZSC22_HUMAN.H11MO.0.C","pwm":[[0.304609,0.100873,0.436937,0.157581],[0.189087,0.113475,0.642776,0.0546617],[0.134477,0.151282,0.262604,0.451637],[0.123975,0.632274,0.180688,0.0630633],[0.319312,0.180688,0.0924713,0.407529],[0.0609629,0.0084553,0.92633,0.00425211],[0.861215,0.0147565,0.100873,0.0231557],[0.136577,0.0630657,0.546157,0.2542],[0.0840673,0.00425451,0.903225,0.00845291],[0.0252561,0.0084553,0.957836,0.00845291],[0.541954,0.310913,0.0882705,0.0588625],[0.119774,0.0084553,0.859117,0.0126537],[0.0189549,0.00425451,0.957836,0.0189549],[0.714187,0.235298,0.0210577,0.0294569],[0.0651637,0.0063549,0.915828,0.0126537],[0.0693645,0.0483629,0.846515,0.0357581]]}],"sequence_names":["chr10:102132915-102133414","chr10:102757290-102757789","chr10:104985526-104986025","chr10:105306863-105307362","chr10:105318555-105319054","chr10:105335228-105335727","chr10:105350470-105350969","chr10:105358508-105359007","chr10:105378483-105378982","chr10:105385166-105385665","chr10:105389920-105390419","chr10:105391841-105392340","chr10:105404861-105405360","chr10:105473315-105473814","chr10:105568240-105568739","chr10:105597494-105597993","chr10:105605705-105606204","chr10:120862462-120862961","chr10:120923897-120924396","chr10:120993271-120993770","chr10:121081609-121082108","chr10:121251890-121252389","chr10:121513467-121513966","chr10:12678559-12679058","chr10:13482298-13482797","chr10:14920570-14921069","chr10:22905904-22906403","chr10:22916373-22916872","chr10:22940470-22940969","chr10:22984761-22985260","chr10:23619454-23619953","chr10:23657694-23658193","chr10:23735599-23736098","chr10:23736858-23737357","chr10:5883846-5884345","chr10:72165144-72165643","chr10:73001065-73001564","chr10:73131574-73132073","chr11:112394696-112395195","chr11:14660050-14660549","chr11:14913549-14914048","chr11:14927098-14927597","chr11:22952720-22953219","chr11:22979289-22979788","chr11:23061018-23061517","chr11:392365-392864","chr11:45940114-45940613","chr11:46316983-46317482","chr11:47236244-47236743","chr11:47256248-47256747","chr11:47399085-47399584","chr11:57016473-57016972","chr11:57135903-57136402","chr11:57174663-57175162","chr11:57241496-57241995","chr11:57266984-57267483","chr11:58555787-58556286","chr11:63650226-63650725","chr11:63659647-63660146","chr11:63741843-63742342","chr11:63775191-63775690","chr11:63803827-63804326","chr11:63804832-63805331","chr11:63933329-63933828","chr11:63975107-63975606","chr11:64067614-64068113","chr11:64122519-64123018","chr11:64293146-64293645","chr11:64491492-64491991","chr11:64511140-64511639","chr11:65406098-65406597","chr11:65686339-65686838","chr11:66049814-66050313","chr11:66235209-66235708","chr11:67044878-67045377","chr11:67182190-67182689","chr11:67236494-67236993","chr11:67415544-67416043","chr11:67416584-67417083","chr11:8227785-8228284","chr11:8285272-8285771","chr11:8287227-8287726","chr11:8353704-8354203","chr11:8410429-8410928","chr11:8710301-8710800","chr11:9114715-9115214","chr11:9155494-9155993","chr12:101884077-101884576","chr12:102065105-102065604","chr12:102090476-102090975","chr12:102156966-102157465","chr12:102874174-102874673","chr12:103897564-103898063","chr12:104997785-104998284","chr12:105063712-105064211","chr12:110010811-110011310","chr12:110282966-110283465","chr12:110382298-110382797","chr12:111051583-111052082","chr12:111142506-111143005","chr12:120523217-120523716","chr12:120553480-120553979","chr12:120633548-120634047","chr12:120672444-120672943","chr12:120687205-120687704","chr12:120702140-120702639","chr12:120727151-120727650","chr12:120728301-120728800","chr12:120832387-120832886","chr12:120877390-120877889","chr12:120971988-120972487","chr12:121016381-121016880","chr12:121017011-121017510","chr12:123449895-123450394","chr12:123484379-123484878","chr12:123534772-123535271","chr12:124229340-124229839","chr12:24956727-24957226","chr12:24967274-24967773","chr12:25062565-25063064","chr12:25422585-25423084","chr12:25429064-25429563","chr12:25850349-25850848","chr12:49491769-49492268","chr12:53600842-53601341","chr12:56069290-56069789","chr12:56138478-56138977","chr12:56211454-56211953","chr12:56323124-56323623","chr12:56489993-56490492","chr12:56519866-56520365","chr12:56557390-56557889","chr12:56623584-56624083","chr12:56635110-56635609","chr12:56842938-56843437","chr12:56858027-56858526","chr12:56863800-56864299","chr12:56987810-56988309","chr12:57022554-57023053","chr12:6308632-6309131","chr12:6446297-6446796","chr12:6717254-6717753","chr12:7008928-7009427","chr12:7022660-7023159","chr12:75683487-75683986","chr12:75838169-75838668","chr12:76116410-76116909","chr12:76332853-76333352","chr12:92602351-92602850","chr12:92750059-92750558","chr12:92797450-92797949","chr12:92824905-92825404","chr12:93547007-93547506","chr12:93784273-93784772","chr12:93799002-93799501","chr13:114301732-114302231","chr13:114557688-114558187","chr13:48666499-48666998","chr13:48732515-48733014","chr13:49116812-49117311","chr13:49160675-49161174","chr13:49306065-49306564","chr13:49794225-49794724","chr13:49831563-49832062","chr13:50069497-50069996","chr13:50181117-50181616","chr13:50366808-50367307","chr13:50501842-50502341","chr13:50589141-50589640","chr14:101144347-101144846","chr14:101183664-101184163","chr14:20883887-20884386","chr14:20945690-20946189","chr14:24701379-24701878","chr14:24782294-24782793","chr14:24801338-24801837","chr14:24864768-24865267","chr14:35513864-35514363","chr14:49960759-49961258","chr14:50064338-50064837","chr14:50311303-50311802","chr14:50330595-50331094","chr14:50505148-50505647","chr14:50522561-50523060","chr14:73778072-73778571","chr14:73931700-73932199","chr14:74003569-74004068","chr14:74705926-74706425","chr15:44885110-44885609","chr15:44969594-44970093","chr15:45004636-45005135","chr15:45406270-45406769","chr15:45410199-45410698","chr15:59462351-59462850","chr15:59592473-59592972","chr15:59642229-59642728","chr15:64141000-64141499","chr15:64438146-64438645","chr16:1464503-1465002","chr16:1844723-1845222","chr16:2521251-2521750","chr16:2551219-2551718","chr16:29168334-29168833","chr16:2918164-2918663","chr16:29674051-29674550","chr16:30429117-30429616","chr16:30572659-30573158","chr16:30583806-30584305","chr16:30621551-30622050","chr16:30669503-30670002","chr16:74331188-74331687","chr16:74430272-74430771","chr16:74729705-74730204","chr16:89237926-89238425","chr16:89788329-89788828","chr16:89939751-89940250","chr17:185833-186332","chr17:26295170-26295669","chr17:26501588-26502087","chr17:26520177-26520676","chr17:26699861-26700360","chr17:26940966-26941465","chr17:26971002-26971501","chr17:27053746-27054245","chr17:27139319-27139818","chr17:27451053-27451552","chr17:27472294-27472793","chr17:27475771-27476270","chr17:38075858-38076357","chr17:42836150-42836649","chr17:47287687-47288186","chr17:47438580-47439079","chr17:47765313-47765812","chr17:48104860-48105359","chr17:48671801-48672300","chr17:48702810-48703309","chr17:48758641-48759140","chr17:48905202-48905701","chr17:48922397-48922896","chr17:54857442-54857941","chr17:55682738-55683237","chr17:56429425-56429924","chr17:56617930-56618429","chr17:61615514-61616013","chr17:61627573-61628072","chr17:656990-657489","chr17:72755497-72755996","chr17:74964992-74965491","chr17:75123974-75124473","chr17:75276402-75276901","chr17:75368928-75369427","chr17:75386054-75386553","chr17:75461645-75462144","chr17:79495173-79495672","chr17:79519853-79520352","chr17:79761759-79762258","chr17:79925712-79926211","chr17:79989251-79989750","chr17:80408456-80408955","chr18:11937776-11938275","chr18:11980775-11981274","chr18:12056116-12056615","chr18:12419752-12420251","chr18:12420860-12421359","chr18:12744031-12744530","chr18:2903027-2903526","chr18:3129223-3129722","chr18:3297287-3297786","chr18:33059914-33060413","chr18:33293432-33293931","chr18:3596588-3597087","chr18:44526526-44527025","chr18:46987468-46987967","chr19:10828506-10829005","chr19:11205633-11206132","chr19:11253893-11254392","chr19:14228647-14229146","chr19:18547828-18548327","chr19:18746743-18747242","chr19:19026383-19026882","chr19:19043027-19043526","chr19:19096036-19096535","chr19:19322533-19323032","chr19:19562176-19562675","chr19:19626787-19627286","chr19:19673766-19674265","chr19:19734331-19734830","chr19:19971805-19972304","chr19:19976446-19976945","chr19:20011473-20011972","chr19:30335227-30335726","chr19:30432949-30433448","chr19:33199301-33199800","chr19:3480291-3480790","chr19:35629463-35629962","chr19:35819694-35820193","chr19:35939496-35939995","chr19:36208672-36209171","chr19:36235766-36236265","chr19:36358552-36359051","chr19:36601855-36602354","chr19:36604942-36605441","chr19:38734426-38734925","chr19:38878812-38879311","chr19:39171619-39172118","chr19:40596596-40597095","chr19:41349490-41349989","chr19:4153349-4153848","chr19:4304348-4304847","chr19:45160436-45160935","chr19:45195273-45195772","chr19:45663159-45663658","chr19:49631151-49631650","chr19:49973466-49973965","chr19:50145133-50145632","chr19:50178794-50179293","chr19:55592573-55593072","chr19:56152179-56152678","chr19:5851236-5851735","chr19:58694147-58694646","chr19:58919745-58920244","chr19:5904603-5905102","chr19:859204-859703","chr1:111422553-111423052","chr1:111746908-111747407","chr1:1240850-1241349","chr1:145562512-145563011","chr1:150540479-150540978","chr1:150951793-150952292","chr1:151032666-151033165","chr1:151167548-151168047","chr1:151825924-151826423","chr1:153522363-153522862","chr1:154984533-154985032","chr1:155033942-155034441","chr1:155197119-155197618","chr1:155214241-155214740","chr1:155278290-155278789","chr1:160346218-160346717","chr1:160370127-160370626","chr1:160645278-160645777","chr1:161008531-161009030","chr1:161041621-161042120","chr1:161059140-161059639","chr1:161171844-161172343","chr1:161719299-161719798","chr1:182038057-182038556","chr1:182054011-182054510","chr1:182358618-182359117","chr1:182583907-182584406","