<!DOCTYPE HTML>
<html>
  <head>
    <meta charset="UTF-8">
    <title>SpaMo - Spaced Motif Analysis</title>
    <script type="text/javascript">
      //@JSON_VAR data
      var data = {"program":"SpaMo","version":"4.11.3","revision":"c13e15f35e38483381a6e8a363f9137e303c0765","release":"Sat Mar 11 20:16:08 2017 -0800","host":"uger-c011.broadinstitute.org","when":"Sun Feb 28 17:48:25 2021","cmd":["spamo","-verbosity","1","-oc","/broad/sankaranlab/fyu/HemeMap/02262021-downMast_re-analysis/motif_denovo/all_mast0035_interactions_10x_hocomoco_meme-chip/spamo_out_24","-bgfile","/broad/sankaranlab/fyu/HemeMap/02262021-downMast_re-analysis/motif_denovo/all_mast0035_interactions_10x_hocomoco_meme-chip/background","-primary","KLF8_HUMAN.H11MO.0.C","/broad/sankaranlab/fyu/HemeMap/02262021-downMast_re-analysis/motif_denovo/all_mast0035_interactions_10x_hocomoco_meme-chip/20210227-deg_interactions_peaks_all_mast0035_fa_1based.fa","/broad/sankaranlab/fyu/motif_data/HOCOMOCOv11_core_HUMAN_mono_meme_format.meme","/broad/sankaranlab/fyu/HemeMap/02262021-downMast_re-analysis/motif_denovo/all_mast0035_interactions_10x_hocomoco_meme-chip/meme_out/meme.xml","/broad/sankaranlab/fyu/HemeMap/02262021-downMast_re-analysis/motif_denovo/all_mast0035_interactions_10x_hocomoco_meme-chip/dreme_out/dreme.xml","/broad/sankaranlab/fyu/motif_data/HOCOMOCOv11_core_HUMAN_mono_meme_format.meme"],"options":{"seq_min_hit_score":7,"margin":150,"bin_size":1,"bin_pvalue_calc_range":150,"use_best_secondary":0,"seq_max_shared_fract":0.5,"seq_odds_ratio":20,"bin_pvalue_cutoff":0.05,"motif_evalue_cutoff":10,"redundant_overlap":2,"redundant_joint":0.5,"motif_pseudocount":0.1,"bgfile":"/broad/sankaranlab/fyu/HemeMap/02262021-downMast_re-analysis/motif_denovo/all_mast0035_interactions_10x_hocomoco_meme-chip/background","motif_trim":0.25,"xalph":0,"seed":1,"bin_max":69},"alphabet":{"name":"DNA","like":"dna","ncore":4,"symbols":[{"symbol":"A","name":"Adenine","colour":"CC0000","complement":"T"},{"symbol":"C","name":"Cytosine","colour":"0000CC","complement":"G"},{"symbol":"G","name":"Guanine","colour":"FFB300","complement":"C"},{"symbol":"T","aliases":"U","name":"Thymine","colour":"008000","complement":"A"},{"symbol":"N","aliases":"X.","name":"Any base","equals":"ACGT"},{"symbol":"V","name":"Not T","equals":"ACG"},{"symbol":"H","name":"Not G","equals":"ACT"},{"symbol":"D","name":"Not C","equals":"AGT"},{"symbol":"B","name":"Not A","equals":"CGT"},{"symbol":"M","name":"Amino","equals":"AC"},{"symbol":"R","name":"Purine","equals":"AG"},{"symbol":"W","name":"Weak","equals":"AT"},{"symbol":"S","name":"Strong","equals":"CG"},{"symbol":"Y","name":"Pyrimidine","equals":"CT"},{"symbol":"K","name":"Keto","equals":"GT"}]},"background":[0.2443,0.2557,0.2557,0.2443],"sequence_dbs":[{"source":"/broad/sankaranlab/fyu/HemeMap/02262021-downMast_re-analysis/motif_denovo/all_mast0035_interactions_10x_hocomoco_meme-chip/20210227-deg_interactions_peaks_all_mast0035_fa_1based.fa","name":"20210227-deg_interactions_peaks_all_mast0035_fa_1based","last_modified":"Sun Feb 28 14:32:25 2021","loaded":13184,"excluded_too_short":0,"excluded_no_match":10035,"excluded_ambigs":0,"excluded_similar":25,"erased_primary_matches":1183}],"primary_dbs":[{"source":"/broad/sankaranlab/fyu/motif_data/HOCOMOCOv11_core_HUMAN_mono_meme_format.meme","name":"HOCOMOCOv11_core_HUMAN_mono_meme_format","last_modified":"Sat Jun 23 07:43:00 2018","loaded":400,"excluded":399}],"secondary_dbs":[{"source":"/broad/sankaranlab/fyu/HemeMap/02262021-downMast_re-analysis/motif_denovo/all_mast0035_interactions_10x_hocomoco_meme-chip/meme_out/meme.xml","name":"meme.xml","last_modified":"Sun Feb 28 15:22:49 2021","loaded":10,"excluded":0},{"source":"/broad/sankaranlab/fyu/HemeMap/02262021-downMast_re-analysis/motif_denovo/all_mast0035_interactions_10x_hocomoco_meme-chip/dreme_out/dreme.xml","name":"dreme.xml","last_modified":"Sun Feb 28 15:41:49 2021","loaded":10,"excluded":0},{"source":"/broad/sankaranlab/fyu/motif_data/HOCOMOCOv11_core_HUMAN_mono_meme_format.meme","name":"HOCOMOCOv11_core_HUMAN_mono_meme_format","last_modified":"Sat Jun 23 07:43:00 2018","loaded":401,"excluded":1}],"secondary_motifs":[{"db":0,"id":"3","alt":"MEME","len":30,"ltrim":0,"rtrim":0,"nsites":12,"evalue":"3.9e-015","pwm":[[0.167309,0.663271,0.00211322,0.167309],[0.00201901,0.580625,0.250047,0.167309],[0.91111,0.00211322,0.0847575,0.00201901],[0.00201901,0.0847575,0.911204,0.00201901],[0.580531,0.00211322,0.415337,0.00201901],[0.00201901,0.911204,0.00211322,0.0846633],[0.00201901,0.00211322,0.00211322,0.993755],[0.249953,0.00211322,0.663271,0.0846633],[0.167309,0.0847575,0.663271,0.0846633],[0.91111,0.00211322,0.00211322,0.0846633],[0.0846633,0.00211322,0.911204,0.00201901],[0.249953,0.00211322,0.0847575,0.663176],[0.00201901,0.00211322,0.828559,0.167309],[0.167309,0.828559,0.00211322,0.00201901],[0.828465,0.00211322,0.00211322,0.167309],[0.0846633,0.0847575,0.828559,0.00201901],[0.167309,0.00211322,0.00211322,0.828465],[0.00201901,0.00211322,0.911204,0.0846633],[0.167309,0.00211322,0.828559,0.00201901],[0.00201901,0.663271,0.00211322,0.332597],[0.415242,0.00211322,0.332691,0.249953],[0.00201901,0.497981,0.332691,0.167309],[0.249953,0.00211322,0.415337,0.332597],[0.415242,0.0847575,0.415337,0.0846633],[0.0846633,0.00211322,0.167403,0.745821],[0.00201901,0.580625,0.00211322,0.415242],[0.332597,0.00211322,0.0847575,0.580531],[0.00201901,0.663271,0.00211322,0.332597],[0.91111,0.00211322,0.0847575,0.00201901],[0.167309,0.167403,0.663271,0.00201901]]},{"db":0,"id":"4","alt":"MEME","len":29,"ltrim":0,"rtrim":0,"nsites":7,"evalue":"2.6e-013","pwm":[[0.00344085,0.00360141,0.848672,0.144286],[0.00344085,0.00360141,0.989517,0.00344085],[0.00344085,0.848672,0.144446,0.00344085],[0.566822,0.00360141,0.426136,0.00344085],[0.00344085,0.707827,0.00360141,0.285131],[0.425976,0.00360141,0.566982,0.00344085],[0.00344085,0.00360141,0.989517,0.00344085],[0.00344085,0.00360141,0.00360141,0.989356],[0.00344085,0.00360141,0.848672,0.144286],[0.144286,0.00360141,0.848672,0.00344085],[0.00344085,0.989517,0.00360141,0.00344085],[0.425976,0.00360141,0.00360141,0.566822],[0.00344085,0.566982,0.00360141,0.425976],[0.707666,0.00360141,0.285291,0.00344085],[0.00344085,0.707827,0.00360141,0.285131],[0.285131,0.00360141,0.707827,0.00344085],[0.00344085,0.989517,0.00360141,0.00344085],[0.00344085,0.989517,0.00360141,0.00344085],[0.00344085,0.144446,0.00360141,0.848511],[0.285131,0.00360141,0.707827,0.00344085],[0.00344085,0.00360141,0.00360141,0.989356],[0.989356,0.00360141,0.00360141,0.00344085],[0.848511,0.00360141,0.144446,0.00344085],[0.00344085,0.00360141,0.00360141,0.989356],[0.144286,0.707827,0.00360141,0.144286],[0.00344085,0.848672,0.00360141,0.144286],[0.00344085,0.989517,0.00360141,0.00344085],[0.989356,0.00360141,0.00360141,0.00344085],[0.144286,0.00360141,0.848672,0.00344085]]},{"db":0,"id":"7","alt":"MEME","len":30,"ltrim":0,"rtrim":0,"nsites":70,"evalue":"2.3e+001","pwm":[[0.0431444,0.200079,0.499651,0.257125],[0.0288787,0.342733,0.513917,0.114471],[0.114471,0.0859565,0.770693,0.0288787],[0.000348502,0.528182,0.399794,0.0716756],[0.228593,0.028895,0.685101,0.05741],[0.157267,0.22861,0.528182,0.0859402],[0.143002,0.128752,0.599509,0.128736],[0.285655,0.271407,0.371264,0.0716756],[0.100206,0.399794,0.371264,0.128736],[0.100206,0.399794,0.485386,0.0146141],[0.0146141,0.171549,0.670836,0.143002],[0.143002,0.0716919,0.613774,0.171533],[0.242859,0.143018,0.585243,0.0288787],[0.242859,0.22861,0.428324,0.100206],[0.185798,0.314202,0.356998,0.143002],[0.0859402,0.271407,0.456856,0.185798],[0.185798,0.299937,0.328467,0.185798],[0.0859402,0.214345,0.513917,0.185798],[0.143002,0.44259,0.41406,0.000348502],[0.157267,0.0859565,0.599509,0.157267],[0.0859402,0.185814,0.727896,0.000348502],[0.471105,0.271407,0.0716919,0.185798],[0.100206,0.0431606,0.842019,0.0146141],[0.000348502,0.257141,0.65657,0.0859402],[0.000348502,0.528182,0.328467,0.143002],[0.000348502,0.100222,0.670836,0.228593],[0.05741,0.22861,0.713632,0.000348502],[0.0859402,0.670836,0.214345,0.0288787],[0.200063,0.143018,0.456856,0.200063],[0.000348502,0.299937,0.699366,0.000348502]]},{"db":0,"id":"9","alt":"MEME","len":29,"ltrim":0,"rtrim":0,"nsites":6,"evalue":"1.5e+002","pwm":[[0.987611,0.0041918,0.0041918,0.00400492],[0.495808,0.0041918,0.495995,0.00400492],[0.987611,0.0041918,0.0041918,0.00400492],[0.00400492,0.65993,0.0041918,0.331873],[0.331873,0.0041918,0.495995,0.16794],[0.00400492,0.0041918,0.987798,0.00400492],[0.331873,0.168127,0.495995,0.00400492],[0.00400492,0.0041918,0.65993,0.331873],[0.00400492,0.0041918,0.0041918,0.987611],[0.00400492,0.0041918,0.0041918,0.987611],[0.00400492,0.0041918,0.0041918,0.987611],[0.00400492,0.495995,0.0041918,0.495808],[0.659743,0.168127,0.168127,0.00400492],[0.00400492,0.823864,0.0041918,0.16794],[0.00400492,0.987798,0.0041918,0.00400492],[0.987611,0.0041918,0.0041918,0.00400492],[0.00400492,0.33206,0.0041918,0.659743],[0.00400492,0.168127,0.823864,0.00400492],[0.00400492,0.0041918,0.168127,0.823677],[0.00400492,0.33206,0.0041918,0.659743],[0.331873,0.168127,0.33206,0.16794],[0.16794,0.33206,0.495995,0.00400492],[0.00400492,0.823864,0.0041918,0.16794],[0.00400492,0.33206,0.0041918,0.659743],[0.987611,0.0041918,0.0041918,0.00400492],[0.331873,0.168127,0.33206,0.16794],[0.00400492,0.0041918,0.987798,0.00400492],[0.16794,0.65993,0.0041918,0.16794],[0.331873,0.0041918,0.0041918,0.659743]]},{"db":1,"id":"CHCCRCCC","alt":"DREME","len":8,"ltrim":0,"rtrim":0,"nsites":1561,"evalue":"4.5e-055","pwm":[[1.56492e-05,0.999952,1.63795e-05,1.56492e-05],[0.157597,0.596391,1.63795e-05,0.245996],[1.56492e-05,0.999952,1.63795e-05,1.56492e-05],[1.56492e-05,0.999952,1.63795e-05,1.56492e-05],[0.361939,1.63795e-05,0.638029,1.56492e-05],[1.56492e-05,0.999952,1.63795e-05,1.56492e-05],[1.56492e-05,0.999952,1.63795e-05,1.56492e-05],[1.56492e-05,0.999952,1.63795e-05,1.56492e-05]]},{"db":2,"id":"BACH2_HUMAN.H11MO.0.A","len":11,"ltrim":0,"rtrim":1,"nsites":500,"evalue":"1.0e+000","url":"http://hocomoco.autosome.ru/motif/BACH2_HUMAN.H11MO.0.A","pwm":[[0.122024,0.0960319,0.0680375,0.713906],[0.0140461,0.0780355,0.893872,0.0140461],[0.0440401,0.923866,0.0120487,0.0200449],[0.0780333,0.0380435,0.00804953,0.875874],[0.0580373,0.0600391,0.793892,0.0880313],[0.757897,0.0380435,0.0560399,0.148019],[0.0440401,0.224006,0.669917,0.0620365],[0.0100469,0.0160479,0.00804953,0.965856],[0.0600369,0.919867,0.0160479,0.00404805],[0.963856,0.0120487,0.00804953,0.0160457],[0.0560377,0.319987,0.212009,0.411966]]},{"db":2,"id":"CLOCK_HUMAN.H11MO.0.C","len":14,"ltrim":0,"rtrim":0,"nsites":252,"evalue":"1.0e+000","url":"http://hocomoco.autosome.ru/motif/CLOCK_HUMAN.H11MO.0.C","pwm":[[0.158764,0.59907,0.178602,0.0635638],[0.424532,0.115135,0.190502,0.269831],[0.202398,0.146869,0.511803,0.138931],[0.337265,0.321402,0.166702,0.174631],[0.0952972,0.848971,0.0437349,0.0119969],[0.8093,0.0635683,0.0437349,0.0833972],[0.154797,0.607003,0.127035,0.111164],[0.253964,0.0556349,0.642704,0.0476971],[0.0952972,0.119102,0.0437349,0.741866],[0.0873639,0.0239015,0.860871,0.0278637],[0.400732,0.313469,0.178602,0.107197],[0.368998,0.242069,0.281736,0.107197],[0.222231,0.388836,0.289669,0.0992639],[0.491965,0.297602,0.0239015,0.186531]]},{"db":2,"id":"E2F4_HUMAN.H11MO.0.A","len":13,"ltrim":0,"rtrim":2,"nsites":500,"evalue":"1.0e+000","url":"http://hocomoco.autosome.ru/motif/E2F4_HUMAN.H11MO.0.A","pwm":[[0.14602,0.258,0.50595,0.0900309],[0.277993,0.0960319,0.461959,0.164016],[0.244,0.100031,0.525946,0.130023],[0.100029,0.188014,0.695912,0.0160457],[0.00404805,0.0360439,0.95786,0.00204845],[0.0120465,0.973856,5.11298e-05,0.0140461],[0.0360417,0.00205073,0.945862,0.0160457],[0.00404805,0.0380435,0.949861,0.00804725],[0.0900309,0.0140483,0.893872,0.00204845],[0.715906,0.0220467,0.250001,0.0120465],[0.535942,0.200011,0.222007,0.0420405],[0.381972,0.188014,0.281995,0.148019],[0.253998,0.114028,0.30599,0.325984]]},{"db":2,"id":"EGR2_HUMAN.H11MO.0.A","len":18,"ltrim":0,"rtrim":0,"nsites":500,"evalue":"1.0e+000","url":"http://hocomoco.autosome.ru/motif/EGR2_HUMAN.H11MO.0.A","pwm":[[0.216006,0.0740363,0.611929,0.0980293],[0.29399,0.0960319,0.411969,0.198009],[0.228003,0.0740363,0.621927,0.0760337],[0.253998,0.0680375,0.501951,0.176014],[0.319985,0.10403,0.50595,0.0700349],[0.150019,0.10403,0.449961,0.29599],[0.0760337,0.102031,0.765898,0.0560377],[0.369975,0.190013,0.0440423,0.39597],[0.0340421,0.0220467,0.929865,0.0140461],[0.0400409,0.0120487,0.461959,0.485952],[0.182012,0.00604993,0.793892,0.0180453],[0.0360417,0.0140483,0.889873,0.0600369],[0.0240441,0.0400431,0.915868,0.0200449],[0.349979,0.281995,0.0220467,0.34598],[0.0580373,0.00604993,0.873876,0.0620365],[0.0760337,0.0340443,0.781895,0.108027],[0.34198,0.0740363,0.501951,0.0820325],[0.253998,0.0480415,0.561939,0.136022]]},{"db":2,"id":"ERR3_HUMAN.H11MO.0.B","len":9,"ltrim":0,"rtrim":0,"nsites":14,"evalue":"1.0e+000","url":"http://hocomoco.autosome.ru/motif/ERR3_HUMAN.H11MO.0.B","pwm":[[0.0710053,0.00181348,0.148056,0.779126],[0.0710053,0.709934,0.0710861,0.147975],[0.786823,0.00181348,0.209631,0.00173262],[0.99464,0.00181348,0.00181348,0.00173262],[0.00173262,0.0710861,0.856176,0.0710053],[0.00173262,0.0710861,0.925449,0.00173262],[0.0710053,0.00181348,0.00181348,0.925368],[0.0710053,0.786903,0.00181348,0.140278],[0.821459,0.0364498,0.105722,0.0363689]]},{"db":2,"id":"HIC1_HUMAN.H11MO.0.C","len":9,"ltrim":0,"rtrim":0,"nsites":39,"evalue":"1.0e+000","url":"http://hocomoco.autosome.ru/motif/HIC1_HUMAN.H11MO.0.C","pwm":[[0.203529,0.10518,0.512356,0.178935],[0.0252193,0.0990319,0.752152,0.123597],[0.000624808,0.000653964,0.924313,0.0744082],[0.0252193,0.000653964,0.344977,0.62915],[0.000624808,0.000653964,0.000653964,0.998067],[0.0252193,0.000653964,0.973502,0.000624808],[0.0252193,0.973502,0.000653964,0.000624808],[0.000624808,0.998096,0.000653964,0.000624808],[0.191232,0.623031,0.0928832,0.0928541]]},{"db":2,"id":"KLF1_HUMAN.H11MO.0.A","len":14,"ltrim":0,"rtrim":0,"nsites":489,"evalue":"1.0e+000","url":"http://hocomoco.autosome.ru/motif/KLF1_HUMAN.H11MO.0.A","pwm":[[0.339449,0.0327654,0.386476,0.241309],[0.00413909,0.00209685,0.989625,0.00413909],[0.00209452,0.00414142,0.98758,0.00618366],[4.99489e-05,5.22797e-05,0.997803,0.00209452],[0.0920557,0.527552,5.22797e-05,0.38034],[0.014362,5.22797e-05,0.977358,0.00822824],[0.0245848,0.0102751,0.53573,0.42941],[0.0388968,0.00414142,0.903753,0.0532088],[0.0245848,0.0225426,0.862862,0.0900111],[0.0613871,0.684984,0.167707,0.085922],[0.167705,0.458036,0.0941026,0.280156],[0.14317,0.198376,0.472348,0.186106],[0.104323,0.202465,0.529596,0.163616],[0.112501,0.161573,0.623647,0.102279]]},{"db":2,"id":"KLF6_HUMAN.H11MO.0.A","len":19,"ltrim":1,"rtrim":0,"nsites":496,"evalue":"1.0e+000","url":"http://hocomoco.autosome.ru/motif/KLF6_HUMAN.H11MO.0.A","pwm":[[0.15526,0.185498,0.510029,0.149213],[0.221779,0.247985,0.479794,0.0504423],[0.445524,0.189529,0.280237,0.0847096],[0.459634,0.018193,0.368929,0.153244],[0.0484266,0.00609871,0.814403,0.131071],[0.0242379,5.1542e-05,0.955504,0.0202065],[0.0443951,0.0524603,0.891001,0.0121436],[0.260077,0.457621,5.1542e-05,0.28225],[0.116961,0.00609871,0.854718,0.0222222],[0.0282694,0.0222245,0.689429,0.260077],[0.209684,0.0645547,0.683382,0.0423794],[0.0867253,0.0302874,0.836576,0.0464109],[0.229842,0.453589,0.207671,0.108898],[0.294345,0.318536,0.137121,0.249999],[0.0625366,0.157278,0.522124,0.258062],[0.147197,0.127042,0.6088,0.116961],[0.161307,0.171388,0.602753,0.0645524],[0.348769,0.110916,0.433432,0.106883],[0.258062,0.233875,0.455605,0.052458]]},{"db":2,"id":"MAZ_HUMAN.H11MO.0.A","len":22,"ltrim":1,"rtrim":0,"nsites":500,"evalue":"1.0e+000","url":"http://hocomoco.autosome.ru/motif/MAZ_HUMAN.H11MO.0.A","pwm":[[0.216006,0.144022,0.50395,0.136022],[0.283992,0.0240463,0.651921,0.0400409],[0.301988,0.0120487,0.673916,0.0120465],[0.0820325,0.0180475,0.865878,0.0340421],[0.0520385,0.112029,0.825886,0.0100469],[0.647919,0.0880335,0.0260459,0.238001],[0.0540381,0.0100491,0.90587,0.0300429],[0.114026,0.0200471,0.851881,0.0140461],[0.265996,0.0340443,0.665918,0.0340421],[0.271994,0.00804953,0.679915,0.0400409],[0.114026,0.202011,0.65592,0.0280433],[0.317985,0.134024,0.331985,0.216006],[0.174014,0.0400431,0.697912,0.0880313],[0.333982,0.0540403,0.55394,0.0580373],[0.190011,0.120027,0.647922,0.0420405],[0.365976,0.0780355,0.511949,0.0440401],[0.299989,0.0720367,0.569937,0.0580373],[0.329983,0.134024,0.45596,0.0800329],[0.259997,0.0620387,0.55594,0.122024],[0.273994,0.20401,0.445962,0.0760337],[0.355978,0.10603,0.429965,0.108027],[0.273994,0.0980315,0.561939,0.0660357]]},{"db":2,"id":"MEF2C_HUMAN.H11MO.0.A","len":13,"ltrim":1,"rtrim":1,"nsites":500,"evalue":"1.0e+000","url":"http://hocomoco.autosome.ru/motif/MEF2C_HUMAN.H11MO.0.A","pwm":[[0.297989,0.0740363,0.283994,0.34398],[0.104028,0.0920327,0.419967,0.383972],[0.0300429,0.691913,0.0460419,0.232002],[0.00204845,0.0620387,5.11298e-05,0.935862],[0.947859,0.0160479,0.00604993,0.0300429],[0.0600369,0.00604993,0.00205073,0.931862],[0.0800329,0.0120487,0.00604993,0.901868],[0.0240441,0.0380435,0.0100491,0.927863],[0.148019,0.0900331,0.0220467,0.739901],[0.138021,0.0420427,0.122027,0.697909],[0.565936,0.00405033,0.421967,0.00804725],[0.154018,0.0720367,0.633924,0.140021],[0.359977,0.363978,0.102031,0.174014]]},{"db":2,"id":"MXI1_HUMAN.H11MO.0.A","len":15,"ltrim":1,"rtrim":4,"nsites":500,"evalue":"1.0e+000","url":"http://hocomoco.autosome.ru/motif/MXI1_HUMAN.H11MO.0.A","pwm":[[0.229115,0.302423,0.393895,0.0745682],[0.00425927,0.967885,0.0258583,0.00199705],[0.964583,0.00170993,0.0299207,0.00378643],[0.0220609,0.890619,0.0661176,0.0212025],[0.172993,0.0657987,0.751728,0.00948053],[0.0666975,0.0944293,0.0422779,0.796595],[0.00784986,5.11298e-05,0.985774,0.00632533],[0.0611046,0.171934,0.594562,0.172399],[0.119061,0.391812,0.371153,0.117973],[0.198313,0.239884,0.284867,0.276937],[0.0335547,0.232128,0.565591,0.168726],[0.118676,0.391929,0.320074,0.169321],[0.139127,0.305184,0.362949,0.192739],[0.163425,0.217488,0.451575,0.167512],[0.178986,0.307098,0.413345,0.10057]]},{"db":2,"id":"NR1H3_HUMAN.H11MO.0.B","len":19,"ltrim":2,"rtrim":0,"nsites":500,"evalue":"1.0e+000","url":"http://hocomoco.autosome.ru/motif/NR1H3_HUMAN.H11MO.0.B","pwm":[[0.168015,0.481955,0.20801,0.14202],[0.423964,0.224006,0.124026,0.228003],[0.373974,0.126026,0.419967,0.0800329],[0.54394,0.0260459,0.379975,0.0500389],[0.122024,0.00604993,0.813888,0.0580373],[0.0380413,0.0440423,0.7559,0.162016],[0.0640361,0.15802,0.152021,0.625924],[0.14402,0.427966,0.0840343,0.34398],[0.829883,0.0180475,0.0540403,0.0980293],[0.114026,0.591933,0.142023,0.152018],[0.224004,0.178016,0.0860339,0.511946],[0.240001,0.228006,0.289993,0.242],[0.228003,0.323986,0.283994,0.164016],[0.659917,0.0900331,0.172017,0.0780333],[0.0800329,0.0260459,0.835884,0.0580373],[0.106028,0.0400431,0.717908,0.136022],[0.152018,0.138024,0.220007,0.489951],[0.0780333,0.737904,0.0720367,0.112026],[0.871874,0.0440423,0.0480415,0.0360417]]},{"db":2,"id":"OSR2_HUMAN.H11MO.0.C","len":16,"ltrim":4,"rtrim":0,"nsites":473,"evalue":"1.0e+000","url":"http://hocomoco.autosome.ru/motif/OSR2_HUMAN.H11MO.0.C","pwm":[[0.173377,0.164924,0.488323,0.173377],[0.0719181,0.403774,0.211426,0.312882],[0.167035,0.28752,0.12265,0.422795],[0.131102,0.346704,0.37841,0.143784],[0.0550083,0.670103,0.0592382,0.215651],[0.344588,0.0211912,0.145901,0.488321],[0.0338711,0.0169638,0.944886,0.00427907],[0.0148477,0.972364,0.00850892,0.00427907],[0.00216536,0.0486696,0.00216777,0.946997],[0.243129,0.215653,0.205085,0.336133],[0.00216536,0.991388,0.00216777,0.00427907],[0.00850651,0.173379,0.00216777,0.815947],[0.0951689,0.167038,0.61726,0.120534],[0.181831,0.446049,0.12265,0.24947],[0.302313,0.109967,0.232563,0.355156],[0.0803729,0.169151,0.587668,0.162808]]},{"db":2,"id":"PATZ1_HUMAN.H11MO.0.C","len":22,"ltrim":0,"rtrim":1,"nsites":491,"evalue":"1.0e+000","url":"http://hocomoco.autosome.ru/motif/PATZ1_HUMAN.H11MO.0.C","pwm":[[0.234218,0.0916831,0.560019,0.114079],[0.136478,0.0265233,0.639433,0.197566],[0.142587,0.0835381,0.682194,0.0916808],[0.0407746,0.0855744,0.841021,0.0326297],[0.458205,0.287163,0.13648,0.118152],[0.244399,0.0611394,0.623143,0.0713183],[0.142587,0.0305957,0.706629,0.120188],[0.215892,0.0652119,0.692375,0.0265209],[0.126297,0.016342,0.84713,0.010231],[0.211819,0.118154,0.614998,0.0550284],[0.41748,0.557983,0.00819705,0.0163397],[0.0794633,0.0285595,0.553911,0.338066],[0.0285572,0.142589,0.76568,0.0631733],[0.160913,0.160915,0.606853,0.0713183],[0.327885,0.0631757,0.578346,0.0305934],[0.291233,0.191459,0.49486,0.0224484],[0.240327,0.240329,0.34825,0.171094],[0.158877,0.0753931,0.576309,0.189421],[0.128333,0.0570669,0.773825,0.0407746],[0.413408,0.21793,0.313634,0.0550284],[0.317704,0.0143058,0.623143,0.0448471],[0.138514,0.203677,0.488751,0.169058]]},{"db":2,"id":"PPARA_HUMAN.H11MO.0.B","len":17,"ltrim":1,"rtrim":0,"nsites":500,"evalue":"1.0e+000","url":"http://hocomoco.autosome.ru/motif/PPARA_HUMAN.H11MO.0.B","pwm":[[0.49195,0.216008,0.126026,0.166016],[0.533942,0.0240463,0.0880335,0.353978],[0.0820325,0.421967,0.367978,0.128023],[0.0620365,0.116028,0.152021,0.669915],[0.44396,0.0300451,0.467958,0.0580373],[0.0940301,0.00205073,0.837884,0.0660357],[0.148019,0.0120487,0.801891,0.0380413],[0.122024,0.182015,0.387974,0.307987],[0.102028,0.517948,0.261999,0.118025],[0.923864,0.0180475,0.0540403,0.00404805],[0.651918,0.0420427,0.256,0.0500389],[0.811886,5.11298e-05,0.188014,4.88502e-05],[0.132022,0.00405033,0.827886,0.0360417],[0.0580373,0.00804953,0.80389,0.130023],[0.0400409,0.118028,0.252001,0.589931],[0.0740341,0.613928,0.152021,0.160017],[0.723904,0.0820347,0.0980315,0.0960297]]},{"db":2,"id":"SP2_HUMAN.H11MO.0.A","len":22,"ltrim":0,"rtrim":0,"nsites":499,"evalue":"1.0e+000","url":"http://hocomoco.autosome.ru/motif/SP2_HUMAN.H11MO.0.A","pwm":[[0.128529,0.250151,0.569031,0.0522883],[0.180003,0.246123,0.522891,0.0509837],[0.150764,0.282174,0.504602,0.0624596],[0.154521,0.318674,0.42054,0.106265],[0.287963,0.222106,0.384327,0.105604],[0.175217,0.100132,0.656764,0.0678868],[0.140024,0.0557876,0.706025,0.0981634],[0.296015,0.0549119,0.630411,0.0186621],[0.0378346,0.00429103,0.918472,0.0394025],[0.0122171,0.0208881,0.956786,0.0101084],[0.0434612,0.889614,0.0128518,0.0540727],[0.0324001,0.01642,0.90017,0.0510097],[0.0125951,0.0201768,0.934454,0.0327743],[0.0993402,0.0869196,0.785943,0.0277973],[0.220792,0.17759,0.58164,0.019977],[0.103853,0.604626,0.218657,0.0728636],[0.050096,0.508074,0.233442,0.208388],[0.201317,0.190205,0.392565,0.215912],[0.129685,0.236981,0.526477,0.106857],[0.182029,0.25794,0.465997,0.0940346],[0.150531,0.185505,0.589239,0.074726],[0.122747,0.326352,0.494872,0.0560289]]},{"db":2,"id":"SP4_HUMAN.H11MO.0.A","len":20,"ltrim":2,"rtrim":1,"nsites":499,"evalue":"1.0e+000","url":"http://hocomoco.autosome.ru/motif/SP4_HUMAN.H11MO.0.A","pwm":[[0.222449,0.248498,0.45487,0.0741824],[0.266529,0.148318,0.462884,0.122269],[0.140301,0.180376,0.60514,0.0741824],[0.404777,0.250502,0.248498,0.0962221],[0.526997,0.112253,0.224455,0.136294],[0.346673,0.0260981,0.549039,0.0781896],[0.230464,0.0180837,0.637198,0.114255],[0.342666,0.0200873,0.615158,0.0220886],[0.0681716,0.0120729,0.901674,0.0180814],[0.0361139,0.00405845,0.935735,0.0240922],[0.124273,0.769436,0.0100693,0.0962221],[0.0561499,0.0160801,0.855591,0.0721788],[0.0541463,0.0180837,0.861602,0.066168],[0.352684,0.0301053,0.567072,0.0501391],[0.214435,0.0100693,0.747396,0.0280994],[0.198406,0.597126,0.142307,0.0621607],[0.248496,0.414798,0.124275,0.212431],[0.326637,0.0781919,0.364708,0.230464],[0.302594,0.112253,0.498949,0.086204],[0.332648,0.142307,0.430827,0.0942185]]},{"db":2,"id":"TAF1_HUMAN.H11MO.0.A","len":16,"ltrim":0,"rtrim":0,"nsites":500,"evalue":"1.0e+000","url":"http://hocomoco.autosome.ru/motif/TAF1_HUMAN.H11MO.0.A","pwm":[[0.505948,0.0580395,0.40597,0.0300429],[0.751898,0.0460419,0.15602,0.0460397],[0.423964,0.0560399,0.511949,0.00804725],[0.529943,0.0960319,0.359979,0.0140461],[0.349979,0.172017,0.0340443,0.44396],[0.0900309,0.0320447,0.837884,0.0400409],[0.0180453,0.0140483,0.95786,0.0100469],[0.323984,0.651921,0.00804953,0.0160457],[0.232002,0.0560399,0.621927,0.0900309],[0.0700349,0.0640383,0.831885,0.0340421],[0.281992,0.539943,0.0600391,0.118025],[0.180013,0.0640383,0.643922,0.112026],[0.158017,0.166018,0.631925,0.0440401],[0.301988,0.411969,0.188014,0.0980293],[0.190011,0.146022,0.525946,0.138021],[0.271994,0.138024,0.527946,0.0620365]]},{"db":2,"id":"TBX21_HUMAN.H11MO.0.A","len":13,"ltrim":2,"rtrim":1,"nsites":494,"evalue":"1.0e+000","url":"http://hocomoco.autosome.ru/motif/TBX21_HUMAN.H11MO.0.A","pwm":[[0.214581,0.20244,0.439234,0.143745],[0.214581,0.115413,0.315777,0.354229],[0.127554,0.186249,0.57281,0.113387],[0.329942,0.109341,0.333992,0.226724],[0.491853,0.0526727,0.321849,0.133626],[0.190294,0.00814728,0.700315,0.101244],[0.0567181,0.297562,0.601145,0.0445748],[0.0486226,0.00814728,0.00814728,0.935083],[0.00207333,0.00207563,0.967467,0.0283838],[0.147793,0.125532,0.121485,0.60519],[0.042551,0.163986,0.613288,0.180175],[0.601142,0.0182667,0.317801,0.0627898],[0.376491,0.190297,0.259109,0.174103]]},{"db":2,"id":"TFE3_HUMAN.H11MO.0.B","len":10,"ltrim":0,"rtrim":0,"nsites":467,"evalue":"1.0e+000","url":"http://hocomoco.autosome.ru/motif/TFE3_HUMAN.H11MO.0.B","pwm":[[0.319042,0.0428721,0.483891,0.154195],[0.132786,0.0107591,0.847839,0.00861578],[0.021461,0.027886,0.0428721,0.907781],[0.0171793,0.94846,0.027886,0.00647491],[0.961303,0.0107591,0.0193226,0.00861578],[0.0150384,0.933474,0.0150408,0.0364471],[0.152054,0.0193226,0.813585,0.0150384],[0.0171793,0.0300269,0.0364495,0.916344],[0.0128975,0.00219561,0.972009,0.0128975],[0.802878,0.045013,0.122084,0.0300245]]},{"db":2,"id":"THA_HUMAN.H11MO.0.C","len":17,"ltrim":0,"rtrim":1,"nsites":74,"evalue":"1.0e+000","url":"http://hocomoco.autosome.ru/motif/THA_HUMAN.H11MO.0.C","pwm":[[0.392327,0.070743,0.423117,0.113813],[0.0988099,0.0772827,0.702016,0.121891],[0.104965,0.0711277,0.645082,0.178825],[0.181903,0.124984,0.120368,0.572746],[0.13574,0.545064,0.255778,0.0634185],[0.586594,0.0742052,0.180379,0.158821],[0.14805,0.349642,0.20346,0.298848],[0.188058,0.24039,0.146527,0.425025],[0.0988099,0.220387,0.109597,0.571207],[0.22191,0.448122,0.271166,0.0588023],[0.842027,0.000345074,0.106519,0.0511085],[0.0141785,0.0788215,0.846659,0.060341],[0.00032969,0.124984,0.782031,0.0926548],[0.280383,0.0295814,0.0926702,0.597366],[0.0434148,0.688168,0.206538,0.0618798],[0.738931,0.135755,0.0803602,0.0449535],[0.127661,0.172301,0.449276,0.250762]]},{"db":2,"id":"VEZF1_HUMAN.H11MO.0.C","len":22,"ltrim":0,"rtrim":0,"nsites":500,"evalue":"1.0e+000","url":"http://hocomoco.autosome.ru/motif/VEZF1_HUMAN.H11MO.0.C","pwm":[[0.230003,0.0880335,0.543942,0.138021],[0.212006,0.10803,0.635924,0.0440401],[0.29599,0.0620387,0.547942,0.0940301],[0.305988,0.0760359,0.543942,0.0740341],[0.505948,0.0880335,0.349981,0.0560377],[0.34198,0.0600391,0.499951,0.0980293],[0.19401,0.112029,0.643922,0.0500389],[0.263996,0.112029,0.497952,0.126024],[0.29599,0.0640383,0.583934,0.0560377],[0.0580373,0.0120487,0.859879,0.0700349],[0.0180453,0.118028,0.829885,0.0340421],[0.821884,0.0860339,0.0120487,0.0800329],[0.247999,0.0260459,0.70391,0.0220445],[0.206008,0.0800351,0.669917,0.0440401],[0.273994,0.0460419,0.583934,0.0960297],[0.210007,0.0320447,0.645922,0.112026],[0.150019,0.124026,0.671917,0.0540381],[0.463956,0.182015,0.271997,0.0820325],[0.212006,0.0980315,0.567938,0.122024],[0.381972,0.0220467,0.541943,0.0540381],[0.307987,0.0660379,0.55794,0.0680353],[0.335982,0.0420427,0.523946,0.0980293]]},{"db":2,"id":"WT1_HUMAN.H11MO.0.C","len":20,"ltrim":0,"rtrim":0,"nsites":500,"evalue":"1.0e+000","url":"http://hocomoco.autosome.ru/motif/WT1_HUMAN.H11MO.0.C","pwm":[[0.311986,0.102031,0.513948,0.0720345],[0.210007,0.160019,0.559939,0.0700349],[0.0880313,0.112029,0.761899,0.0380413],[0.273994,0.30399,0.275996,0.14602],[0.0980293,0.0840343,0.80389,0.0140461],[0.289991,0.0520407,0.595932,0.0620365],[0.251998,0.0260459,0.713908,0.00804725],[0.00604765,0.0260459,0.95586,0.0120465],[0.0120465,0.0160479,0.971857,4.88502e-05],[0.825884,0.148022,0.00405033,0.0220445],[0.0120465,0.00804953,0.969857,0.0100469],[0.0360417,0.0120487,0.90787,0.0440401],[0.475954,0.100031,0.385974,0.0380413],[0.238001,0.0360439,0.713908,0.0120465],[0.242,0.186014,0.515948,0.0560377],[0.305988,0.214008,0.387974,0.0920305],[0.120025,0.0680375,0.751901,0.0600369],[0.19401,0.0940323,0.673916,0.0380413],[0.369975,0.10803,0.471957,0.0500389],[0.214006,0.0800351,0.679915,0.0260437]]},{"db":2,"id":"ZBT17_HUMAN.H11MO.0.A","len":19,"ltrim":2,"rtrim":0,"nsites":500,"evalue":"1.0e+000","url":"http://hocomoco.autosome.ru/motif/ZBT17_HUMAN.H11MO.0.A","pwm":[[0.184012,0.238004,0.435964,0.14202],[0.387971,0.15602,0.299991,0.156018],[0.279993,0.0540403,0.539943,0.126024],[0.212006,0.0800351,0.609929,0.0980293],[0.200009,0.136024,0.571937,0.0920305],[0.319985,0.128026,0.0940323,0.457957],[0.140021,0.0400431,0.811889,0.00804725],[0.204008,0.0260459,0.679915,0.0900309],[0.238001,0.0340443,0.683914,0.0440401],[0.152018,0.00604993,0.789893,0.0520385],[0.0720345,0.0740363,0.849881,0.00404805],[0.69591,0.200011,0.00205073,0.102028],[0.198009,0.0320447,0.537944,0.232002],[0.0520385,0.0160479,0.885874,0.0460397],[0.232002,0.0220467,0.725906,0.0200449],[0.255998,0.00804953,0.709909,0.0260437],[0.527943,0.275996,0.136024,0.0600369],[0.419965,0.0620387,0.331985,0.186012],[0.257997,0.114028,0.50795,0.120025]]},{"db":2,"id":"ZIC1_HUMAN.H11MO.0.B","len":9,"ltrim":0,"rtrim":1,"nsites":33,"evalue":"1.0e+000","url":"http://hocomoco.autosome.ru/motif/ZIC1_HUMAN.H11MO.0.B","pwm":[[0.0478266,0.132296,0.518747,0.301131],[0.0884202,0.0592273,0.851614,0.000738067],[0.000738067,0.0299999,0.939297,0.0299655],[0.000738067,0.0592273,0.939297,0.000738067],[0.299507,0.0299999,0.176137,0.494356],[0.117648,0.000772507,0.763932,0.117648],[0.0591929,0.234592,0.705477,0.000738067],[0.0332129,0.0884547,0.267067,0.611266],[0.215884,0.443243,0.274373,0.0664997]]},{"db":2,"id":"ZN121_HUMAN.H11MO.0.C","len":20,"ltrim":0,"rtrim":0,"nsites":486,"evalue":"1.0e+000","url":"http://hocomoco.autosome.ru/motif/ZN121_HUMAN.H11MO.0.C","pwm":[[0.0267937,0.917559,0.0288533,0.0267937],[0.0823379,0.0350248,0.0843974,0.79824],[0.0123934,0.0123957,0.958703,0.0165078],[0.0370797,0.0247389,0.934017,0.00416464],[0.0926238,0.0679399,0.833215,0.00622183],[0.0350225,0.921674,0.0350248,0.00827902],[0.827041,0.0926261,0.0617683,0.018565],[0.81264,0.0617683,0.0987977,0.0267937],[0.0432512,0.750927,0.090569,0.115253],[0.841441,0.037082,0.0926261,0.0288509],[0.0391369,0.220172,0.300402,0.440289],[0.824983,0.0288533,0.0453108,0.100853],[0.0226793,0.0350248,0.917559,0.0247365],[0.0329653,0.571951,0.037082,0.358001],[0.448518,0.080283,0.438234,0.0329653],[0.872299,0.0247389,0.0699971,0.0329653],[0.0226793,0.0206245,0.942246,0.0144506],[0.86407,0.0453108,0.0699971,0.0206222],[0.0288509,0.804414,0.0391392,0.127596],[0.0329653,0.773556,0.0453108,0.148168]]},{"db":2,"id":"ZN250_HUMAN.H11MO.0.C","len":20,"ltrim":0,"rtrim":0,"nsites":360,"evalue":"1.0e+000","url":"http://hocomoco.autosome.ru/motif/ZN250_HUMAN.H11MO.0.C","pwm":[[0.0167299,0.0500571,0.0361721,0.897041],[0.785961,0.00284801,0.18613,0.0250609],[0.0278379,0.941476,0.00562502,0.0250609],[6.78423e-05,0.983131,0.00284801,0.0139529],[0.947027,0.00284801,0.0278411,0.0222839],[0.00562186,0.222232,0.011179,0.760968],[0.419396,0.00284801,0.569357,0.00839886],[0.00284485,0.941476,0.00284801,0.052831],[0.0222839,0.013956,0.013956,0.949804],[0.0389459,0.00840203,0.949807,0.00284485],[0.00284485,0.0278411,0.00284801,0.966466],[0.00562186,0.0278411,0.00840203,0.958135],[0.00562186,0.0278411,7.1008e-05,0.966466],[0.00562186,0.00840203,0.0278411,0.958135],[0.066716,0.013956,0.910929,0.00839886],[0.522145,0.016733,0.413845,0.047277],[0.00562186,0.0278411,7.1008e-05,0.966466],[0.0306149,0.0333951,0.0639422,0.872048],[0.955358,0.0195101,0.011179,0.0139529],[0.00562186,0.872051,0.0278411,0.0944861]]},{"db":2,"id":"ZN281_HUMAN.H11MO.0.A","len":15,"ltrim":1,"rtrim":1,"nsites":482,"evalue":"1.0e+000","url":"http://hocomoco.autosome.ru/motif/ZN281_HUMAN.H11MO.0.A","pwm":[[0.230293,0.178439,0.458464,0.132803],[0.203328,0.0892462,0.603662,0.103764],[0.17014,0.180514,0.508246,0.1411],[0.278001,0.0768006,0.174291,0.470907],[0.0124962,0.00835007,0.968732,0.010422],[0.00419919,0.00420156,0.974955,0.0166447],[0.0809468,0.0166471,0.896133,0.00627345],[0.010422,0.00420156,0.979103,0.00627345],[0.027016,0.00420156,0.964583,0.00419919],[0.761304,0.109989,0.0021273,0.12658],[0.128655,0.0021273,0.740563,0.128655],[0.010422,5.30388e-05,0.979103,0.010422],[0.0353131,0.00627581,0.941766,0.0166447],[0.0850953,0.0166471,0.873316,0.0249418],[0.387937,0.248964,0.271781,0.091318]]},{"db":2,"id":"ZN467_HUMAN.H11MO.0.C","len":22,"ltrim":0,"rtrim":0,"nsites":499,"evalue":"1.0e+000","url":"http://hocomoco.autosome.ru/motif/ZN467_HUMAN.H11MO.0.C","pwm":[[0.296583,0.0240945,0.64922,0.030103],[0.0982257,0.00405845,0.84958,0.0481355],[0.0541463,0.0220909,0.915699,0.00806337],[0.00205255,0.0180837,0.975808,0.00405616],[0.949758,0.0240945,0.00405845,0.0220886],[0.184381,0.00806566,0.791476,0.0160778],[0.0321067,0.0180837,0.929725,0.020085],[0.298586,0.0160801,0.671259,0.0140742],[0.17837,0.0641666,0.733371,0.0240922],[0.416799,0.104239,0.408787,0.0701752],[0.410788,0.122271,0.420809,0.0461319],[0.292575,0.0721811,0.591115,0.0441283],[0.244489,0.0761883,0.645213,0.0341103],[0.360698,0.052145,0.535014,0.0521427],[0.284561,0.0561522,0.621169,0.0381175],[0.290572,0.062163,0.579094,0.0681716],[0.356691,0.0481378,0.529003,0.066168],[0.2505,0.0661702,0.641205,0.0421247],[0.260518,0.0801955,0.633191,0.0260958],[0.324633,0.062163,0.575086,0.0381175],[0.354687,0.0842027,0.514978,0.0461319],[0.288568,0.104239,0.541025,0.066168]]},{"db":2,"id":"ZN554_HUMAN.H11MO.0.C","len":20,"ltrim":0,"rtrim":1,"nsites":500,"evalue":"1.0e+000","url":"http://hocomoco.autosome.ru/motif/ZN554_HUMAN.H11MO.0.C","pwm":[[0.240001,0.0940323,0.599931,0.0660357],[0.0600369,0.823886,0.00604993,0.110027],[0.34398,0.114028,0.15402,0.387971],[0.0440401,0.0640383,0.845882,0.0460397],[0.685912,0.0100491,0.283994,0.0200449],[0.14202,0.0380435,0.815888,0.00404805],[0.0160457,0.569937,0.0460419,0.367975],[4.88502e-05,0.985854,5.11298e-05,0.0140461],[0.777893,0.0600391,0.0900331,0.0720345],[0.174014,0.271997,0.240003,0.313986],[0.178013,0.202011,0.431965,0.188011],[0.120025,0.160019,0.168018,0.551938],[0.413966,0.0400431,0.435964,0.110027],[0.140021,0.118028,0.701911,0.0400409],[0.218005,0.0980315,0.375976,0.307987],[0.138021,0.120027,0.45596,0.285992],[0.160017,0.124026,0.273996,0.44196],[0.381972,0.10603,0.423966,0.0880313],[0.126024,0.65392,0.0900331,0.130023],[0.184012,0.15402,0.144022,0.517945]]},{"db":2,"id":"ZN770_HUMAN.H11MO.0.C","len":22,"ltrim":0,"rtrim":1,"nsites":490,"evalue":"1.0e+000","url":"http://hocomoco.autosome.ru/motif/ZN770_HUMAN.H11MO.0.C","pwm":[[0.226534,0.095951,0.528516,0.148999],[0.126555,0.024537,0.836616,0.0122922],[0.046979,0.0224966,0.928434,0.00209025],[0.940674,0.00617337,0.0429006,0.0102518],[0.0326962,5.2173e-05,0.957,0.0102518],[0.0286154,0.0122946,0.946798,0.0122922],[0.0408578,0.875384,0.0571834,0.026575],[0.124514,0.287749,0.044941,0.542796],[0.116353,0.0816682,0.781525,0.0204538],[0.640735,0.0714662,0.2449,0.0428982],[0.146959,0.0592238,0.763162,0.0306558],[0.191847,0.0898298,0.642778,0.0755446],[0.169403,0.402011,0.204092,0.224494],[0.328554,0.0714662,0.479546,0.120433],[0.106151,0.095951,0.755,0.0428982],[0.161241,0.0939106,0.712152,0.0326962],[0.648897,0.0469814,0.226537,0.077585],[0.0918678,0.044941,0.844778,0.0184134],[0.214292,0.100032,0.661142,0.0245346],[0.565241,0.189809,0.169405,0.0755446],[0.0898274,0.138799,0.255102,0.516271],[0.10207,0.495869,0.222456,0.179605]]}],"sequence_names":["chr10:102757290-102757789","chr10:104178697-104179196","chr10:104404004-104404503","chr10:104687310-104687809","chr10:105176463-105176962","chr10:105245410-105245909","chr10:105253752-105254251","chr10:105262390-105262889","chr10:105313052-105313551","chr10:105350470-105350969","chr10:105375656-105376155","chr10:105421288-105421787","chr10:105465758-105466257","chr10:105475828-105476327","chr10:105489447-105489946","chr10:105518730-105519229","chr10:120840067-120840566","chr10:120863349-120863848","chr10:120898904-120899403","chr10:120924930-120925429","chr10:120951368-120951867","chr10:120982057-120982556","chr10:121030448-121030947","chr10:121130405-121130904","chr10:121485360-121485859","chr10:13344163-13344662","chr10:14646138-14646637","chr10:15250873-15251372","chr10:22906460-22906959","chr10:22986057-22986556","chr10:23003235-23003734","chr10:23111881-23112380","chr10:23665037-23665536","chr10:6205519-6206018","chr10:6244600-6245099","chr10:6245165-6245664","chr10:71168552-71169051","chr10:72218041-72218540","chr10:73001065-73001564","chr10:75634094-75634593","chr10:79435000-79435499","chr11:111957273-111957772","chr11:112096839-112097338","chr11:397026-397525","chr11:46354206-46354705","chr11:46370579-46371078","chr11:46402057-46402556","chr11:47236244-47236743","chr11:47291334-47291833","chr11:47447744-47448243","chr11:47609418-47609917","chr11:568349-568848","chr11:57241496-57241995","chr11:57266984-57267483","chr11:57405603-57406102","chr11:57435755-57436254","chr11:57524269-57524768","chr11:61735204-61735703","chr11:62172326-62172825","chr11:62211675-62212174","chr11:62323458-62323957","chr11:62572709-62573208","chr11:62648875-62649374","chr11:63535675-63536174","chr11:63606151-63606650","chr11:63677174-63677673","chr11:63684067-63684566","chr11:63769460-63769959","chr11:63916052-63916551","chr11:63920464-63920963","chr11:63953877-63954376","chr11:64014164-64014663","chr11:64018746-64019245","chr11:64072795-64073294","chr11:64085307-64085806","chr11:64158539-64159038","chr11:64293146-64293645","chr11:64401208-64401707","chr11:64418257-64418756","chr11:64443304-64443803","chr11:64458055-64458554","chr11:64460303-64460802","chr11:64478650-64479149","chr11:64480892-64481391","chr11:64511140-64511639","chr11:64563628-64564127","chr11:64570464-64570963","chr11:65381539-65382038","chr11:65406098-65406597","chr11:65430316-65430815","chr11:65479218-65479717","chr11:65548024-65548523","chr11:65686339-65686838","chr11:65819469-65819968","chr11:66049814-66050313","chr11:66084266-66084765","chr11:66112347-66112846","chr11:66114914-66115413","chr11:66115172-66115671","chr11:66139436-66139935","chr11:66326594-66327093","chr11:66623869-66624368","chr11:66886491-66886990","chr11:67008462-67008961","chr11:67033632-67034131","chr11:67044878-67045377","chr11:67169172-67169671","chr11:67236494-67236993","chr11:67772203-67772702","chr11:67909376-67909875","chr11:68227937-68228436","chr11:797200-797699","chr11:8932249-8932748","chr11:8935475-8935974","chr12:101717399-101717898","chr12:102248496-102248995","chr12:103849675-103850174","chr12:104234980-104235479","chr12:104277982-104278481","chr12:104502871-104503370","chr12:104531014-104531513","chr12:104531818-104532317","chr12:104680472-104680971","chr12:109746776-109747275","chr12:109914958-109915457","chr12:110151784-110152283","chr12:110478092-110478591","chr12:110787463-110787962","chr12:111868499-111868998","chr12:111872701-111873200","chr12:112123608-112124107","chr12:112204442-112204941","chr12:112279533-112280032","chr12:112450871-112451370","chr12:112563056-112563555","chr12:120426580-120427079","chr12:120515502-120516001","chr12:120530091-120530590","chr12:120592943-120593442","chr12:120702140-120702639","chr12:120703325-120703824","chr12:120806734-120807233","chr12:120907347-120907846","chr12:121018952-121019451","chr12:121021117-121021616","chr12:121078106-121078605","chr12:121079003-121079502","chr12:121151621-121152120","chr12:121291658-121292157","chr12:123530908-123531407","chr12:123735249-123735748","chr12:123754012-123754511","chr12:123921015-123921514","chr12:124016569-124017068","chr12:124018016-124018515","chr12:124196616-124197115","chr12:53738850-53739349","chr12:55808728-55809227","chr12:56069290-56069789