<!DOCTYPE HTML>
<html>
  <head>
    <meta charset="UTF-8">
    <title>SpaMo - Spaced Motif Analysis</title>
    <script type="text/javascript">
      //@JSON_VAR data
      var data = {"program":"SpaMo","version":"4.11.3","revision":"c13e15f35e38483381a6e8a363f9137e303c0765","release":"Sat Mar 11 20:16:08 2017 -0800","host":"uger-c011.broadinstitute.org","when":"Sun Feb 28 16:44:06 2021","cmd":["spamo","-verbosity","1","-oc","/broad/sankaranlab/fyu/HemeMap/02262021-downMast_re-analysis/motif_denovo/all_mast0035_interactions_10x_hocomoco_meme-chip/spamo_out_12","-bgfile","/broad/sankaranlab/fyu/HemeMap/02262021-downMast_re-analysis/motif_denovo/all_mast0035_interactions_10x_hocomoco_meme-chip/background","-primary","AGAWAA","/broad/sankaranlab/fyu/HemeMap/02262021-downMast_re-analysis/motif_denovo/all_mast0035_interactions_10x_hocomoco_meme-chip/20210227-deg_interactions_peaks_all_mast0035_fa_1based.fa","/broad/sankaranlab/fyu/HemeMap/02262021-downMast_re-analysis/motif_denovo/all_mast0035_interactions_10x_hocomoco_meme-chip/dreme_out/dreme.xml","/broad/sankaranlab/fyu/HemeMap/02262021-downMast_re-analysis/motif_denovo/all_mast0035_interactions_10x_hocomoco_meme-chip/meme_out/meme.xml","/broad/sankaranlab/fyu/HemeMap/02262021-downMast_re-analysis/motif_denovo/all_mast0035_interactions_10x_hocomoco_meme-chip/dreme_out/dreme.xml","/broad/sankaranlab/fyu/motif_data/HOCOMOCOv11_core_HUMAN_mono_meme_format.meme"],"options":{"seq_min_hit_score":7,"margin":150,"bin_size":1,"bin_pvalue_calc_range":150,"use_best_secondary":0,"seq_max_shared_fract":0.5,"seq_odds_ratio":20,"bin_pvalue_cutoff":0.05,"motif_evalue_cutoff":10,"redundant_overlap":2,"redundant_joint":0.5,"motif_pseudocount":0.1,"bgfile":"/broad/sankaranlab/fyu/HemeMap/02262021-downMast_re-analysis/motif_denovo/all_mast0035_interactions_10x_hocomoco_meme-chip/background","motif_trim":0.25,"xalph":0,"seed":1,"bin_max":58},"alphabet":{"name":"DNA","like":"dna","ncore":4,"symbols":[{"symbol":"A","name":"Adenine","colour":"CC0000","complement":"T"},{"symbol":"C","name":"Cytosine","colour":"0000CC","complement":"G"},{"symbol":"G","name":"Guanine","colour":"FFB300","complement":"C"},{"symbol":"T","aliases":"U","name":"Thymine","colour":"008000","complement":"A"},{"symbol":"N","aliases":"X.","name":"Any base","equals":"ACGT"},{"symbol":"V","name":"Not T","equals":"ACG"},{"symbol":"H","name":"Not G","equals":"ACT"},{"symbol":"D","name":"Not C","equals":"AGT"},{"symbol":"B","name":"Not A","equals":"CGT"},{"symbol":"M","name":"Amino","equals":"AC"},{"symbol":"R","name":"Purine","equals":"AG"},{"symbol":"W","name":"Weak","equals":"AT"},{"symbol":"S","name":"Strong","equals":"CG"},{"symbol":"Y","name":"Pyrimidine","equals":"CT"},{"symbol":"K","name":"Keto","equals":"GT"}]},"background":[0.2443,0.2557,0.2557,0.2443],"sequence_dbs":[{"source":"/broad/sankaranlab/fyu/HemeMap/02262021-downMast_re-analysis/motif_denovo/all_mast0035_interactions_10x_hocomoco_meme-chip/20210227-deg_interactions_peaks_all_mast0035_fa_1based.fa","name":"20210227-deg_interactions_peaks_all_mast0035_fa_1based","last_modified":"Sun Feb 28 14:32:25 2021","loaded":13184,"excluded_too_short":0,"excluded_no_match":9189,"excluded_ambigs":0,"excluded_similar":26,"erased_primary_matches":2523}],"primary_dbs":[{"source":"/broad/sankaranlab/fyu/HemeMap/02262021-downMast_re-analysis/motif_denovo/all_mast0035_interactions_10x_hocomoco_meme-chip/dreme_out/dreme.xml","name":"dreme.xml","last_modified":"Sun Feb 28 15:41:49 2021","loaded":9,"excluded":8}],"secondary_dbs":[{"source":"/broad/sankaranlab/fyu/HemeMap/02262021-downMast_re-analysis/motif_denovo/all_mast0035_interactions_10x_hocomoco_meme-chip/meme_out/meme.xml","name":"meme.xml","last_modified":"Sun Feb 28 15:22:49 2021","loaded":10,"excluded":0},{"source":"/broad/sankaranlab/fyu/HemeMap/02262021-downMast_re-analysis/motif_denovo/all_mast0035_interactions_10x_hocomoco_meme-chip/dreme_out/dreme.xml","name":"dreme.xml","last_modified":"Sun Feb 28 15:41:49 2021","loaded":10,"excluded":1},{"source":"/broad/sankaranlab/fyu/motif_data/HOCOMOCOv11_core_HUMAN_mono_meme_format.meme","name":"HOCOMOCOv11_core_HUMAN_mono_meme_format","last_modified":"Sat Jun 23 07:43:00 2018","loaded":401,"excluded":0}],"secondary_motifs":[{"db":0,"id":"1","alt":"MEME","len":11,"ltrim":0,"rtrim":1,"nsites":268,"evalue":"2.2e-065","pwm":[[0.440226,0.153023,0.346981,0.0597699],[0.432766,0.126914,0.324601,0.11572],[0.522284,9.53749e-05,0.335791,0.141829],[0.317137,0.257462,0.42531,9.11227e-05],[0.675212,0.100804,0.223893,9.11227e-05],[0.0112809,9.53749e-05,0.988533,9.11227e-05],[9.11227e-05,9.53749e-05,0.999722,9.11227e-05],[0.999718,9.53749e-05,9.53749e-05,9.11227e-05],[0.999718,9.53749e-05,9.53749e-05,9.11227e-05],[0.421576,0.160484,0.417849,9.11227e-05],[0.268648,0.272382,0.0635047,0.395466]]},{"db":0,"id":"3","alt":"MEME","len":30,"ltrim":0,"rtrim":0,"nsites":12,"evalue":"3.9e-015","pwm":[[0.167309,0.663271,0.00211322,0.167309],[0.00201901,0.580625,0.250047,0.167309],[0.91111,0.00211322,0.0847575,0.00201901],[0.00201901,0.0847575,0.911204,0.00201901],[0.580531,0.00211322,0.415337,0.00201901],[0.00201901,0.911204,0.00211322,0.0846633],[0.00201901,0.00211322,0.00211322,0.993755],[0.249953,0.00211322,0.663271,0.0846633],[0.167309,0.0847575,0.663271,0.0846633],[0.91111,0.00211322,0.00211322,0.0846633],[0.0846633,0.00211322,0.911204,0.00201901],[0.249953,0.00211322,0.0847575,0.663176],[0.00201901,0.00211322,0.828559,0.167309],[0.167309,0.828559,0.00211322,0.00201901],[0.828465,0.00211322,0.00211322,0.167309],[0.0846633,0.0847575,0.828559,0.00201901],[0.167309,0.00211322,0.00211322,0.828465],[0.00201901,0.00211322,0.911204,0.0846633],[0.167309,0.00211322,0.828559,0.00201901],[0.00201901,0.663271,0.00211322,0.332597],[0.415242,0.00211322,0.332691,0.249953],[0.00201901,0.497981,0.332691,0.167309],[0.249953,0.00211322,0.415337,0.332597],[0.415242,0.0847575,0.415337,0.0846633],[0.0846633,0.00211322,0.167403,0.745821],[0.00201901,0.580625,0.00211322,0.415242],[0.332597,0.00211322,0.0847575,0.580531],[0.00201901,0.663271,0.00211322,0.332597],[0.91111,0.00211322,0.0847575,0.00201901],[0.167309,0.167403,0.663271,0.00201901]]},{"db":0,"id":"4","alt":"MEME","len":29,"ltrim":0,"rtrim":0,"nsites":7,"evalue":"2.6e-013","pwm":[[0.00344085,0.00360141,0.848672,0.144286],[0.00344085,0.00360141,0.989517,0.00344085],[0.00344085,0.848672,0.144446,0.00344085],[0.566822,0.00360141,0.426136,0.00344085],[0.00344085,0.707827,0.00360141,0.285131],[0.425976,0.00360141,0.566982,0.00344085],[0.00344085,0.00360141,0.989517,0.00344085],[0.00344085,0.00360141,0.00360141,0.989356],[0.00344085,0.00360141,0.848672,0.144286],[0.144286,0.00360141,0.848672,0.00344085],[0.00344085,0.989517,0.00360141,0.00344085],[0.425976,0.00360141,0.00360141,0.566822],[0.00344085,0.566982,0.00360141,0.425976],[0.707666,0.00360141,0.285291,0.00344085],[0.00344085,0.707827,0.00360141,0.285131],[0.285131,0.00360141,0.707827,0.00344085],[0.00344085,0.989517,0.00360141,0.00344085],[0.00344085,0.989517,0.00360141,0.00344085],[0.00344085,0.144446,0.00360141,0.848511],[0.285131,0.00360141,0.707827,0.00344085],[0.00344085,0.00360141,0.00360141,0.989356],[0.989356,0.00360141,0.00360141,0.00344085],[0.848511,0.00360141,0.144446,0.00344085],[0.00344085,0.00360141,0.00360141,0.989356],[0.144286,0.707827,0.00360141,0.144286],[0.00344085,0.848672,0.00360141,0.144286],[0.00344085,0.989517,0.00360141,0.00344085],[0.989356,0.00360141,0.00360141,0.00344085],[0.144286,0.00360141,0.848672,0.00344085]]},{"db":1,"id":"AGGAARY","alt":"DREME","len":7,"ltrim":0,"rtrim":0,"nsites":3246,"evalue":"8.0e-288","pwm":[[0.999977,7.87714e-06,7.87714e-06,7.52595e-06],[7.52595e-06,7.87714e-06,0.999977,7.52595e-06],[7.52595e-06,7.87714e-06,0.999977,7.52595e-06],[0.999977,7.87714e-06,7.87714e-06,7.52595e-06],[0.999977,7.87714e-06,7.87714e-06,7.52595e-06],[0.4239,7.87714e-06,0.576084,7.52595e-06],[7.52595e-06,0.490751,7.87714e-06,0.509234]]},{"db":1,"id":"BTTCCB","alt":"DREME","len":6,"ltrim":0,"rtrim":0,"nsites":8580,"evalue":"7.5e-090","pwm":[[2.84729e-06,0.457224,0.241958,0.300815],[2.84729e-06,2.98015e-06,2.98015e-06,0.999991],[2.84729e-06,2.98015e-06,2.98015e-06,0.999991],[2.84729e-06,0.999991,2.98015e-06,2.84729e-06],[2.84729e-06,0.999991,2.98015e-06,2.84729e-06],[2.84729e-06,0.456408,0.175525,0.368064]]},{"db":2,"id":"ANDR_HUMAN.H11MO.0.A","len":18,"ltrim":0,"rtrim":0,"nsites":499,"evalue":"1.0e+000","url":"http://hocomoco.autosome.ru/motif/ANDR_HUMAN.H11MO.0.A","pwm":[[0.148316,0.0701775,0.0361161,0.745391],[0.0621607,0.0481378,0.777451,0.112251],[0.0681716,0.0661702,0.0140765,0.851582],[0.188388,0.172361,0.144311,0.49494],[0.0781896,0.733371,0.0361161,0.152323],[0.122269,0.278553,0.0321089,0.56707],[0.180374,0.134293,0.196405,0.488929],[0.198406,0.178372,0.216441,0.406781],[0.176366,0.192397,0.222452,0.408785],[0.20041,0.256513,0.120268,0.42281],[0.0721788,0.0140765,0.0140765,0.899668],[0.254507,0.0301053,0.691295,0.0240922],[0.0280994,0.0220909,0.0200873,0.929722],[0.0180814,0.00606205,0.098228,0.877629],[0.00806337,0.00806566,0.0641666,0.919704],[0.420806,0.0281017,0.494942,0.0561499],[0.086204,0.524996,0.0481378,0.340662],[0.290572,0.158336,0.0541486,0.496943]]},{"db":2,"id":"ATOH1_HUMAN.H11MO.0.B","len":9,"ltrim":0,"rtrim":0,"nsites":500,"evalue":"1.0e+000","url":"http://hocomoco.autosome.ru/motif/ATOH1_HUMAN.H11MO.0.B","pwm":[[0.533942,0.0420427,0.377976,0.0460397],[0.323984,0.15402,0.521947,4.88502e-05],[0.00204845,0.995852,0.00205073,4.88502e-05],[0.997849,5.11298e-05,5.11298e-05,0.00204845],[4.88502e-05,0.00804953,0.973856,0.0180453],[0.585932,0.379975,0.0340443,4.88502e-05],[0.0180453,0.00604993,0.00205073,0.973854],[0.00204845,5.11298e-05,0.989853,0.00804725],[0.0320425,0.110029,0.721907,0.136022]]},{"db":2,"id":"BC11A_HUMAN.H11MO.0.A","len":17,"ltrim":1,"rtrim":1,"nsites":500,"evalue":"1.0e+000","url":"http://hocomoco.autosome.ru/motif/BC11A_HUMAN.H11MO.0.A","pwm":[[0.375729,0.184626,0.286196,0.153449],[0.550579,0.0994716,0.224095,0.125854],[0.500163,0.142364,0.230715,0.126758],[0.589981,0.0166175,0.226052,0.16735],[0.187434,0.160797,0.580418,0.0713509],[0.66451,0.0145828,0.269378,0.0515299],[0.104036,0.0144896,0.828552,0.0529227],[0.200416,0.0327728,0.758548,0.00826379],[0.880097,0.0431264,0.0485986,0.0281784],[0.867863,0.00584078,0.0555453,0.0707512],[0.248398,0.226048,0.502142,0.0234128],[0.150157,0.154993,0.0315597,0.66329],[0.117831,0.0724935,0.76019,0.0494854],[0.658748,0.0644142,0.250664,0.0261737],[0.458784,0.143454,0.310167,0.0875949],[0.622701,0.0788461,0.157295,0.141158],[0.358984,0.204701,0.318077,0.118237]]},{"db":2,"id":"CDX1_HUMAN.H11MO.0.C","len":8,"ltrim":0,"rtrim":1,"nsites":30,"evalue":"1.0e+000","url":"http://hocomoco.autosome.ru/motif/CDX1_HUMAN.H11MO.0.C","pwm":[[0.465213,0.243767,0.0490758,0.241943],[0.0329625,0.000849502,0.0973022,0.868886],[0.0329625,0.000849502,0.0330004,0.933188],[0.0651134,0.0544343,0.129453,0.750999],[0.804584,0.000849502,0.161604,0.0329625],[0.247302,0.0937299,0.0330004,0.625968],[0.20622,0.000849502,0.792119,0.000811628],[0.199969,0.0999814,0.339327,0.360723]]},{"db":2,"id":"CDX2_HUMAN.H11MO.0.A","len":12,"ltrim":0,"rtrim":0,"nsites":151,"evalue":"1.0e+000","url":"http://hocomoco.autosome.ru/motif/CDX2_HUMAN.H11MO.0.A","pwm":[[0.152379,0.119296,0.21195,0.516376],[0.0597249,0.0729687,0.0597324,0.807574],[0.106052,0.000169226,0.0663506,0.827428],[0.0861974,0.24504,0.172241,0.496522],[0.986264,0.00678736,0.00678736,0.000161681],[0.00677981,0.0531143,0.0134055,0.9267],[0.0464886,0.000169226,0.311222,0.642121],[0.185469,0.00678736,0.807582,0.000161681],[0.0133979,0.761255,0.132532,0.0928156],[0.264887,0.21195,0.086205,0.436959],[0.139142,0.198713,0.35093,0.311214],[0.0133979,0.231804,0.172241,0.582557]]},{"db":2,"id":"COE1_HUMAN.H11MO.0.A","len":15,"ltrim":3,"rtrim":2,"nsites":500,"evalue":"1.0e+000","url":"http://hocomoco.autosome.ru/motif/COE1_HUMAN.H11MO.0.A","pwm":[[0.417965,0.202011,0.200011,0.180013],[0.419965,0.0900331,0.271997,0.218005],[0.118025,0.256,0.413968,0.212006],[0.0580373,0.202011,0.0240463,0.715906],[0.00204845,0.989853,0.00205073,0.00604765],[0.0140461,0.813888,5.11298e-05,0.172014],[0.00604765,0.945862,0.00205073,0.0460397],[0.249999,0.623926,0.0400431,0.0860317],[0.673914,0.0140483,0.0120487,0.299989],[0.0180453,5.11298e-05,0.981855,4.88502e-05],[0.247999,0.00205073,0.723906,0.0260437],[0.00604765,0.00405033,0.989853,4.88502e-05],[0.657917,0.0460419,0.256,0.0400409],[0.220005,0.433964,0.254,0.0920305],[0.212006,0.351981,0.0920327,0.34398]]},{"db":2,"id":"DLX3_HUMAN.H11MO.0.C","len":10,"ltrim":0,"rtrim":1,"nsites":34,"evalue":"1.0e+000","url":"http://hocomoco.autosome.ru/motif/DLX3_HUMAN.H11MO.0.C","pwm":[[0.17329,0.128569,0.659114,0.0390271],[0.412006,0.403826,0.183451,0.000716422],[0.000716422,0.023127,0.000749853,0.975407],[0.975407,0.000749853,0.023127,0.000716422],[0.997784,0.000749853,0.000749853,0.000716422],[0.000716422,0.000749853,0.000749853,0.997784],[0.000716422,0.000749853,0.0455041,0.95303],[0.541452,0.000749853,0.363888,0.0939095],[0.161041,0.515711,0.277777,0.0454707],[0.4455,0.154631,0.102795,0.297074]]},{"db":2,"id":"ELF1_HUMAN.H11MO.0.A","len":14,"ltrim":2,"rtrim":0,"nsites":500,"evalue":"1.0e+000","url":"http://hocomoco.autosome.ru/motif/ELF1_HUMAN.H11MO.0.A","pwm":[[0.249999,0.252001,0.401971,0.0960297],[0.457957,0.152021,0.267998,0.122024],[0.573934,0.0880335,0.128026,0.210007],[0.218005,0.461959,0.190013,0.130023],[0.102028,0.677916,0.20801,0.0120465],[0.299989,0.673916,0.0160479,0.0100469],[4.88502e-05,5.11298e-05,0.999851,4.88502e-05],[0.00604765,5.11298e-05,0.993852,4.88502e-05],[0.997849,5.11298e-05,5.11298e-05,0.00204845],[0.987851,5.11298e-05,0.00205073,0.0100469],[0.116026,0.0320447,0.839883,0.0120465],[0.136022,0.164018,0.0440423,0.655918],[0.158017,0.15602,0.577936,0.108027],[0.126024,0.339983,0.461959,0.0720345]]},{"db":2,"id":"ELF2_HUMAN.H11MO.0.C","len":13,"ltrim":3,"rtrim":0,"nsites":500,"evalue":"1.0e+000","url":"http://hocomoco.autosome.ru/motif/ELF2_HUMAN.H11MO.0.C","pwm":[[0.39197,0.152021,0.317988,0.138021],[0.489951,0.102031,0.218008,0.190011],[0.311986,0.317988,0.297992,0.0720345],[0.0720345,0.615928,0.291993,0.0200449],[0.232002,0.739903,0.0140483,0.0140461],[0.00804725,5.11298e-05,0.985854,0.00604765],[0.0120465,0.00804953,0.977856,0.00204845],[0.973854,0.0100491,0.00804953,0.00804725],[0.979853,0.00205073,0.00804953,0.0100469],[0.0860317,0.0140483,0.889873,0.0100469],[0.130023,0.20801,0.10403,0.557937],[0.19601,0.142023,0.551941,0.110027],[0.313986,0.192013,0.433964,0.0600369]]},{"db":2,"id":"ELK1_HUMAN.H11MO.0.B","len":11,"ltrim":0,"rtrim":1,"nsites":500,"evalue":"1.0e+000","url":"http://hocomoco.autosome.ru/motif/ELK1_HUMAN.H11MO.0.B","pwm":[[0.503948,0.130025,0.261999,0.104028],[0.120025,0.783894,0.0900331,0.00604765],[0.124024,0.839883,0.00205073,0.0340421],[0.00804725,0.00405033,0.985854,0.00204845],[0.00604765,0.00205073,0.991853,4.88502e-05],[0.997849,0.00205073,5.11298e-05,4.88502e-05],[0.985852,5.11298e-05,0.00405033,0.0100469],[0.0800329,0.0300451,0.825886,0.0640361],[0.0280433,0.168018,0.0280455,0.775894],[0.116026,0.110029,0.643922,0.130023],[0.317985,0.254,0.361979,0.0660357]]},{"db":2,"id":"ELK4_HUMAN.H11MO.0.A","len":12,"ltrim":2,"rtrim":1,"nsites":500,"evalue":"1.0e+000","url":"http://hocomoco.autosome.ru/motif/ELK4_HUMAN.H11MO.0.A","pwm":[[0.202008,0.259999,0.437964,0.100029],[0.367975,0.202011,0.35798,0.0720345],[0.0580373,0.823886,0.10803,0.0100469],[0.0480393,0.897872,5.11298e-05,0.0540381],[0.00204845,5.11298e-05,0.993852,0.00404805],[4.88502e-05,5.11298e-05,0.997852,0.00204845],[0.99585,5.11298e-05,5.11298e-05,0.00404805],[0.965856,5.11298e-05,5.11298e-05,0.0340421],[0.19401,0.0360439,0.727906,0.0420405],[0.0520385,0.259999,0.0480415,0.639921],[0.186012,0.10603,0.60593,0.102028],[0.238001,0.244002,0.439963,0.0780333]]},{"db":2,"id":"ETS1_HUMAN.H11MO.0.A","len":13,"ltrim":2,"rtrim":0,"nsites":500,"evalue":"1.0e+000","url":"http://hocomoco.autosome.ru/motif/ETS1_HUMAN.H11MO.0.A","pwm":[[0.367975,0.178016,0.341983,0.112026],[0.259997,0.182015,0.471957,0.0860317],[0.479953,0.0680375,0.423966,0.0280433],[0.128023,0.637924,0.228006,0.00604765],[0.615926,0.349981,0.0340443,4.88502e-05],[0.00404805,5.11298e-05,0.993852,0.00204845],[0.0120465,0.00604993,0.979855,0.00204845],[0.99185,0.00604993,5.11298e-05,0.00204845],[0.827883,0.0100491,0.00405033,0.158017],[0.184012,0.0100491,0.80589,4.88502e-05],[0.0840321,0.188014,0.0580395,0.669915],[0.130023,0.112029,0.633924,0.124024],[0.138021,0.126026,0.627926,0.108027]]},{"db":2,"id":"ETS2_HUMAN.H11MO.0.B","len":13,"ltrim":3,"rtrim":0,"nsites":500,"evalue":"1.0e+000","url":"http://hocomoco.autosome.ru/motif/ETS2_HUMAN.H11MO.0.B","pwm":[[0.230003,0.140023,0.435964,0.19401],[0.317985,0.146022,0.345982,0.190011],[0.321984,0.279995,0.297992,0.100029],[0.473954,0.0760359,0.365978,0.0840321],[0.19201,0.00804953,0.751901,0.0480393],[0.00404805,0.0100491,0.967858,0.0180453],[0.981852,0.0160479,5.11298e-05,0.00204845],[0.953858,0.0180475,0.0240463,0.00404805],[0.381972,0.0840343,0.519947,0.0140461],[0.39197,0.261999,0.198012,0.148019],[0.421964,0.0480415,0.459959,0.0700349],[0.329983,0.0860339,0.495952,0.0880313],[0.49595,0.100031,0.319987,0.0840321]]},{"db":2,"id":"ETV1_HUMAN.H11MO.0.A","len":11,"ltrim":2,"rtrim":0,"nsites":500,"evalue":"1.0e+000","url":"http://hocomoco.autosome.ru/motif/ETV1_HUMAN.H11MO.0.A","pwm":[[0.150019,0.244002,0.483954,0.122024],[0.329983,0.134024,0.40597,0.130023],[0.0420405,0.813888,0.144022,4.88502e-05],[0.216006,0.765898,0.00205073,0.0160457],[0.00404805,5.11298e-05,0.995852,4.88502e-05],[4.88502e-05,5.11298e-05,0.999851,4.88502e-05],[0.997849,5.11298e-05,0.00205073,4.88502e-05],[0.929863,0.00405033,5.11298e-05,0.0660357],[0.0760337,0.0360439,0.867878,0.0200449],[0.0880313,0.30399,0.142023,0.465956],[0.19401,0.148022,0.525946,0.132022]]},{"db":2,"id":"ETV2_HUMAN.H11MO.0.B","len":16,"ltrim":2,"rtrim":1,"nsites":229,"evalue":"1.0e+000","url":"http://hocomoco.autosome.ru/motif/ETV2_HUMAN.H11MO.0.B","pwm":[[0.32311,0.174708,0.353669,0.148513],[0.301285,0.174708,0.436602,0.0874048],[0.580639,0.135424,0.205262,0.0786749],[0.52826,0.0612203,0.384223,0.0262961],[0.56318,0.0393958,0.388588,0.00883645],[0.0262961,0.873093,0.0917746,0.00883645],[0.890547,0.104869,0.000111611,0.00447154],[0.000106635,0.000111611,0.999675,0.000106635],[0.000106635,0.00447652,0.99531,0.000106635],[0.986575,0.000111611,0.0132063,0.000106635],[0.929832,0.000111611,0.000111611,0.0699451],[0.475881,0.0175712,0.506441,0.000106635],[0.0568504,0.323115,0.0568554,0.56318],[0.349299,0.135424,0.406048,0.109229],[0.109229,0.262006,0.567549,0.0612153],[0.174703,0.288195,0.436602,0.100499]]},{"db":2,"id":"ETV4_HUMAN.H11MO.0.B","len":11,"ltrim":2,"rtrim":2,"nsites":500,"evalue":"1.0e+000","url":"http://hocomoco.autosome.ru/motif/ETV4_HUMAN.H11MO.0.B","pwm":[[0.335982,0.234004,0.329985,0.100029],[0.383972,0.134024,0.319987,0.162016],[0.136022,0.609929,0.234004,0.0200449],[0.955858,0.0100491,0.0200471,0.0140461],[0.00604765,0.00205073,0.975856,0.0160457],[0.0160457,0.0260459,0.95786,4.88502e-05],[0.923864,0.0160479,0.0500411,0.0100469],[0.869875,0.0140483,0.0460419,0.0700349],[0.307987,0.0220467,0.587934,0.0820325],[0.138021,0.178016,0.345982,0.337981],[0.287991,0.132025,0.413968,0.166016]]},{"db":2,"id":"ETV5_HUMAN.H11MO.0.C","len":14,"ltrim":1,"rtrim":1,"nsites":500,"evalue":"1.0e+000","url":"http://hocomoco.autosome.ru/motif/ETV5_HUMAN.H11MO.0.C","pwm":[[0.327983,0.180015,0.381975,0.110027],[0.455958,0.0880335,0.327986,0.128023],[0.297989,0.0980315,0.493952,0.110027],[0.200009,0.417968,0.345982,0.0360417],[0.839881,0.0360439,0.0840343,0.0400409],[0.0160457,0.00604993,0.961859,0.0160457],[0.0440401,0.0160479,0.935864,0.00404805],[0.79389,0.0680375,0.102031,0.0360417],[0.94586,0.00604993,0.0120487,0.0360417],[0.371974,0.0620387,0.547942,0.0180453],[0.228003,0.100031,0.232005,0.439961],[0.218005,0.10603,0.537944,0.138021],[0.405968,0.120027,0.385974,0.0880313],[0.271994,0.216008,0.373976,0.138021]]},{"db":2,"id":"FEZF1_HUMAN.H11MO.0.C","len":12,"ltrim":1,"rtrim":1,"nsites":500,"evalue":"1.0e+000","url":"http://hocomoco.autosome.ru/motif/FEZF1_HUMAN.H11MO.0.C","pwm":[[0.305988,0.122027,0.361979,0.210007],[0.132022,0.485954,0.0740363,0.307987],[0.0700349,0.0320447,0.0220467,0.875874],[0.0120465,0.0200471,0.949861,0.0180453],[0.0140461,0.55594,0.102031,0.327983],[0.0260437,0.433964,0.0520407,0.487951],[0.0620365,0.725906,0.0260459,0.186012],[0.240001,0.0600391,0.0140483,0.685912],[0.00604765,0.134024,0.0500411,0.809887],[0.0200449,0.0100491,0.0180475,0.951858],[0.0440401,0.116028,0.0700371,0.769895],[0.172014,0.331985,0.15802,0.337981]]},{"db":2,"id":"FLI1_HUMAN.H11MO.0.A","len":18,"ltrim":2,"rtrim":1,"nsites":497,"evalue":"1.0e+000","url":"http://hocomoco.autosome.ru/motif/FLI1_HUMAN.H11MO.0.A","pwm":[[0.209263,0.22737,0.440607,0.122761],[0.315881,0.148915,0.43256,0.102644],[0.446639,0.0865531,0.374222,0.0925859],[0.201216,0.0543665,0.653843,0.0905742],[0.299788,0.0362615,0.635738,0.0282125],[0.422499,0.388303,0.183113,0.00608415],[0.915358,0.0342498,0.0402848,0.0101075],[0.00407248,0.00407477,0.981745,0.0101075],[0.00206081,0.0121214,0.985769,4.9145e-05],[0.937486,0.0181564,0.0443081,4.9145e-05],[0.957603,0.00206311,0.0262031,0.0141308],[0.146901,0.0282148,0.822824,0.00206081],[0.134831,0.171043,0.500957,0.193169],[0.410429,0.124775,0.402385,0.0624108],[0.394336,0.0764948,0.474805,0.0543642],[0.301799,0.120751,0.509003,0.0684458],[0.241449,0.150927,0.52912,0.0785042],[0.388301,0.13081,0.364163,0.116726]]},{"db":2,"id":"FOXJ2_HUMAN.H11MO.0.C","len":10,"ltrim":0,"rtrim":0,"nsites":41,"evalue":"1.0e+000","url":"http://hocomoco.autosome.ru/motif/FOXJ2_HUMAN.H11MO.0.C","pwm":[[0.000594404,0.0243111,0.000622141,0.974472],[0.30855,0.000622141,0.642855,0.0479723],[0.000594404,0.000622141,0.0243111,0.974472],[0.000594404,0.000622141,0.000622141,0.998161],[0.000594404,0.000622141,0.000622141,0.998161],[0.548072,0.000622141,0.450712,0.000594404],[0.000594404,0.192766,0.000622141,0.806018],[0.119039,0.216455,0.000622141,0.663884],[0.000594404,0.0243111,0.237511,0.737583],[0.465161,0.0835334,0.130911,0.320395]]},{"db":2,"id":"FOXJ3_HUMAN.H11MO.0.A","len":13,"ltrim":1,"rtrim":0,"nsites":626,"evalue":"1.0e+000","url":"http://hocomoco.autosome.ru/motif/FOXJ3_HUMAN.H11MO.0.A","pwm":[[0.194104,0.146489,0.164705,0.494703],[3.90193e-05,4.08401e-05,4.08401e-05,0.999879],[0.0829608,4.08401e-05,0.914275,0.00272314],[0.00111267,4.08401e-05,4.08401e-05,0.998806],[3.90193e-05,4.08401e-05,4.08401e-05,0.999879],[0.00887182,4.08401e-05,0.175706,0.815382],[0.81815,4.08401e-05,0.0369619,0.144847],[3.90193e-05,0.0711421,4.08401e-05,0.928778],[0.113303,4.08401e-05,0.430182,0.456474],[0.0440537,4.08401e-05,0.325668,0.630237],[0.0528122,4.08401e-05,0.0291576,0.917989],[0.00590373,0.0101747,0.0168457,0.967076],[0.358503,0.0704084,0.138477,0.432612]]},{"db":2,"id":"FOXP1_HUMAN.H11MO.0.A","len":9,"ltrim":0,"rtrim":0,"nsites":295,"evalue":"1.0e+000","url":"http://hocomoco.autosome.ru/motif/FOXP1_HUMAN.H11MO.0.A","pwm":[[0.0576904,0.139023,0.176298,0.626989],[0.0136375,0.281347,0.311845,0.39317],[0.00686015,0.0204187,0.0305848,0.942136],[0.0204149,0.0407508,0.84048,0.0983546],[8.27855e-05,0.0170301,0.0576942,0.925193],[0.00686015,0.0949697,0.0407508,0.857419],[0.0102488,0.0136414,0.081415,0.894695],[0.525328,0.345732,0.0373621,0.0915772],[0.0170262,0.484668,0.0102527,0.488053]]},{"db":2,"id":"GABPA_HUMAN.H11MO.0.A","len":14,"ltrim":3,"rtrim":1,"nsites":500,"evalue":"1.0e+000","url":"http://hocomoco.autosome.ru/motif/GABPA_HUMAN.H11MO.0.A","pwm":[[0.182012,0.226006,0.483954,0.108027],[0.285992,0.252001,0.385974,0.0760337],[0.363976,0.230005,0.269997,0.136022],[0.429963,0.146022,0.383974,0.0400409],[0.0980293,0.611929,0.269997,0.0200449],[0.112026,0.85588,0.0260459,0.00604765],[0.00804725,5.11298e-05,0.991853,4.88502e-05],[0.00804725,0.00405033,0.985854,0.00204845],[0.99585,5.11298e-05,0.00405033,4.88502e-05],[0.985852,0.00205073,5.11298e-05,0.0120465],[0.106028,0.0240463,0.867878,0.00204845],[0.0980293,0.188014,0.0320447,0.681912],[0.178013,0.130025,0.569937,0.122024],[0.287991,0.269997,0.383974,0.0580373]]},{"db":2,"id":"HXA9_HUMAN.H11MO.0.B","len":11,"ltrim":1,"rtrim":0,"nsites":500,"evalue":"1.0e+000","url":"http://hocomoco.autosome.ru/motif/HXA9_HUMAN.H11MO.0.B","pwm":[[0.459957,0.10603,0.234004,0.200009],[0.168015,0.00804953,0.0460419,0.777893],[0.106028,0.0100491,0.839883,0.0440401],[0.954358,0.020547,0.00854943,0.0165456],[0.0285432,0.00854943,0.0285454,0.934362],[0.04454,0.00055103,0.040543,0.914366],[0.0385412,0.0685374,0.126526,0.766396],[0.926364,0.0185474,0.0465418,0.00854715],[0.0325424,0.152521,0.0445422,0.770395],[0.19451,0.0385434,0.474456,0.29249],[0.276494,0.060539,0.492453,0.170515]]},{"db":2,"id":"IRF1_HUMAN.H11MO.0.A","len":20,"ltrim":1,"rtrim":1,"nsites":499,"evalue":"1.0e+000","url":"http://hocomoco.autosome.ru/motif/IRF1_HUMAN.H11MO.0.A","pwm":[[0.338658,0.176369,0.356693,0.12828],[0.605138,0.098228,0.192397,0.104236],[0.657232,0.0962243,0.128282,0.118262],[0.735373,0.0741847,0.0781919,0.112251],[0.310608,0.228462,0.266531,0.194399],[0.298586,0.1383,0.152325,0.410788],[0.166348,0.00806566,0.82153,0.00405616],[0.93373,0.0100693,0.0461342,0.010067],[0.987827,0.00205484,5.12322e-05,0.010067],[0.98382,0.00205484,0.00606205,0.00806337],[0.136294,0.364708,0.468895,0.030103],[0.20041,0.100232,0.0220909,0.677268],[0.10624,0.00405845,0.887649,0.00205255],[0.937737,0.0160801,0.042127,0.00405616],[0.96178,5.12322e-05,0.0281017,0.010067],[0.985823,0.00405845,0.00405845,0.00605977],[0.0441283,0.3607,0.547036,0.0481355],[0.196402,0.242488,0.0761883,0.484922],[0.468893,0.124275,0.308607,0.0982257],[0.436835,0.16034,0.268535,0.134291]]},{"db":2,"id":"IRF2_HUMAN.H11MO.0.A","len":20,"ltrim":1,"rtrim":1,"nsites":498,"evalue":"1.0e+000","url":"http://hocomoco.autosome.ru/motif/IRF2_HUMAN.H11MO.0.A","pwm":[[0.285132,0.17873,0.367447,0.16869],[0.614384,0.0964175,0.214868,0.0743313],[0.712757,0.072326,0.108463,0.106453],[0.754918,0.0562649,0.0783489,0.110469],[0.283125,0.198807,0.385516,0.132553],[0.259033,0.222898,0.126532,0.391537],[0.16869,0.0241429,0.799088,0.00807956],[0.977764,5.13351e-05,0.0201276,0.00205668],[0.993825,0.00205896,0.00406659,4.90464e-05],[0.971741,5.13351e-05,0.0161124,0.0120948],[0.130545,0.263051,0.590294,0.0161101],[0.0883847,0.218883,0.00808185,0.684651],[0.054255,0.0100895,0.921553,0.0141024],[0.943635,0.0100895,0.0462268,4.90464e-05],[0.987803,5.13351e-05,0.0120971,4.90464e-05],[0.977764,5.13351e-05,0.0120971,0.0100872],[0.00607193,0.377486,0.582264,0.0341787],[0.0984229,0.263051,0.0642955,0.574231],[0.403582,0.12854,0.383508,0.0843695],[0.365438,0.208845,0.309226,0.116492]]},{"db":2,"id":"IRF3_HUMAN.H11MO.0.B","len":20,"ltrim":0,"rtrim":0,"nsites":500,"evalue":"1.0e+000","url":"http://hocomoco.autosome.ru/motif/IRF3_HUMAN.H11MO.0.B","pwm":[[0.299989,0.0780355,0.513948,0.108027],[0.603928,0.0440423,0.299991,0.0520385],[0.677913,0.0660379,0.214008,0.0420405],[0.719905,0.0740363,0.110029,0.0960297],[0.305988,0.10803,0.45596,0.130023],[0.224004,0.0540403,0.55794,0.164016],[0.202008,0.0540403,0.731905,0.0120465],[0.819885,0.0180475,0.148022,0.0140461],[0.815886,0.0360439,0.126026,0.0220445],[0.899869,0.0160479,0.0300451,0.0540381],[0.224004,0.261999,0.445962,0.0680353],[0.29199,0.0880335,0.401971,0.218005],[0.200009,0.00604993,0.783894,0.0100469],[0.673914,0.0240463,0.289993,0.0120465],[0.879873,0.0360439,0.0720367,0.0120465],[0.94186,0.00405033,0.0400431,0.0140461],[0.0960297,0.313988,0.547942,0.0420405],[0.265996,0.142023,0.273996,0.317985],[0.228003,0.122027,0.585934,0.0640361],[0.681912,0.0700371,0.178016,0.0700349]]},{"db":2,"id":"IRF4_HUMAN.H11MO.0.A","len":18,"ltrim":1,"rtrim":1,"nsites":500,"evalue":"1.0e+000","url":"http://hocomoco.autosome.ru/motif/IRF4_HUMAN.H11MO.0.A","pwm":[[0.353978,0.176016,0.323986,0.14602],[0.529943,0.112029,0.192013,0.166016],[0.651918,0.0720367,0.112029,0.164016],[0.487951,0.0600391,0.194012,0.257997],[0.236002,0.126026,0.573936,0.0640361],[0.511946,0.146022,0.30399,0.0380413],[0.214006,0.00405033,0.759899,0.0220445],[0.0300429,0.0160479,0.951861,0.00204845],[0.969855,0.0180475,0.00405033,0.00804725],[0.959857,0.00405033,0.0100491,0.0260437],[0.0580373,0.437964,0.479955,0.0240441],[0.0680353,0.0840343,0.0220467,0.825884],[0.0360417,0.0160479,0.943862,0.00404805],[0.899869,0.00405033,0.0840343,0.0120465],[0.69191,0.0280455,0.259999,0.0200449],[0.935862,0.0320447,0.0180475,0.0140461],[0.168015,0.443962,0.349981,0.0380413],[0.208007,0.275996,0.0940323,0.421964]]},{"db":2,"id":"IRF7_HUMAN.H11MO.0.C","len":10,"ltrim":0,"rtrim":0,"nsites":40,"evalue":"1.0e+000","url":"http://hocomoco.autosome.ru/motif/IRF7_HUMAN.H11MO.0.C","pwm":[[0.215173,0.0645804,0.658537,0.06171],[0.895807,0.102946,0.000637656,0.000609227],[0.998115,0.000637656,0.000637656,0.000609227],[0.895807,0.0262147,0.000637656,0.0773405],[0.102918,0.353033,0.415555,0.128495],[0.0233444,0.401345,0.1541,0.42121],[0.245012,0.0489499,0.679851,0.0261863],[0.921384,0.000637656,0.0262147,0.0517634],[0.793499,0.205254,0.000637656,0.000609227],[0.668455,0.000637656,0.0773689,0.253538]]},{"db":2,"id":"IRF8_HUMAN.H11MO.0.B","len":20,"ltrim":2,"rtrim":2,"nsites":500,"evalue":"1.0e+000","url":"http://hocomoco.autosome.ru/motif/IRF8_HUMAN.H11MO.0.B","pwm":[[0.359977,0.174016,0.309989,0.156018],[0.487951,0.0940323,0.20801,0.210007],[0.567935,0.102031,0.138024,0.19201],[0.54394,0.0560399,0.15402,0.246],[0.317985,0.136024,0.477956,0.0680353],[0.483952,0.136024,0.347982,0.0320425],[0.206008,0.00205073,0.787894,0.00404805],[0.138021,0.00205073,0.85788,0.00204845],[0.99185,0.00604993,0.00205073,4.88502e-05],[0.961856,0.0160479,0.00604993,0.0160457],[0.138021,0.317988,0.521947,0.0220445],[0.0720345,0.0660379,5.11298e-05,0.861876],[0.0180453,0.00604993,0.965858,0.0100469],[0.867875,0.00804953,0.10603,0.0180453],[0.847879,0.0160479,0.122027,0.0140461],[0.947859,0.0160479,0.0140483,0.0220445],[0.106028,0.413968,0.465958,0.0140461],[0.132022,0.246002,0.0580395,0.563936],[0.34598,0.152021,0.323986,0.178013],[0.379973,0.170017,0.299991,0.150019]]},{"db":2,"id":"LEF1_HUMAN.H11MO.0.A","len":14,"ltrim":1,"rtrim":1,"nsites":456,"evalue":"1.0e+000","url":"http://hocomoco.autosome.ru/motif/LEF1_HUMAN.H11MO.0.A","pwm":[[0.0767911,0.260964,0.274119,0.388126],[0.0329411,0.635882,0.184226,0.146951],[0.0175936,0.708234,0.0132111,0.260961],[0.122834,0.0460986,0.0197886,0.811279],[0.00224606,0.138184,0.0351361,0.824434],[0.00224606,0.0132111,0.0329436,0.951599],[0.0439036,0.425401,0.519679,0.0110161],[0.456094,0.138184,0.0154036,0.390319],[0.278501,0.166686,0.157916,0.396896],[0.285079,0.190804,0.201766,0.322351],[0.0417111,0.129414,0.149146,0.679729],[0.0395186,0.311391,0.383744,0.265346],[0.116256,0.460481,0.0899486,0.333314],[0.313581,0.221499,0.103104,0.361816]]},{"db":2,"id":"LHX2_HUMAN.H11MO.0.A","len":12,"ltrim":2,"rtrim":3,"nsites":430,"evalue":"1.0e+000","url":"http://hocomoco.autosome.ru/motif/LHX2_HUMAN.H11MO.0.A","pwm":[[0.132584,0.176763,0.237214,0.45344],[0.0930584,0.262789,0.31859,0.325562],[0.111659,0.432517,0.0163347,0.439489],[0.0279573,0.0116847,5.94513e-05,0.960299],[0.774295,0.176763,0.0395851,0.00935696],[0.957974,0.0279599,0.00238449,0.011682],[5.68007e-05,0.0209848,0.0209848,0.957974],[0.00935696,0.0140097,0.237214,0.73942],[0.578992,0.00703457,0.353466,0.0605079],[0.17211,0.225588,0.492968,0.109334],[0.17676,0.241864,0.125612,0.455765],[0.0884083,0.213963,0.241864,0.455765]]},{"db":2,"id":"LHX3_HUMAN.H11MO.0.C","len":13,"ltrim":0,"rtrim":1,"nsites":72,"evalue":"1.0e+000","url":"http://hocomoco.autosome.ru/motif/LHX3_HUMAN.H11MO.0.C","pwm":[[0.544286,0.0724952,0.181974,0.201244],[0.520731,0.0413113,0.213417,0.22454],[0.79408,0.0951841,0.102205,0.00853016],[0.586913,0.0214181,0.156641,0.235028],[0.0108705,0.00737579,0.0214181,0.960336],[0.000338835,0.000354646,0.0108864,0.98842],[0.998952,0.000354646,0.000354646,0.000338835],[0.98842,0.000354646,0.0108864,0.000338835],[0.000338835,0.000354646,0.000354646,0.998952],[0.0220094,0.0108864,0.0179075,0.949197],[0.942783,0.000354646,0.0214181,0.0354445],[0.468635,0.094577,0.329917,0.10687],[0.167157,0.257929,0.158982,0.415933]]},{"db":2,"id":"MAZ_HUMAN.H11MO.0.A","len":22,"ltrim":1,"rtrim":0,"nsites":500,"evalue":"1.0e+000","url":"http://hocomoco.autosome.ru/motif/MAZ_HUMAN.H11MO.0.A","pwm":[[0.216006,0.144022,0.50395,0.136022],[0.283992,0.0240463,0.651921,0.0400409],[0.301988,0.0120487,0.673916,0.0120465],[0.0820325,0.0180475,0.865878,0.0340421],[0.0520385,0.112029,0.825886,0.0100469],[0.647919,0.0880335,0.0260459,0.238001],[0.0540381,0.0100491,0.90587,0.0300429],[0.114026,0.0200471,0.851881,0.0140461],[0.265996,0.0340443,0.665918,0.0340421],[0.271994,0.00804953,0.679915,0.0400409],[0.114026,0.202011,0.65592,0.0280433],[0.317985,0.134024,0.331985,0.216006],[0.174014,0.0400431,0.697912,0.0880313],[0.333982,0.0540403,0.55394,0.0580373],[0.190011,0.120027,0.647922,0.0420405],[0.365976,0.0780355,0.511949,0.0440401],[0.299989,0.0720367,0.569937,0.0580373],[0.329983,0.134024,0.45596,0.0800329],[0.259997,0.0620387,0.55594,0.122024],[0.273994,0.20401,0.445962,0.0760337],[0.355978,0.10603,0.429965,0.108027],[0.273994,0.0980315,0.561939,0.0660357]]},{"db":2,"id":"MXI1_HUMAN.H11MO.0.A","len":15,"ltrim":1,"rtrim":4,"nsites":500,"evalue":"1.0e+000","url":"http://hocomoco.autosome.ru/motif/MXI1_HUMAN.H11MO.0.A","pwm":[[0.229115,0.302423,0.393895,0.0745682],[0.00425927,0.967885,0.0258583,0.00199705],[0.964583,0.00170993,0.0299207,0.00378643],[0.0220609,0.890619,0.0661176,0.0212025],[0.172993,0.0657987,0.751728,0.00948053],[0.0666975,0.0944293,0.0422779,0.796595],[0.00784986,5.11298e-05,0.985774,0.00632533],[0.0611046,0.171934,0.594562,0.172399],[0.119061,0.391812,0.371153,0.117973],[0.198313,0.239884,0.284867,0.276937],[0.0335547,0.232128,0.565591,0.168726],[0.118676,0.391929,0.320074,0.169321],[0.139127,0.305184,0.362949,0.192739],[0.163425,0.217488,0.451575,0.167512],[0.178986,0.307098,0.413345,0.10057]]},{"db":2,"id":"MYB_HUMAN.H11MO.0.A","len":12,"ltrim":3,"rtrim":1,"nsites":500,"evalue":"1.0e+000","url":"http://hocomoco.autosome.ru/motif/MYB_HUMAN.H11MO.0.A","pwm":[[0.29399,0.10803,0.411969,0.186012],[0.240001,0.220007,0.411969,0.128023],[0.329983,0.148022,0.0920327,0.429963],[0.277993,0.00604993,0.629925,0.0860317],[0.377973,0.00405033,0.50795,0.110027],[0.0120465,0.977856,0.00804953,0.00204845],[0.607927,0.190013,0.0860339,0.116026],[4.88502e-05,0.00405033,0.993852,0.00204845],[0.0620365,0.124026,0.0420427,0.771894],[4.88502e-05,5.11298e-05,0.00604993,0.99385],[0.287991,0.00604993,0.573936,0.132022],[0.279993,0.184014,0.40597,0.130023]]},{"db":2,"id":"NR2E3_HUMAN.H11MO.0.C","len":14,"ltrim":1,"rtrim":0,"nsites":23,"evalue":"1.0e+000","url":"http://hocomoco.autosome.ru/motif/NR2E3_HUMAN.H11MO.0.C","pwm":[[0.500281,0.155177,0.189415,0.155127],[0.82554,0.0695824,0.0695824,0.0352953],[0.782974,0.0353447,0.146386,0.0352953],[0.0695331,0.0695824,0.722876,0.138009],[0.0695331,0.00110693,0.10382,0.82554],[0.0695331,0.894065,0.0353447,0.00105758],[0.928253,0.00110693,0.0353447,0.0352953],[0.791302,0.138058,0.0695824,0.00105758],[0.962491,0.00110693,0.00110693,0.0352953],[0.817212,0.00110693,0.146386,0.0352953],[0.24905,0.0695824,0.611834,0.0695331],[0.0352953,0.0695824,0.206533,0.688589],[0.138009,0.688638,0.10382,0.0695331],[0.731386,0.146617,0.0781419,0.0438548]]},{"db":2,"id":"NR5A2_HUMAN.H11MO.0.B","len":11,"ltrim":2,"rtrim":0,"nsites":500,"evalue":"1.0e+000","url":"http://hocomoco.autosome.ru/motif/NR5A2_HUMAN.H11MO.0.B","pwm":[[0.182012,0.176016,0.425966,0.216006],[0.0640361,0.287994,0.265998,0.381972],[0.0380413,0.443962,0.0340443,0.483952],[0.00404805,0.947862,0.0480415,4.88502e-05],[0.983852,0.0100491,0.00604993,4.88502e-05],[0.939861,0.00205073,0.0300451,0.0280433],[0.00204845,0.00205073,0.993852,0.00204845],[0.00204845,0.00405033,0.989853,0.00404805],[0.124024,0.425966,0.0380435,0.411966],[0.0220445,0.827886,0.0100491,0.140021],[0.7459,0.0280455,0.136024,0.0900309]]},{"db":2,"id":"OSR2_HUMAN.H11MO.0.C","len":16,"ltrim":4,"rtrim":0,"nsites":473,"evalue":"1.0e+000","url":"http://hocomoco.autosome.ru/motif/OSR2_HUMAN.H11MO.0.C","pwm":[[0.173377,0.164924,0.488323,0.173377],[0.0719181,0.403774,0.211426,0.312882],[0.167035,0.28752,0.12265,0.422795],[0.131102,0.346704,0.37841,0.143784],[0.0550083,0.670103,0.0592382,0.215651],[0.344588,0.0211912,0.145901,0.488321],[0.0338711,0.0169638,0.944886,0.00427907],[0.0148477,0.972364,0.00850892,0.00427907],[0.00216536,0.0486696,0.00216777,0.946997],[0.243129,0.215653,0.205085,0.336133],[0.00216536,0.991388,0.00216777,0.00427907],[0.00850651,0.173379,0.00216777,0.815947],[0.0951689,0.167038,0.61726,0.120534],[0.181831,0.446049,0.12265,0.24947],[0.302313,0.109967,0.232563,0.355156],[0.0803729,0.169151,0.587668,0.162808]]},{"db":2,"id":"PAX5_HUMAN.H11MO.0.A","len":21,"ltrim":0,"rtrim":0,"nsites":202,"evalue":"1.0e+000","url":"http://hocomoco.autosome.ru/motif/PAX5_HUMAN.H11MO.0.A","pwm":[[0.133718,0.282165,0.504827,0.0792896],[0.12877,0.499879,0.188152,0.183199],[0.148562,0.415762,0.331646,0.10403],[0.202991,0.054555,0.257425,0.485029],[0.198043,0.0446589,0.752229,0.00506893],[0.158458,0.138672,0.539463,0.163406],[0.0248611,0.11888,0.62358,0.232679],[0.0347572,0.875931,0.0595031,0.0298092],[0.781912,0.0347628,0.163412,0.0199131],[0.386068,0.113932,0.465243,0.0347572],[0.0347572,0.732437,0.128776,0.10403],[0.410809,0.267321,0.277217,0.0446533],[0.311848,0.0199187,0.618632,0.0496013],[0.682951,0.0397109,0.163412,0.113926],[0.0347572,0.163412,0.772022,0.0298092],[0.010017,0.781918,0.0446589,0.163406],[0.217835,0.0347628,0.717593,0.0298092],[0.321744,0.0298148,0.158464,0.489977],[0.173302,0.0298148,0.791814,0.00506893],[0.8116,0.0347628,0.104035,0.0496013],[0.118874,0.80171,0.0298148,0.0496013]]},{"db":2,"id":"PRDM1_HUMAN.H11MO.0.A","len":14,"ltrim":0,"rtrim":2,"nsites":500,"evalue":"1.0e+000","url":"http://hocomoco.autosome.ru/motif/PRDM1_HUMAN.H11MO.0.A","pwm":[[0.313986,0.0560399,0.567938,0.0620365],[0.607927,0.0820347,0.261999,0.0480393],[0.773894,0.0800351,0.0980315,0.0480393],[0.913866,5.11298e-05,0.0780355,0.00804725],[0.0940301,0.0760359,0.80789,0.0220445],[0.236002,0.0620387,0.218008,0.483952],[0.0460397,0.00604993,0.947862,4.88502e-05],[0.99185,0.00205073,0.00604993,4.88502e-05],[0.903868,0.00804953,0.0880335,4.88502e-05],[0.985852,5.11298e-05,0.0120487,0.00204845],[0.0460397,0.0420427,0.897872,0.0140461],[0.0420405,0.128026,0.15802,0.671914],[0.198009,0.146022,0.459959,0.19601],[0.39597,0.176016,0.265998,0.162016]]},{"db":2,"id":"PRDM6_HUMAN.H11MO.0.C","len":13,"ltrim":1,"rtrim":2,"nsites":500,"evalue":"1.0e+000","url":"http://hocomoco.autosome.ru/motif/PRDM6_HUMAN.H11MO.0.C","pwm":[[0.463956,0.166018,0.246002,0.124024],[0.529943,0.0700371,0.267998,0.132022],[0.433962,0.196012,0.329985,0.0400409],[0.615926,0.0380435,0.202011,0.14402],[0.471954,0.0100491,0.451961,0.0660357],[0.00204845,0.0460419,0.941863,0.0100469],[0.977853,0.0160479,5.11298e-05,0.00604765],[0.983852,0.00405033,5.11298e-05,0.0120465],[0.937861,0.00804953,0.00804953,0.0460397],[0.759897,0.132025,0.0680375,0.0400409],[0.603928,0.234004,0.112029,0.0500389],[0.49195,0.192013,0.126026,0.190011],[0.503948,0.15602,0.202011,0.138021]]},{"db":2,"id":"PRRX2_HUMAN.H11MO.0.C","len":7,"ltrim":1,"rtrim":0,"nsites":59,"evalue":"1.0e+000","url":"http://hocomoco.autosome.ru/motif/PRRX2_HUMAN.H11MO.0.C","pwm":[[0.173848,0.309231,0.0723447,0.444576],[0.000413367,0.000432656,0.000432656,0.998721],[0.998721,0.000432656,0.000432656,0.000413367],[0.981801,0.000432656,0.0173531,0.000413367],[0.0173338,0.0173531,0.000432656,0.96488],[0.000413367,0.0511941,0.0511941,0.897198],[0.457266,0.0173531,0.491126,0.0342543]]},{"db":2,"id":"RUNX3_HUMAN.H11MO.0.A","len":10,"ltrim":1,"rtrim":0,"nsites":500,"evalue":"1.0e+000","url":"http://hocomoco.autosome.ru/motif/RUNX3_HUMAN.H11MO.0.A","pwm":[[0.134022,0.212009,0.287994,0.365976],[0.128023,0.391973,0.0660379,0.413966],[0.0360417,0.0140483,0.0240463,0.925864],[0.00404805,0.00405033,0.985854,0.00604765],[0.0480393,0.17201