<!DOCTYPE HTML>
<html>
  <head>
    <meta charset="UTF-8">
    <title>SpaMo - Spaced Motif Analysis</title>
    <script type="text/javascript">
      //@JSON_VAR data
      var data = {"program":"SpaMo","version":"4.11.3","revision":"c13e15f35e38483381a6e8a363f9137e303c0765","release":"Sat Mar 11 20:16:08 2017 -0800","host":"uger-r7-c001.broadinstitute.org","when":"Sat Feb 27 05:37:46 2021","cmd":["spamo","-verbosity","1","-oc","/broad/sankaranlab/fyu/HemeMap/02262021-downMast_re-analysis/motif_denovo/down_mast0035_interactions_10x_hocomoco_meme-chip/spamo_out_29","-bgfile","/broad/sankaranlab/fyu/HemeMap/02262021-downMast_re-analysis/motif_denovo/down_mast0035_interactions_10x_hocomoco_meme-chip/background","-primary","TBX21_HUMAN.H11MO.0.A","/broad/sankaranlab/fyu/HemeMap/02262021-downMast_re-analysis/motif_denovo/down_mast0035_interactions_10x_hocomoco_meme-chip/20210227-deg_interactions_peaks_down_mast0035_fa_1based.fa","/broad/sankaranlab/fyu/motif_data/HOCOMOCOv11_core_HUMAN_mono_meme_format.meme","/broad/sankaranlab/fyu/HemeMap/02262021-downMast_re-analysis/motif_denovo/down_mast0035_interactions_10x_hocomoco_meme-chip/meme_out/meme.xml","/broad/sankaranlab/fyu/HemeMap/02262021-downMast_re-analysis/motif_denovo/down_mast0035_interactions_10x_hocomoco_meme-chip/dreme_out/dreme.xml","/broad/sankaranlab/fyu/motif_data/HOCOMOCOv11_core_HUMAN_mono_meme_format.meme"],"options":{"seq_min_hit_score":7,"margin":150,"bin_size":1,"bin_pvalue_calc_range":150,"use_best_secondary":0,"seq_max_shared_fract":0.5,"seq_odds_ratio":20,"bin_pvalue_cutoff":0.05,"motif_evalue_cutoff":10,"redundant_overlap":2,"redundant_joint":0.5,"motif_pseudocount":0.1,"bgfile":"/broad/sankaranlab/fyu/HemeMap/02262021-downMast_re-analysis/motif_denovo/down_mast0035_interactions_10x_hocomoco_meme-chip/background","motif_trim":0.25,"xalph":0,"seed":1,"bin_max":57},"alphabet":{"name":"DNA","like":"dna","ncore":4,"symbols":[{"symbol":"A","name":"Adenine","colour":"CC0000","complement":"T"},{"symbol":"C","name":"Cytosine","colour":"0000CC","complement":"G"},{"symbol":"G","name":"Guanine","colour":"FFB300","complement":"C"},{"symbol":"T","aliases":"U","name":"Thymine","colour":"008000","complement":"A"},{"symbol":"N","aliases":"X.","name":"Any base","equals":"ACGT"},{"symbol":"V","name":"Not T","equals":"ACG"},{"symbol":"H","name":"Not G","equals":"ACT"},{"symbol":"D","name":"Not C","equals":"AGT"},{"symbol":"B","name":"Not A","equals":"CGT"},{"symbol":"M","name":"Amino","equals":"AC"},{"symbol":"R","name":"Purine","equals":"AG"},{"symbol":"W","name":"Weak","equals":"AT"},{"symbol":"S","name":"Strong","equals":"CG"},{"symbol":"Y","name":"Pyrimidine","equals":"CT"},{"symbol":"K","name":"Keto","equals":"GT"}]},"background":[0.252,0.248,0.248,0.252],"sequence_dbs":[{"source":"/broad/sankaranlab/fyu/HemeMap/02262021-downMast_re-analysis/motif_denovo/down_mast0035_interactions_10x_hocomoco_meme-chip/20210227-deg_interactions_peaks_down_mast0035_fa_1based.fa","name":"20210227-deg_interactions_peaks_down_mast0035_fa_1based","last_modified":"Sat Feb 27 03:25:29 2021","loaded":6605,"excluded_too_short":0,"excluded_no_match":2453,"excluded_ambigs":0,"excluded_similar":45,"erased_primary_matches":5420}],"primary_dbs":[{"source":"/broad/sankaranlab/fyu/motif_data/HOCOMOCOv11_core_HUMAN_mono_meme_format.meme","name":"HOCOMOCOv11_core_HUMAN_mono_meme_format","last_modified":"Sat Jun 23 07:43:00 2018","loaded":400,"excluded":399}],"secondary_dbs":[{"source":"/broad/sankaranlab/fyu/HemeMap/02262021-downMast_re-analysis/motif_denovo/down_mast0035_interactions_10x_hocomoco_meme-chip/meme_out/meme.xml","name":"meme.xml","last_modified":"Sat Feb 27 04:16:29 2021","loaded":10,"excluded":0},{"source":"/broad/sankaranlab/fyu/HemeMap/02262021-downMast_re-analysis/motif_denovo/down_mast0035_interactions_10x_hocomoco_meme-chip/dreme_out/dreme.xml","name":"dreme.xml","last_modified":"Sat Feb 27 04:25:46 2021","loaded":10,"excluded":0},{"source":"/broad/sankaranlab/fyu/motif_data/HOCOMOCOv11_core_HUMAN_mono_meme_format.meme","name":"HOCOMOCOv11_core_HUMAN_mono_meme_format","last_modified":"Sat Jun 23 07:43:00 2018","loaded":401,"excluded":1}],"secondary_motifs":[{"db":0,"id":"2","alt":"MEME","len":30,"ltrim":0,"rtrim":0,"nsites":118,"evalue":"2.6e-061","pwm":[[0.000213378,0.728407,0.271166,0.000213378],[0.101822,0.508254,0.389711,0.000213378],[0.017148,0.42358,0.330438,0.228834],[0.0933544,0.626798,0.19496,0.0848876],[0.101822,0.338906,0.364308,0.194963],[0.0933544,0.787679,0.118754,0.000213378],[0.2373,0.389711,0.161091,0.211898],[0.000213378,0.499787,0.448983,0.0510173],[0.101822,0.609862,0.135688,0.152626],[0.000213378,0.609862,0.271166,0.118757],[0.152626,0.0679496,0.508254,0.27117],[0.000213378,0.592928,0.211895,0.194963],[0.0848876,0.711471,0.0425471,0.161094],[0.118757,0.474384,0.254232,0.152626],[0.000213378,0.601396,0.237297,0.161094],[0.000213378,0.601396,0.305037,0.0933544],[0.152626,0.347374,0.321971,0.178029],[0.110289,0.499787,0.220362,0.169562],[0.067953,0.81308,0.0933511,0.0256159],[0.144159,0.2627,0.22883,0.364312],[0.0510173,0.677602,0.203428,0.067953],[0.118757,0.592928,0.0256125,0.262703],[0.0848876,0.474384,0.288102,0.152626],[0.110289,0.415112,0.279634,0.194963],[0.118757,0.465917,0.347374,0.067953],[0.152626,0.406646,0.42358,0.017148],[0.178029,0.542124,0.161091,0.118757],[0.0594851,0.465917,0.220362,0.254235],[0.0510173,0.491319,0.432047,0.0256159],[0.0425505,0.703004,0.0594818,0.194963]]},{"db":0,"id":"4","alt":"MEME","len":27,"ltrim":0,"rtrim":0,"nsites":11,"evalue":"3.9e-028","pwm":[[0.993261,0.00223423,0.00223423,0.00227027],[0.00227027,0.632865,0.362594,0.00227027],[0.36263,0.00223423,0.00223423,0.632901],[0.00227027,0.813045,0.0923242,0.0923603],[0.00227027,0.813045,0.00223423,0.18245],[0.993261,0.00223423,0.00223423,0.00227027],[0.00227027,0.00223423,0.993225,0.00227027],[0.00227027,0.903135,0.0923242,0.00227027],[0.00227027,0.813045,0.00223423,0.18245],[0.00227027,0.0923242,0.00223423,0.903171],[0.27254,0.00223423,0.632865,0.0923603],[0.0923603,0.00223423,0.813045,0.0923603],[0.00227027,0.182414,0.813045,0.00227027],[0.00227027,0.632865,0.00223423,0.36263],[0.632901,0.00223423,0.362594,0.00227027],[0.903171,0.00223423,0.0923242,0.00227027],[0.00227027,0.903135,0.00223423,0.0923603],[0.903171,0.0923242,0.00223423,0.00227027],[0.0923603,0.00223423,0.632865,0.27254],[0.632901,0.00223423,0.362594,0.00227027],[0.00227027,0.00223423,0.993225,0.00227027],[0.0923603,0.182414,0.0923242,0.632901],[0.0923603,0.00223423,0.903135,0.00227027],[0.903171,0.00223423,0.0923242,0.00227027],[0.18245,0.00223423,0.813045,0.00227027],[0.993261,0.00223423,0.00223423,0.00227027],[0.00227027,0.813045,0.00223423,0.18245]]},{"db":0,"id":"5","alt":"MEME","len":30,"ltrim":0,"rtrim":0,"nsites":9,"evalue":"1.6e-013","pwm":[[0.00276923,0.00272527,0.991736,0.00276923],[0.00276923,0.771956,0.00272527,0.222549],[0.00276923,0.00272527,0.00272527,0.99178],[0.00276923,0.112615,0.771956,0.112659],[0.112659,0.00272527,0.881846,0.00276923],[0.112659,0.00272527,0.881846,0.00276923],[0.88189,0.00272527,0.112615,0.00276923],[0.00276923,0.552176,0.00272527,0.442329],[0.00276923,0.112615,0.112615,0.772],[0.88189,0.112615,0.00272527,0.00276923],[0.112659,0.771956,0.00272527,0.112659],[0.88189,0.00272527,0.112615,0.00276923],[0.112659,0.00272527,0.881846,0.00276923],[0.112659,0.00272527,0.881846,0.00276923],[0.00276923,0.771956,0.00272527,0.222549],[0.112659,0.00272527,0.881846,0.00276923],[0.00276923,0.442285,0.00272527,0.55222],[0.112659,0.112615,0.662066,0.112659],[0.332439,0.222505,0.00272527,0.442329],[0.222549,0.00272527,0.771956,0.00276923],[0.00276923,0.991736,0.00272527,0.00276923],[0.00276923,0.881846,0.112615,0.00276923],[0.88189,0.00272527,0.112615,0.00276923],[0.00276923,0.881846,0.112615,0.00276923],[0.00276923,0.771956,0.00272527,0.222549],[0.442329,0.112615,0.442285,0.00276923],[0.112659,0.771956,0.00272527,0.112659],[0.442329,0.332395,0.222505,0.00276923],[0.00276923,0.771956,0.112615,0.112659],[0.332439,0.662066,0.00272527,0.00276923]]},{"db":0,"id":"6","alt":"MEME","len":30,"ltrim":0,"rtrim":0,"nsites":5,"evalue":"1.2e-007","pwm":[[0.20102,0.00486275,0.789176,0.00494118],[0.00494118,0.985255,0.00486275,0.00494118],[0.985333,0.00486275,0.00486275,0.00494118],[0.789255,0.00486275,0.200941,0.00494118],[0.00494118,0.00486275,0.00486275,0.985333],[0.00494118,0.00486275,0.985255,0.00494118],[0.20102,0.00486275,0.789176,0.00494118],[0.00494118,0.789176,0.200941,0.00494118],[0.593176,0.00486275,0.39702,0.00494118],[0.00494118,0.593098,0.00486275,0.397098],[0.20102,0.00486275,0.593098,0.20102],[0.985333,0.00486275,0.00486275,0.00494118],[0.00494118,0.00486275,0.00486275,0.985333],[0.20102,0.789176,0.00486275,0.00494118],[0.20102,0.00486275,0.00486275,0.789255],[0.00494118,0.985255,0.00486275,0.00494118],[0.789255,0.00486275,0.200941,0.00494118],[0.00494118,0.00486275,0.985255,0.00494118],[0.00494118,0.789176,0.00486275,0.20102],[0.00494118,0.00486275,0.00486275,0.985333],[0.00494118,0.985255,0.00486275,0.00494118],[0.985333,0.00486275,0.00486275,0.00494118],[0.00494118,0.985255,0.00486275,0.00494118],[0.00494118,0.00486275,0.00486275,0.985333],[0.00494118,0.00486275,0.985255,0.00494118],[0.20102,0.789176,0.00486275,0.00494118],[0.985333,0.00486275,0.00486275,0.00494118],[0.789255,0.00486275,0.200941,0.00494118],[0.00494118,0.985255,0.00486275,0.00494118],[0.00494118,0.985255,0.00486275,0.00494118]]},{"db":0,"id":"9","alt":"MEME","len":21,"ltrim":0,"rtrim":0,"nsites":19,"evalue":"3.4e-005","pwm":[[0.2631,0.0536549,0.0536549,0.629592],[0.158388,0.263079,0.210722,0.367811],[0.0536758,0.10601,0.263079,0.577235],[0.106031,0.10601,0.158367,0.629592],[0.367811,0.00129843,0.420147,0.210743],[0.158388,0.734283,0.00129843,0.106031],[0.00131937,0.996063,0.00129843,0.00131937],[0.943727,0.00129843,0.00129843,0.0536758],[0.00131937,0.577214,0.420147,0.00131937],[0.0536758,0.472502,0.0536549,0.420168],[0.891372,0.00129843,0.10601,0.00131937],[0.00131937,0.00129843,0.996063,0.00131937],[0.681948,0.00129843,0.315434,0.00131937],[0.0536758,0.00129843,0.524859,0.420168],[0.00131937,0.00129843,0.996063,0.00131937],[0.00131937,0.00129843,0.996063,0.00131937],[0.0536758,0.891351,0.00129843,0.0536758],[0.629592,0.00129843,0.263079,0.106031],[0.00131937,0.524859,0.472502,0.00131937],[0.106031,0.472502,0.10601,0.315455],[0.629592,0.158367,0.00129843,0.210743]]},{"db":1,"id":"GTGRC","alt":"DREME","len":5,"ltrim":0,"rtrim":0,"nsites":2897,"evalue":"1.5e-009","pwm":[[8.69835e-06,8.56028e-06,0.999974,8.69835e-06],[8.69835e-06,8.56028e-06,8.56028e-06,0.999974],[8.69835e-06,8.56028e-06,0.999974,8.69835e-06],[0.409384,8.56028e-06,0.590599,8.69835e-06],[8.69835e-06,0.999974,8.56028e-06,8.69835e-06]]},{"db":2,"id":"ATF3_HUMAN.H11MO.0.A","len":11,"ltrim":0,"rtrim":1,"nsites":500,"evalue":"1.0e+000","url":"http://hocomoco.autosome.ru/motif/ATF3_HUMAN.H11MO.0.A","pwm":[[0.222006,0.0900316,0.579934,0.108029],[0.255999,0.028044,0.709908,0.00604919],[0.0180468,0.0420412,0.00804799,0.931864],[0.0100484,0.477954,0.507948,0.00404959],[0.939862,0.0240448,0.00404879,0.032044],[0.00204999,0.813887,0.0420412,0.142022],[0.0380428,0.018046,0.925864,0.0180468],[0.0280448,0.224005,0.00804799,0.739902],[0.265997,0.164017,0.535942,0.0340436],[0.575935,0.104029,0.251999,0.0680368],[0.0940316,0.29599,0.275994,0.333984]]},{"db":2,"id":"CUX1_HUMAN.H11MO.0.C","len":14,"ltrim":0,"rtrim":1,"nsites":97,"evalue":"1.0e+000","url":"http://hocomoco.autosome.ru/motif/CUX1_HUMAN.H11MO.0.C","pwm":[[0.469116,0.141619,0.32068,0.0685853],[0.125131,0.201699,0.376047,0.297123],[0.312438,0.139263,0.515055,0.0332444],[0.198463,0.243224,0.452914,0.105399],[0.157232,0.285633,0.319796,0.237338],[0.271207,0.0732933,0.351309,0.304191],[0.946218,0.0108577,0.0320622,0.0108618],[0.0108618,0.023816,0.000255407,0.965067],[0.000259526,0.674678,0.0426645,0.282398],[0.134555,0.0426645,0.758907,0.0638732],[0.68823,0.000255407,0.268846,0.0426686],[0.0120398,0.022638,0.000255407,0.965067],[0.0709414,0.259422,0.506809,0.162828],[0.128076,0.183439,0.389595,0.29889]]},{"db":2,"id":"DLX3_HUMAN.H11MO.0.C","len":10,"ltrim":0,"rtrim":1,"nsites":34,"evalue":"1.0e+000","url":"http://hocomoco.autosome.ru/motif/DLX3_HUMAN.H11MO.0.C","pwm":[[0.173313,0.128547,0.659091,0.0390497],[0.412029,0.403803,0.183429,0.000739003],[0.000739003,0.0231044,0.000727273,0.975429],[0.975429,0.000727273,0.0231044,0.000739003],[0.997806,0.000727273,0.000727273,0.000739003],[0.000739003,0.000727273,0.000727273,0.997806],[0.000739003,0.000727273,0.0454816,0.953052],[0.541475,0.000727273,0.363866,0.0939321],[0.161063,0.515689,0.277754,0.0454933],[0.445523,0.154608,0.102772,0.297097]]},{"db":2,"id":"ELF2_HUMAN.H11MO.0.C","len":13,"ltrim":3,"rtrim":0,"nsites":500,"evalue":"1.0e+000","url":"http://hocomoco.autosome.ru/motif/ELF2_HUMAN.H11MO.0.C","pwm":[[0.391972,0.152019,0.317986,0.138023],[0.489952,0.102029,0.218006,0.190012],[0.311988,0.317986,0.29799,0.072036],[0.072036,0.615926,0.291991,0.0200464],[0.232004,0.739902,0.0140468,0.0140476],[0.00804879,4.95901e-05,0.985852,0.00604919],[0.012048,0.00804799,0.977854,0.00204999],[0.973856,0.0100476,0.00804799,0.00804879],[0.979854,0.00204919,0.00804799,0.0100484],[0.0860332,0.0140468,0.889872,0.0100484],[0.130024,0.208008,0.104029,0.557939],[0.196011,0.142021,0.551939,0.110028],[0.313988,0.192011,0.433963,0.0600384]]},{"db":2,"id":"FLI1_HUMAN.H11MO.0.A","len":18,"ltrim":2,"rtrim":1,"nsites":497,"evalue":"1.0e+000","url":"http://hocomoco.autosome.ru/motif/FLI1_HUMAN.H11MO.0.A","pwm":[[0.209264,0.227368,0.440605,0.122762],[0.315883,0.148913,0.432558,0.102646],[0.446641,0.0865516,0.37422,0.0925874],[0.201217,0.0543649,0.653842,0.0905757],[0.299789,0.0362599,0.635737,0.028214],[0.422501,0.388302,0.183112,0.0060857],[0.915359,0.0342482,0.0402832,0.010109],[0.00407403,0.00407322,0.981744,0.010109],[0.00206236,0.0121199,0.985767,5.0694e-05],[0.937488,0.0181549,0.0443066,5.0694e-05],[0.957605,0.00206156,0.0262016,0.0141324],[0.146902,0.0282132,0.822822,0.00206236],[0.134832,0.171042,0.500955,0.193171],[0.410431,0.124773,0.402383,0.0624124],[0.394338,0.0764933,0.474803,0.0543657],[0.301801,0.12075,0.509002,0.0684474],[0.241451,0.150925,0.529118,0.0785057],[0.388303,0.130808,0.364162,0.116727]]},{"db":2,"id":"FOSB_HUMAN.H11MO.0.A","len":9,"ltrim":1,"rtrim":1,"nsites":500,"evalue":"1.0e+000","url":"http://hocomoco.autosome.ru/motif/FOSB_HUMAN.H11MO.0.A","pwm":[[0.413968,0.206008,0.291991,0.0880328],[0.0100484,0.0120472,0.00204919,0.975855],[0.012048,0.0140468,0.917866,0.0560392],[0.895871,0.0120472,0.018046,0.0740356],[0.20401,4.95901e-05,0.79589,5.03899e-05],[0.0180468,0.0300436,0.106028,0.845881],[0.0540396,0.903869,0.028044,0.0140476],[0.965857,0.0100476,0.00604839,0.0180468],[0.072036,0.329984,0.230004,0.367977]]},{"db":2,"id":"FOS_HUMAN.H11MO.0.A","len":9,"ltrim":1,"rtrim":0,"nsites":500,"evalue":"1.0e+000","url":"http://hocomoco.autosome.ru/motif/FOS_HUMAN.H11MO.0.A","pwm":[[0.345981,0.216006,0.359978,0.0780348],[0.0100484,0.018046,0.0100476,0.961858],[0.0160472,0.0340428,0.859878,0.0900324],[0.935863,0.00804799,0.028044,0.0280448],[0.116027,4.95901e-05,0.883873,5.03899e-05],[0.022046,0.0260444,0.0240448,0.927865],[0.042042,0.933863,0.0240448,5.03899e-05],[0.959858,0.0160464,0.0120472,0.012048],[0.0280448,0.417966,0.263997,0.289992]]},{"db":2,"id":"HXA1_HUMAN.H11MO.0.C","len":10,"ltrim":1,"rtrim":0,"nsites":8,"evalue":"1.0e+000","url":"http://hocomoco.autosome.ru/motif/HXA1_HUMAN.H11MO.0.C","pwm":[[0.153261,0.166559,0.166559,0.513622],[0.00311111,0.00306173,0.363422,0.630405],[0.136578,0.00306173,0.857249,0.00311111],[0.990765,0.00306173,0.00306173,0.00311111],[0.00311111,0.00306173,0.00306173,0.990765],[0.00311111,0.00306173,0.750476,0.243351],[0.00311111,0.00306173,0.990716,0.00311111],[0.857299,0.136529,0.00306173,0.00311111],[0.00311111,0.00306173,0.00306173,0.990765],[0.0665078,0.0664585,0.800526,0.0665078]]},{"db":2,"id":"JUNB_HUMAN.H11MO.0.A","len":11,"ltrim":2,"rtrim":2,"nsites":500,"evalue":"1.0e+000","url":"http://hocomoco.autosome.ru/motif/JUNB_HUMAN.H11MO.0.A","pwm":[[0.273996,0.09803,0.303989,0.323986],[0.263998,0.34798,0.273995,0.114028],[0.032044,0.00804799,0.0120472,0.947861],[0.00404959,0.0340428,0.889872,0.072036],[0.933864,0.00204919,4.95901e-05,0.0640376],[5.03899e-05,4.95901e-05,0.953859,0.0460412],[0.012048,0.0120472,4.95901e-05,0.975855],[0.0500404,0.925864,0.0140468,0.0100484],[0.977855,0.00804799,0.00404879,0.0100484],[0.0740356,0.365976,0.261997,0.297991],[0.317987,0.34998,0.130024,0.20201]]},{"db":2,"id":"JUND_HUMAN.H11MO.0.A","len":11,"ltrim":1,"rtrim":1,"nsites":450,"evalue":"1.0e+000","url":"http://hocomoco.autosome.ru/motif/JUND_HUMAN.H11MO.0.A","pwm":[[0.235559,0.151133,0.428849,0.184459],[0.397745,0.164463,0.393301,0.0444906],[0.0267167,0.00227683,0.0178289,0.953178],[0.00672117,0.00894201,0.953177,0.0311602],[0.946512,0.00672028,0.0222724,0.024495],[0.0622644,5.50989e-05,0.937625,5.59876e-05],[0.0133864,0.0133855,0.0133855,0.959843],[0.024495,0.933181,0.0422679,5.59876e-05],[0.988725,0.00449856,0.00672028,5.59876e-05],[0.0378254,0.384414,0.146689,0.431071],[0.151134,0.413297,0.168906,0.266663]]},{"db":2,"id":"JUN_HUMAN.H11MO.0.A","len":11,"ltrim":1,"rtrim":1,"nsites":500,"evalue":"1.0e+000","url":"http://hocomoco.autosome.ru/motif/JUN_HUMAN.H11MO.0.A","pwm":[[0.232004,0.144021,0.403969,0.220006],[0.497951,0.162017,0.307988,0.032044],[0.0160472,0.00404879,0.018046,0.961858],[0.0240456,0.0140468,0.921865,0.0400424],[0.977855,0.00404879,0.00604839,0.012048],[5.03899e-05,4.95901e-05,0.94786,0.05204],[0.00604919,0.0240448,0.00804799,0.961858],[0.0240456,0.955858,0.0160464,0.00404959],[0.975855,0.00404879,0.00804799,0.012048],[0.0180468,0.357978,0.118026,0.505949],[0.255999,0.377974,0.122025,0.244002]]},{"db":2,"id":"KLF15_HUMAN.H11MO.0.A","len":19,"ltrim":0,"rtrim":0,"nsites":479,"evalue":"1.0e+000","url":"http://hocomoco.autosome.ru/motif/KLF15_HUMAN.H11MO.0.A","pwm":[[0.311052,0.035535,0.542736,0.110677],[0.258871,0.0125752,0.695105,0.0334485],[5.25986e-05,0.00213901,0.997756,5.25986e-05],[0.0167506,0.0063135,0.974796,0.00213985],[0.536475,0.354884,5.17637e-05,0.108589],[0.0689317,0.0063135,0.91844,0.00631434],[0.0125761,0.0146625,0.885044,0.087717],[0.492643,0.0313605,0.423763,0.0522338],[0.116938,0.0063135,0.868346,0.00840159],[0.31314,0.344448,0.298528,0.0438848],[0.344448,0.16077,0.286005,0.208777],[0.233824,0.0438839,0.582394,0.139898],[0.150334,0.0209242,0.79738,0.0313613],[0.185818,0.0313605,0.770246,0.0125761],[0.256784,0.133636,0.576132,0.0334485],[0.177469,0.104414,0.665884,0.0522338],[0.277656,0.129461,0.446723,0.14616],[0.087717,0.0939779,0.743112,0.0751935],[0.18373,0.0167497,0.730588,0.0689317]]},{"db":2,"id":"KLF9_HUMAN.H11MO.0.C","len":15,"ltrim":0,"rtrim":0,"nsites":256,"evalue":"1.0e+000","url":"http://hocomoco.autosome.ru/motif/KLF9_HUMAN.H11MO.0.C","pwm":[[0.062574,0.187524,0.636567,0.113335],[0.25781,0.187524,0.460854,0.0938118],[0.499903,0.136762,0.265618,0.0977165],[0.160192,0.011811,0.800565,0.0274315],[0.0430504,0.00400156,0.632662,0.320286],[0.0157173,9.68372e-05,0.984087,9.83991e-05],[9.83991e-05,0.00400156,0.980183,0.0157173],[9.83991e-05,0.00790629,0.991897,9.83991e-05],[0.00790785,0.757613,0.00400156,0.230477],[9.83991e-05,9.68372e-05,0.999706,9.83991e-05],[0.00400312,0.0157157,0.261713,0.718568],[0.00400312,0.00400156,0.976278,0.0157173],[0.0508598,0.117239,0.671709,0.160192],[0.0157173,0.843517,0.0313346,0.109431],[0.128954,0.52333,0.203143,0.144573]]},{"db":2,"id":"LHX2_HUMAN.H11MO.0.A","len":12,"ltrim":2,"rtrim":3,"nsites":430,"evalue":"1.0e+000","url":"http://hocomoco.autosome.ru/motif/LHX2_HUMAN.H11MO.0.A","pwm":[[0.132586,0.176761,0.237212,0.453442],[0.0930602,0.262787,0.318588,0.325564],[0.111661,0.432515,0.0163329,0.439491],[0.0279591,0.0116829,5.7661e-05,0.9603],[0.774297,0.176761,0.0395834,0.00935875],[0.957975,0.0279581,0.0023827,0.0116838],[5.8591e-05,0.020983,0.020983,0.957975],[0.00935875,0.0140079,0.237212,0.739422],[0.578994,0.00703278,0.353464,0.0605096],[0.172112,0.225587,0.492966,0.109336],[0.176762,0.241862,0.12561,0.455767],[0.0884101,0.213961,0.241862,0.455767]]},{"db":2,"id":"MAZ_HUMAN.H11MO.0.A","len":22,"ltrim":1,"rtrim":0,"nsites":500,"evalue":"1.0e+000","url":"http://hocomoco.autosome.ru/motif/MAZ_HUMAN.H11MO.0.A","pwm":[[0.216007,0.144021,0.503949,0.136023],[0.283994,0.0240448,0.651919,0.0400424],[0.30199,0.0120472,0.673915,0.012048],[0.082034,0.018046,0.865876,0.0340436],[0.05204,0.112027,0.825884,0.0100484],[0.647921,0.088032,0.0260444,0.238003],[0.0540396,0.0100476,0.905868,0.0300444],[0.114028,0.0200456,0.851879,0.0140476],[0.265997,0.0340428,0.665916,0.0340436],[0.271996,0.00804799,0.679914,0.0400424],[0.114028,0.202009,0.655918,0.0280448],[0.317987,0.134023,0.331983,0.216007],[0.174016,0.0400416,0.69791,0.0880328],[0.333984,0.0540388,0.553939,0.0580388],[0.190012,0.120026,0.64792,0.042042],[0.365977,0.078034,0.511947,0.0440416],[0.29999,0.0720352,0.569936,0.0580388],[0.329984,0.134023,0.455958,0.0800344],[0.259998,0.0620372,0.555938,0.122026],[0.273996,0.204009,0.44596,0.0760352],[0.355979,0.106028,0.429964,0.108029],[0.273996,0.09803,0.561937,0.0660372]]},{"db":2,"id":"MEF2A_HUMAN.H11MO.0.A","len":13,"ltrim":1,"rtrim":1,"nsites":500,"evalue":"1.0e+000","url":"http://hocomoco.autosome.ru/motif/MEF2A_HUMAN.H11MO.0.A","pwm":[[0.273996,0.078034,0.244001,0.40397],[0.128025,0.0800336,0.387972,0.40397],[0.0280448,0.723905,0.0500396,0.198011],[0.00204999,0.0560384,4.95901e-05,0.941862],[0.927865,0.00604839,0.00804799,0.0580388],[0.0640376,0.00204919,0.00804799,0.925865],[0.10203,0.00204919,0.00404879,0.891872],[0.0140476,0.04804,0.0100476,0.927865],[0.134024,0.0820332,0.0120472,0.771896],[0.140022,0.0360424,0.116026,0.707909],[0.54994,0.00204919,0.435962,0.012048],[0.160018,0.038042,0.657918,0.144022],[0.359978,0.383973,0.104029,0.15202]]},{"db":2,"id":"MEF2C_HUMAN.H11MO.0.A","len":13,"ltrim":1,"rtrim":1,"nsites":500,"evalue":"1.0e+000","url":"http://hocomoco.autosome.ru/motif/MEF2C_HUMAN.H11MO.0.A","pwm":[[0.297991,0.0740348,0.283993,0.343982],[0.10403,0.0920312,0.419966,0.383974],[0.0300444,0.691911,0.0460404,0.232004],[0.00204999,0.0620372,4.95901e-05,0.935863],[0.947861,0.0160464,0.00604839,0.0300444],[0.0600384,0.00604839,0.00204919,0.931864],[0.0800344,0.0120472,0.00604839,0.90187],[0.0240456,0.038042,0.0100476,0.927865],[0.148021,0.0900316,0.0220452,0.739902],[0.138023,0.0420412,0.122025,0.697911],[0.565937,0.00404879,0.421965,0.00804879],[0.15402,0.0720352,0.633923,0.140022],[0.359978,0.363977,0.102029,0.174016]]},{"db":2,"id":"MEF2D_HUMAN.H11MO.0.A","len":12,"ltrim":1,"rtrim":0,"nsites":500,"evalue":"1.0e+000","url":"http://hocomoco.autosome.ru/motif/MEF2D_HUMAN.H11MO.0.A","pwm":[[0.311988,0.0560384,0.301989,0.329984],[0.0680368,0.0640368,0.49995,0.367977],[0.0240456,0.757898,0.0600376,0.158019],[0.00204999,0.0200456,0.00604839,0.971856],[0.969856,0.00204919,0.00204919,0.0260452],[0.0540396,0.00604839,0.00404879,0.935863],[0.0800344,0.0120472,0.00804799,0.89987],[0.0940316,0.0400416,0.00604839,0.859878],[0.297991,0.0860324,0.0120472,0.60393],[0.0860332,0.0140468,0.0540388,0.845881],[0.7539,4.95901e-05,0.236002,0.0100484],[0.0940316,0.0320432,0.785892,0.0880328]]},{"db":2,"id":"MYC_HUMAN.H11MO.0.A","len":11,"ltrim":1,"rtrim":2,"nsites":500,"evalue":"1.0e+000","url":"http://hocomoco.autosome.ru/motif/MYC_HUMAN.H11MO.0.A","pwm":[[0.220006,0.210008,0.429964,0.140022],[0.168017,0.7499,0.0520392,0.0300444],[0.0200464,0.969856,0.00404879,0.00604919],[0.871876,0.00604839,0.0860324,0.0360432],[0.00204999,0.687912,0.00404879,0.305989],[0.0200464,0.0220452,0.955858,0.00204999],[0.0140476,0.038042,4.95901e-05,0.947861],[0.00404959,0.00804799,0.975854,0.012048],[0.0500404,0.573935,0.218006,0.158019],[0.196011,0.19801,0.164017,0.441962],[0.0680368,0.381973,0.202009,0.347981]]},{"db":2,"id":"NKX28_HUMAN.H11MO.0.C","len":9,"ltrim":0,"rtrim":0,"nsites":6,"evalue":"1.0e+000","url":"http://hocomoco.autosome.ru/motif/NKX28_HUMAN.H11MO.0.C","pwm":[[0.0282392,0.201751,0.201751,0.568258],[0.00413115,0.00406557,0.00406557,0.987738],[0.00413115,0.765878,0.225859,0.00413115],[0.939522,0.00406557,0.0522816,0.00413115],[0.987738,0.00406557,0.00406557,0.00413115],[0.00413115,0.00406557,0.987672,0.00413115],[0.00413115,0.00406557,0.592301,0.399502],[0.592366,0.00406557,0.399437,0.00413115],[0.0282392,0.568193,0.201751,0.201817]]},{"db":2,"id":"OTX2_HUMAN.H11MO.0.A","len":11,"ltrim":1,"rtrim":1,"nsites":500,"evalue":"1.0e+000","url":"http://hocomoco.autosome.ru/motif/OTX2_HUMAN.H11MO.0.A","pwm":[[0.443962,0.140022,0.255998,0.160018],[0.379974,0.0600376,0.417966,0.142022],[0.333984,0.0820332,0.527944,0.0560392],[0.210008,0.00204919,0.771895,0.0160472],[0.032044,0.0400416,0.923865,0.00404959],[0.835883,0.152019,0.00404879,0.00804879],[0.00204999,0.00604839,0.00404879,0.987853],[0.0140476,0.0200456,0.00804799,0.957859],[0.883874,0.00404879,0.0220452,0.0900324],[0.427965,0.0500396,0.401969,0.120026],[0.208009,0.357978,0.355978,0.0780348]]},{"db":2,"id":"PATZ1_HUMAN.H11MO.0.C","len":22,"ltrim":0,"rtrim":1,"nsites":491,"evalue":"1.0e+000","url":"http://hocomoco.autosome.ru/motif/PATZ1_HUMAN.H11MO.0.C","pwm":[[0.23422,0.0916815,0.560018,0.114081],[0.13648,0.0265217,0.639431,0.197567],[0.142588,0.0835366,0.682193,0.0916823],[0.0407762,0.0855728,0.84102,0.0326312],[0.458206,0.287161,0.136479,0.118154],[0.244401,0.0611379,0.623142,0.0713199],[0.142588,0.0305942,0.706628,0.12019],[0.215893,0.0652103,0.692374,0.0265225],[0.126299,0.0163405,0.847128,0.0102325],[0.211821,0.118153,0.614997,0.0550299],[0.417482,0.557982,0.00819548,0.0163413],[0.0794649,0.0285579,0.553909,0.338068],[0.0285587,0.142588,0.765679,0.0631749],[0.160915,0.160914,0.606852,0.0713199],[0.327887,0.0631741,0.578344,0.030595],[0.291234,0.191458,0.494858,0.02245],[0.240328,0.240327,0.348248,0.171096],[0.158878,0.0753916,0.576308,0.189422],[0.128335,0.0570654,0.773824,0.0407762],[0.413409,0.217929,0.313632,0.0550299],[0.317706,0.0143042,0.623142,0.0448487],[0.138516,0.203675,0.488749,0.16906]]},{"db":2,"id":"SMAD4_HUMAN.H11MO.0.B","len":13,"ltrim":1,"rtrim":0,"nsites":497,"evalue":"1.0e+000","url":"http://hocomoco.autosome.ru/motif/SMAD4_HUMAN.H11MO.0.B","pwm":[[0.219322,0.448652,0.203228,0.128797],[0.307836,0.100633,0.0523532,0.539178],[0.0181557,0.0101082,0.945534,0.0262024],[0.0463191,0.0463182,0.177077,0.730286],[0.00206236,0.981744,0.00809656,0.00809736],[0.00206236,0.00608489,0.00206156,0.989791],[0.144891,0.211275,0.597515,0.0463191],[0.193171,0.146902,0.370197,0.289731],[0.028214,0.939499,0.0161432,0.016144],[0.712181,0.0523532,0.0925866,0.142879],[0.0523541,0.696087,0.189147,0.0624124],[0.134832,0.573375,0.0644233,0.227369],[0.136844,0.209263,0.0945983,0.559294]]},{"db":2,"id":"SP2_HUMAN.H11MO.0.A","len":22,"ltrim":0,"rtrim":0,"nsites":499,"evalue":"1.0e+000","url":"http://hocomoco.autosome.ru/motif/SP2_HUMAN.H11MO.0.A","pwm":[[0.128531,0.25015,0.56903,0.0522898],[0.180005,0.246121,0.522889,0.0509852],[0.150765,0.282173,0.504601,0.0624611],[0.154523,0.318673,0.420538,0.106266],[0.287965,0.222104,0.384325,0.105605],[0.175218,0.100131,0.656763,0.0678884],[0.140026,0.0557861,0.706023,0.098165],[0.296016,0.0549104,0.63041,0.0186637],[0.0378361,0.00428949,0.91847,0.039404],[0.0122187,0.0208865,0.956785,0.0101099],[0.0434627,0.889613,0.0128502,0.0540743],[0.0324017,0.0164185,0.900169,0.0510113],[0.0125966,0.0201752,0.934452,0.0327758],[0.0993418,0.086918,0.785941,0.0277989],[0.220794,0.177589,0.581639,0.0199786],[0.103854,0.604625,0.218656,0.0728651],[0.0500976,0.508072,0.233441,0.208389],[0.201319,0.190204,0.392564,0.215914],[0.129686,0.23698,0.526475,0.106859],[0.182031,0.257938,0.465995,0.0940362],[0.150532,0.185503,0.589237,0.0747275],[0.122749,0.326351,0.49487,0.0560304]]},{"db":2,"id":"SP4_HUMAN.H11MO.0.A","len":20,"ltrim":2,"rtrim":1,"nsites":499,"evalue":"1.0e+000","url":"http://hocomoco.autosome.ru/motif/SP4_HUMAN.H11MO.0.A","pwm":[[0.222451,0.248497,0.454868,0.0741839],[0.26653,0.148317,0.462883,0.12227],[0.140303,0.180374,0.605139,0.0741839],[0.404779,0.250501,0.248497,0.0962236],[0.526999,0.112252,0.224454,0.136296],[0.346674,0.0260966,0.549038,0.0781911],[0.230465,0.0180821,0.637197,0.114256],[0.342667,0.0200858,0.615157,0.0220902],[0.0681731,0.0120713,0.901673,0.0180829],[0.0361154,0.0040569,0.935734,0.0240938],[0.124274,0.769435,0.0100677,0.0962236],[0.0561515,0.0160785,0.85559,0.0721803],[0.0541479,0.0180821,0.8616,0.0661695],[0.352685,0.0301038,0.56707,0.0501407],[0.214436,0.0100677,0.747395,0.028101],[0.198408,0.597124,0.142306,0.0621623],[0.248498,0.414796,0.124273,0.212433],[0.326638,0.0781903,0.364706,0.230465],[0.302595,0.112252,0.498948,0.0862056],[0.332649,0.142306,0.430825,0.09422]]},{"db":2,"id":"TAF1_HUMAN.H11MO.0.A","len":16,"ltrim":0,"rtrim":0,"nsites":500,"evalue":"1.0e+000","url":"http://hocomoco.autosome.ru/motif/TAF1_HUMAN.H11MO.0.A","pwm":[[0.505949,0.058038,0.405968,0.0300444],[0.7519,0.0460404,0.156018,0.0460412],[0.423966,0.0560384,0.511947,0.00804879],[0.529944,0.0960304,0.359978,0.0140476],[0.34998,0.172015,0.0340428,0.443962],[0.0900324,0.0320432,0.837882,0.0400424],[0.0180468,0.0140468,0.957858,0.0100484],[0.323986,0.651919,0.00804799,0.0160472],[0.232004,0.0560384,0.621925,0.0900324],[0.0700364,0.0640368,0.831883,0.0340436],[0.281994,0.539942,0.0600376,0.118027],[0.180014,0.0640368,0.643921,0.112028],[0.158019,0.166016,0.631923,0.0440416],[0.30199,0.411967,0.188012,0.0980308],[0.190012,0.14602,0.525944,0.138023],[0.271996,0.138022,0.527944,0.062038]]},{"db":2,"id":"TFDP1_HUMAN.H11MO.0.C","len":14,"ltrim":1,"rtrim":2,"nsites":500,"evalue":"1.0e+000","url":"http://hocomoco.autosome.ru/motif/TFDP1_HUMAN.H11MO.0.C","pwm":[[0.35198,0.140022,0.39797,0.110028],[0.267997,0.128024,0.517946,0.0860332],[0.329984,0.110028,0.415966,0.144022],[0.321986,0.078034,0.427964,0.172016],[0.0960312,0.114027,0.781893,0.00804879],[0.032044,0.0100476,0.943861,0.0140476],[0.0740356,0.873875,0.0140468,0.0380428],[0.0460412,0.0160464,0.903869,0.0340436],[0.00804879,0.0460404,0.937862,0.00804879],[0.0780348,0.0320432,0.877874,0.012048],[0.831884,0.0200456,0.130024,0.0180468],[0.631924,0.188012,0.158018,0.022046],[0.479954,0.118026,0.253999,0.148021],[0.309988,0.180014,0.281993,0.228005]]},{"db":2,"id":"TFE3_HUMAN.H11MO.0.B","len":10,"ltrim":0,"rtrim":0,"nsites":467,"evalue":"1.0e+000","url":"http://hocomoco.autosome.ru/motif/TFE3_HUMAN.H11MO.0.B","pwm":[[0.319043,0.0428705,0.48389,0.154197],[0.132788,0.0107574,0.847837,0.00861743],[0.0214626,0.0278844,0.0428705,0.907782],[0.0171809,0.948458,0.0278844,0.00647656],[0.961304,0.0107574,0.0193209,0.00861743],[0.01504,0.933472,0.0150392,0.0364487],[0.152056,0.0193209,0.813583,0.01504],[0.0171809,0.0300253,0.0364479,0.916346],[0.0128992,0.00219396,0.972008,0.0128992],[0.80288,0.0450113,0.122083,0.0300261]]},{"db":2,"id":"VEZF1_HUMAN.H11MO.0.C","len":22,"ltrim":0,"rtrim":0,"nsites":500,"evalue":"1.0e+000","url":"http://hocomoco.autosome.ru/motif/VEZF1_HUMAN.H11MO.0.C","pwm":[[0.230004,0.088032,0.543941,0.138023],[0.212008,0.108028,0.635922,0.0440416],[0.295991,0.0620372,0.54794,0.0940316],[0.305989,0.0760344,0.543941,0.0740356],[0.505949,0.088032,0.34998,0.0560392],[0.341982,0.0600376,0.49995,0.0980308],[0.194012,0.112027,0.643921,0.0500404],[0.263998,0.112027,0.49795,0.126025],[0.295991,0.0640368,0.583933,0.0560392],[0.0580388,0.0120472,0.859878,0.0700364],[0.0180468,0.118026,0.829884,0.0340436],[0.821886,0.0860324,0.0120472,0.0800344],[0.248001,0.0260444,0.703909,0.022046],[0.206009,0.0800336,0.669916,0.0440416],[0.273996,0.0460404,0.583933,0.0960312],[0.210008,0.0320432,0.64592,0.112028],[0.15002,0.124025,0.671915,0.0540396],[0.463958,0.182013,0.271995,0.082034],[0.212008,0.09803,0.567936,0.122026],[0.381974,0.0220452,0.541941,0.0540396],[0.307989,0.0660364,0.557938,0.0680368],[0.335983,0.0420412,0.523945,0.0980308]]},{"db":2,"id":"WT1_HUMAN.H11MO.0.C","len":20,"ltrim":0,"rtrim":0,"nsites":500,"evalue":"1.0e+000","url":"http://hocomoco.autosome.ru/motif/WT1_HUMAN.H11MO.0.C","pwm":[[0.311988,0.102029,0.513947,0.072036],[0.210008,0.160018,0.559938,0.0700364],[0.0880328,0.112027,0.761897,0.0380428],[0.273996,0.303989,0.275994,0.146021],[0.0980308,0.0840328,0.803889,0.0140476],[0.289992,0.0520392,0.59593,0.062038],[0.252,0.0260444,0.713907,0.00804879],[0.00604919,0.0260444,0.955858,0.012048],[0.012048,0.0160464,0.971855,5.03899e-05],[0.825885,0.14802,0.00404879,0.022046],[0.012048,0.00804799,0.969856,0.0100484],[0.0360432,0.0120472,0.907868,0.0440416],[0.475955,0.10003,0.385972,0.0380428],[0.238003,0.0360424,0.713907,0.012048],[0.242002,0.186012,0.515946,0.0560392],[0.305989,0.214007,0.387972,0.092032],[0.120026,0.068036,0.751899,0.0600384],[0.194012,0.0940308,0.673915,0.0380428],[0.369976,0.108028,0.471955,0.0500404],[0.214008,0.0800336,0.679914,0.0260452]]},{"db":2,"id":"ZBT17_HUMAN.H11MO.0.A","len":19,"ltrim":2,"rtrim":0,"nsites":500,"evalue":"1.0e+000","url":"http://hocomoco.autosome.ru/motif/ZBT17_HUMAN.H11MO.0.A","pwm":[[0.184014,0.238002,0.435962,0.142022],[0.387973,0.156018,0.29999,0.156019],[0.279994,0.0540388,0.539942,0.126025],[0.212008,0.0800336,0.609928,0.0980308],[0.20001,0.136022,0.571935,0.092032],[0.319986,0.128024,0.0940308,0.457959],[0.140022,0.0400416,0.811887,0.00804879],[0.20401,0.0260444,0.679914,0.0900324],[0.238003,0.0340428,0.683913,0.0440416],[0.15202,0.00604839,0.789892,0.05204],[0.072036,0.0740348,0.84988,0.00404959],[0.695911,0.20001,0.00204919,0.10203],[0.198011,0.0320432,0.537942,0.232004],[0.05204,0.0160464,0.885872,0.0460412],[0.232004,0.0220452,0.725904,0.0200464],[0.255999,0.00804799,0.709908,0.0260452],[0.527945,0.275994,0.136022,0.0600384],[0.419966,0.0620372,0.331983,0.186013],[0.257999,0.114027,0.507948,0.120026]]},{"db":2,"id":"ZN121_HUMAN.H11MO.0.C","len":20,"ltrim":0,"rtrim":0,"nsites":486,"evalue":"1.0e+000","url":"http://hocomoco.autosome.ru/motif/ZN121_HUMAN.H11MO.0.C","pwm":[[0.0267953,0.917558,0.0288517,0.0267953],[0.0823394,0.0350232,0.0843958,0.798242],[0.012395,0.0123942,0.958702,0.0165094],[0.0370813,0.0247373,0.934015,0.00416622],[0.0926254,0.0679383,0.833213,0.00622341],[0.0350241,0.921672,0.0350232,0.0082806],[0.827042,0.0926246,0.0617667,0.0185666],[0.812642,0.0617667,0.0987961,0.0267953],[0.0432528,0.750925,0.0905674,0.115254],[0.841443,0.0370804,0.0926246,0.0288525],[0.0391384,0.22017,0.300401,0.44029],[0.824985,0.0288517,0.0453092,0.100854],[0.0226809,0.0350232,0.917558,0.0247381],[0.0329669,0.57195,0.0370804,0.358003],[0.448519,0.0802814,0.438232,0.0329669],[0.8723,0.0247373,0.0699955,0.0329669],[0.0226809,0.0206229,0.942244,0.0144522],[0.864072,0.0453092,0.0699955,0.0206237],[0.0288525,0.804412,0.0391376,0.127598],[0.0329669,0.773554,0.0453092,0.14817]]},{"db":2,"id":"ZN257_HUMAN.H11MO.0.C","len":12,"ltrim":0,"rtrim":0,"nsites":432,"evalue":"1.0e+000","url":"http://hocomoco.autosome.ru/motif/ZN257_HUMAN.H11MO.0.C","pwm":[[0.0764295,0.0579144,0.68277,0.182886],[0.3148,0.425885,0.0602287,0.199086],[0.013944,0.280085,0.171314,0.534657],[0.0926295,0.884112,0.0116288,0.0116297],[0.00468688,0.00931451,0.00237167,0.983627],[0.0023726,0.115771,0.0185716,0.863284],[0.0255154,0.00468595,0.798484,0.171315],[5.83198e-05,0.995197,5.73941e-05,0.00468688],[0.00468688,0.972055,5.73941e-05,0.0232011],[0.212972,0.00931451,0.0532858,0.724428],[0.0486582,0.847084,0.0324573,0.071801],[0.344886,0.1528,0.0671715,0.435143]]},{"db":2,"id":"ZN263_HUMAN.H11MO.0.A","len":20,"ltrim":0,"rtrim":0,"nsites":499,"evalue":"1.0e+000","url":"http://hocomoco.autosome.ru/motif/ZN263_HUMAN.H11MO.0.A","pwm":[[0.202415,0.034111,0.71133,0.0521443],[0.0240938,0.0200858,0.919705,0.0361154],[0.0180829,0.0220894,0.957774,0.0020541],[0.983821,0.0140749,4.96894e-05,0.0020541],[0.048137,0.0020533,0.909687,0.0401226],[0.0260974,0.110248,0.847575,0.0160793],[0.937738,0.00806412,0.0461326,0.00806492],[0.104238,0.210428,0.635193,0.0501407],[0.0441298,0.166349,0.629182,0.160339],[0.342667,0.160338,0.424814,0.0721803],[0.416801,0.15032,0.340663,0.0922164],[0.110249,0.114255,0.717341,0.0581551],[0.412793,0.110248,0.390753,0.0862056],[0.232469,0.108244,0.591114,0.0681731],[0.18839,0.0922156,0.621168,0.0982272],[0.420808,0.114255,0.380735,0.084202],[0.222451,0.126277,0.553045,0.0982272],[0.176368,0.136295,0.569074,0.118263],[0.43884,0.104237,0.352684,0.104238],[0.28857,0.120266,0.524995,0.0661695]]},{"db":2,"id":"ZN274_HUMAN.H11MO.0.A","len":20,"ltrim":0,"rtrim":0,"nsites":500,"evalue":"1.0e+000","url":"http://hocomoco.autosome.ru/motif/ZN274_HUMAN.H11MO.0.A","pwm":[[0.0580388,0.813887,0.0700356,0.0580388],[0.857879,0.0520392,0.0340428,0.0560392],[0.0340436,0.285992,0.126024,0.55394],[0.747901,0.14602,0.0540388,0.05204],[0.212008,0.64592,0.09803,0.0440416],[0.224006,0.0140468,0.0300436,0.731904],[0.0440416,0.0840328,0.807888,0.0640376],[0.092032,0.0260444,0.851879,0.0300444],[0.769896,0.0220452,0.0920312,0.116027],[0.257999,0.0640368,0.657918,0.0200464],[0.761898,0.0260444,0.038042,0.174016],[0.144022,0.0440408,0.787892,0.0240456],[0.747901,0.04804,0.19801,0.00604919],[0.865877,0.0460404,0.0660364,0.022046],[0.785893,0.0360424,0.134023,0.0440416],[0.0800344,0.637922,0.0440408,0.238003],[0.042042,0.7459,0.128024,0.0840336],[0.138023,0.453959,0.182013,0.226005],[0.228005,0.0740348,0.0440408,0.65392],[0.807889,0.0740348,0.0820332,0.0360432]]},{"db":2,"id":"ZN317_HUMAN.H11MO.0.C","len":20,"ltrim":0,"rtrim":0,"nsites":455,"evalue":"1.0e+000","url":"http://hocomoco.autosome.ru/motif/ZN317_HUMAN.H11MO.0.C","pwm":[[0.175841,0.0440009,0.742748,0.0374098],[0.749341,0.0483955,0.15167,0.0505937],[0.388981,0.226378,0.10992,0.27472],[0.171446,0.0593821,0.127499,0.641673],[0.303285,0.030817,0.529608,0.136289],[0.815261,0.0659741,0.0637768,0.0549884],[0.011042,0.914139,0.0132384,0.0615803],[0.769117,0.0220277,0.0747633,0.134092],[0.153868,0.0220277,0.780103,0.0440018],[0.131895,0.788892,0.0264223,0.052791],[0.410954,0.0418036,0.0418036,0.505439],[0.0769615,0.00664645,0.898758,0.0176339],[0.949297,0.0132384,0.0198304,0.0176339],[0.0308178,0.643869,0.0198304,0.305483],[0.129697,0.0527902,0.0330143,0.784498],[0.107724,0.0923419,0.0703687,0.729565],[0.116513,0.573555,0.0418036,0.268128],[0.065975,0.105526,0.0879473,0.740552],[0.0967374,0.588936,0.129696,0.18463],[0.687816,0.103328,0.10992,0.0989347]]},{"db":2,"id":"ZN467_HUMAN.H11MO.0.C","len":22,"ltrim":0,"rtrim":0,"nsites":499,"evalue":"1.0e+000","url":"http://hocomoco.autosome.ru/motif/ZN467_HUMAN.H11MO.0.C","pwm":[[0.296584,0.024093,0.649218,0.0301046],[0.0982272,0.0040569,0.849579,0.048137],[0.0541479,0.0220894,0.915698,0.00806492],[0.0020541,0.0180821,0.975806,0.0040577],[0.94976,0.024093,0.0040569,0.0220902],[0.184382,0.00806412,0.791474,0.0160793],[0.0321082,0.0180821,0.929723,0.0200866],[0.298588,0.0160785,0.671258,0.0140757],[0.178371,0.0641651,0.73337,0.0240938],[0.416801,0.104237,0.408785,0.0701767],[0.41079,0.12227,0.420807,0.0461334],[0.292577,0.0721795,0.591114,0.0441298],[0.24449,0.0761867,0.645211,0.0341118],[0.3607,0.0521435,0.535013,0.0521443],[0.284563,0.0561507,0.621168,0.038119],[0.290573,0.0621615,0.579092,0.0681731],[0.356692,0.0481362,0.529002,0.0661695],[0.250501,0.0661687,0.641204,0.0421262],[0.260519,0.0801939,0.633189,0.0260974],[0.324635,0.0621615,0.575085,0.038119],[0.354689,0.0842012,0.514977,0.0461334],[0.28857,0.104237,0.541023,0.0661695]]},{"db":2,"id":"ZN770_HUMAN.H11MO.0.C","len":22,"ltrim":0,"rtrim":1,"nsites":490,"evalue":"1.0e+000","url":"http://hocomoco.autosome.ru/motif/ZN770_HUMAN.H11MO.0.C","pwm":[[0.226536,0.0959494,0.528514,0.149001],[0.126556,0.0245354,0.836615,0.0122938],[0.0469806,0.022495,0.928433,0.00209182],[0.940676,0.0061718,0.042899,0.0102534],[0.0326978,5.06019e-05,0.956998,0.0102534],[0.028617,0.012293,0.946796,0.0122938],[0.0408594,0.875382,0.0571818,0.0265766],[0.124516,0.287747,0.0449394,0.542798],[0.116354,0.0816666,0.781524,0.0204554],[0.640737,0.0714646,0.244899,0.0428998],[0.14696,0.0592222,0.76316,0.0306574],[0.191849,0.0898282,0.642777,0.0755462],[0.169405,0.402009,0.204091,0.224495],[0.328556,0.0714646,0.479545,0.120435],[0.106152,0.0959494,0.754999,0.0428998],[0.161243,0.093909,0.71215,0.0326978],[0.6