<!DOCTYPE HTML>
<html>
  <head>
    <meta charset="UTF-8">
    <title>SpaMo - Spaced Motif Analysis</title>
    <script type="text/javascript">
      //@JSON_VAR data
      var data = {"program":"SpaMo","version":"4.11.3","revision":"c13e15f35e38483381a6e8a363f9137e303c0765","release":"Sat Mar 11 20:16:08 2017 -0800","host":"uger-c009.broadinstitute.org","when":"Sun Feb 28 15:50:19 2021","cmd":["spamo","-verbosity","1","-oc","/broad/sankaranlab/fyu/HemeMap/02262021-downMast_re-analysis/motif_denovo/up_mast0035_interactions_10x_hocomoco_meme-chip/spamo_out_5","-bgfile","/broad/sankaranlab/fyu/HemeMap/02262021-downMast_re-analysis/motif_denovo/up_mast0035_interactions_10x_hocomoco_meme-chip/background","-primary","RTGASTCA","/broad/sankaranlab/fyu/HemeMap/02262021-downMast_re-analysis/motif_denovo/up_mast0035_interactions_10x_hocomoco_meme-chip/20210227-deg_interactions_peaks_up_mast0035_fa_1based.fa","/broad/sankaranlab/fyu/HemeMap/02262021-downMast_re-analysis/motif_denovo/up_mast0035_interactions_10x_hocomoco_meme-chip/dreme_out/dreme.xml","/broad/sankaranlab/fyu/HemeMap/02262021-downMast_re-analysis/motif_denovo/up_mast0035_interactions_10x_hocomoco_meme-chip/meme_out/meme.xml","/broad/sankaranlab/fyu/HemeMap/02262021-downMast_re-analysis/motif_denovo/up_mast0035_interactions_10x_hocomoco_meme-chip/dreme_out/dreme.xml","/broad/sankaranlab/fyu/motif_data/HOCOMOCOv11_core_HUMAN_mono_meme_format.meme"],"options":{"seq_min_hit_score":7,"margin":150,"bin_size":1,"bin_pvalue_calc_range":150,"use_best_secondary":0,"seq_max_shared_fract":0.5,"seq_odds_ratio":20,"bin_pvalue_cutoff":0.05,"motif_evalue_cutoff":10,"redundant_overlap":2,"redundant_joint":0.5,"motif_pseudocount":0.1,"bgfile":"/broad/sankaranlab/fyu/HemeMap/02262021-downMast_re-analysis/motif_denovo/up_mast0035_interactions_10x_hocomoco_meme-chip/background","motif_trim":0.25,"xalph":0,"seed":1,"bin_max":17},"alphabet":{"name":"DNA","like":"dna","ncore":4,"symbols":[{"symbol":"A","name":"Adenine","colour":"CC0000","complement":"T"},{"symbol":"C","name":"Cytosine","colour":"0000CC","complement":"G"},{"symbol":"G","name":"Guanine","colour":"FFB300","complement":"C"},{"symbol":"T","aliases":"U","name":"Thymine","colour":"008000","complement":"A"},{"symbol":"N","aliases":"X.","name":"Any base","equals":"ACGT"},{"symbol":"V","name":"Not T","equals":"ACG"},{"symbol":"H","name":"Not G","equals":"ACT"},{"symbol":"D","name":"Not C","equals":"AGT"},{"symbol":"B","name":"Not A","equals":"CGT"},{"symbol":"M","name":"Amino","equals":"AC"},{"symbol":"R","name":"Purine","equals":"AG"},{"symbol":"W","name":"Weak","equals":"AT"},{"symbol":"S","name":"Strong","equals":"CG"},{"symbol":"Y","name":"Pyrimidine","equals":"CT"},{"symbol":"K","name":"Keto","equals":"GT"}]},"background":[0.2358,0.2642,0.2642,0.2358],"sequence_dbs":[{"source":"/broad/sankaranlab/fyu/HemeMap/02262021-downMast_re-analysis/motif_denovo/up_mast0035_interactions_10x_hocomoco_meme-chip/20210227-deg_interactions_peaks_up_mast0035_fa_1based.fa","name":"20210227-deg_interactions_peaks_up_mast0035_fa_1based","last_modified":"Sun Feb 28 14:31:57 2021","loaded":7128,"excluded_too_short":0,"excluded_no_match":6675,"excluded_ambigs":0,"excluded_similar":3,"erased_primary_matches":220}],"primary_dbs":[{"source":"/broad/sankaranlab/fyu/HemeMap/02262021-downMast_re-analysis/motif_denovo/up_mast0035_interactions_10x_hocomoco_meme-chip/dreme_out/dreme.xml","name":"dreme.xml","last_modified":"Sun Feb 28 15:34:55 2021","loaded":9,"excluded":8}],"secondary_dbs":[{"source":"/broad/sankaranlab/fyu/HemeMap/02262021-downMast_re-analysis/motif_denovo/up_mast0035_interactions_10x_hocomoco_meme-chip/meme_out/meme.xml","name":"meme.xml","last_modified":"Sun Feb 28 15:23:06 2021","loaded":10,"excluded":0},{"source":"/broad/sankaranlab/fyu/HemeMap/02262021-downMast_re-analysis/motif_denovo/up_mast0035_interactions_10x_hocomoco_meme-chip/dreme_out/dreme.xml","name":"dreme.xml","last_modified":"Sun Feb 28 15:34:55 2021","loaded":10,"excluded":1},{"source":"/broad/sankaranlab/fyu/motif_data/HOCOMOCOv11_core_HUMAN_mono_meme_format.meme","name":"HOCOMOCOv11_core_HUMAN_mono_meme_format","last_modified":"Sat Jun 23 07:43:00 2018","loaded":401,"excluded":0}],"secondary_motifs":[{"db":0,"id":"3","alt":"MEME","len":15,"ltrim":0,"rtrim":0,"nsites":49,"evalue":"3.2e-018","pwm":[[0.591112,0.000538085,0.0209045,0.387446],[0.672578,0.000538085,0.143104,0.183779],[0.998444,0.000538085,0.000538085,0.000480245],[0.815145,0.000538085,0.000538085,0.183779],[0.652211,0.0820048,0.000538085,0.265246],[0.855878,0.0209045,0.000538085,0.12268],[0.183779,0.0820048,0.367137,0.367079],[0.998444,0.000538085,0.000538085,0.000480245],[0.387446,0.326404,0.000538085,0.285612],[0.733678,0.000538085,0.000538085,0.265246],[0.509645,0.34677,0.041271,0.102313],[0.998444,0.000538085,0.000538085,0.000480245],[0.591112,0.102371,0.000538085,0.305979],[0.550378,0.000538085,0.183837,0.265246],[0.489279,0.0616374,0.041271,0.407812]]},{"db":0,"id":"4","alt":"MEME","len":29,"ltrim":0,"rtrim":0,"nsites":8,"evalue":"3.3e-016","pwm":[[0.126368,0.00326173,0.00326173,0.867109],[0.867109,0.126719,0.00326173,0.00291111],[0.743652,0.00326173,0.250175,0.00291111],[0.00291111,0.250175,0.00326173,0.743652],[0.00291111,0.990916,0.00326173,0.00291111],[0.00291111,0.990916,0.00326173,0.00291111],[0.00291111,0.990916,0.00326173,0.00291111],[0.867109,0.00326173,0.126719,0.00291111],[0.00291111,0.00326173,0.990916,0.00291111],[0.00291111,0.867459,0.00326173,0.126368],[0.373281,0.00326173,0.250175,0.373281],[0.373281,0.497089,0.00326173,0.126368],[0.00291111,0.250175,0.00326173,0.743652],[0.00291111,0.373632,0.00326173,0.620195],[0.00291111,0.250175,0.00326173,0.743652],[0.249825,0.00326173,0.744002,0.00291111],[0.373281,0.00326173,0.620546,0.00291111],[0.00291111,0.00326173,0.990916,0.00291111],[0.990565,0.00326173,0.00326173,0.00291111],[0.126368,0.00326173,0.867459,0.00291111],[0.00291111,0.00326173,0.990916,0.00291111],[0.00291111,0.990916,0.00326173,0.00291111],[0.00291111,0.250175,0.00326173,0.743652],[0.126368,0.00326173,0.867459,0.00291111],[0.743652,0.00326173,0.250175,0.00291111],[0.00291111,0.00326173,0.990916,0.00291111],[0.00291111,0.00326173,0.867459,0.126368],[0.00291111,0.497089,0.126719,0.373281],[0.249825,0.00326173,0.744002,0.00291111]]},{"db":0,"id":"5","alt":"MEME","len":30,"ltrim":0,"rtrim":0,"nsites":9,"evalue":"4.9e-017","pwm":[[0.991602,0.0029033,0.0029033,0.00259121],[0.00259121,0.662244,0.332573,0.00259121],[0.442151,0.112793,0.0029033,0.442151],[0.112481,0.882024,0.0029033,0.00259121],[0.00259121,0.991914,0.0029033,0.00259121],[0.991602,0.0029033,0.0029033,0.00259121],[0.00259121,0.0029033,0.772134,0.222371],[0.00259121,0.772134,0.0029033,0.222371],[0.112481,0.772134,0.0029033,0.112481],[0.00259121,0.112793,0.112793,0.771822],[0.112481,0.112793,0.772134,0.00259121],[0.00259121,0.0029033,0.991914,0.00259121],[0.00259121,0.222683,0.772134,0.00259121],[0.00259121,0.442463,0.0029033,0.552042],[0.552042,0.0029033,0.442463,0.00259121],[0.881712,0.0029033,0.112793,0.00259121],[0.00259121,0.991914,0.0029033,0.00259121],[0.991602,0.0029033,0.0029033,0.00259121],[0.00259121,0.442463,0.442463,0.112481],[0.771822,0.0029033,0.222683,0.00259121],[0.00259121,0.0029033,0.882024,0.112481],[0.00259121,0.552354,0.0029033,0.442151],[0.332261,0.112793,0.552354,0.00259121],[0.991602,0.0029033,0.0029033,0.00259121],[0.332261,0.0029033,0.662244,0.00259121],[0.991602,0.0029033,0.0029033,0.00259121],[0.00259121,0.991914,0.0029033,0.00259121],[0.00259121,0.442463,0.0029033,0.552042],[0.00259121,0.662244,0.222683,0.112481],[0.112481,0.442463,0.0029033,0.442151]]},{"db":0,"id":"7","alt":"MEME","len":21,"ltrim":0,"rtrim":0,"nsites":13,"evalue":"1.3e-001","pwm":[[0.765159,0.00201679,0.231024,0.0018],[0.459815,0.0783526,0.460032,0.0018],[0.307143,0.383696,0.30736,0.0018],[0.0018,0.00201679,0.00201679,0.994166],[0.307143,0.68904,0.00201679,0.0018],[0.307143,0.68904,0.00201679,0.0018],[0.0781358,0.30736,0.00201679,0.612487],[0.230807,0.0783526,0.68904,0.0018],[0.612487,0.231024,0.154688,0.0018],[0.230807,0.30736,0.383696,0.0781358],[0.0018,0.383696,0.536368,0.0781358],[0.0018,0.00201679,0.154688,0.841495],[0.0781358,0.918047,0.00201679,0.0018],[0.841495,0.00201679,0.00201679,0.154472],[0.536152,0.00201679,0.383696,0.0781358],[0.0018,0.0783526,0.918047,0.0018],[0.230807,0.00201679,0.00201679,0.765159],[0.0018,0.00201679,0.994383,0.0018],[0.612487,0.154688,0.00201679,0.230807],[0.0018,0.00201679,0.00201679,0.994166],[0.0781358,0.918047,0.00201679,0.0018]]},{"db":1,"id":"CMCAGM","alt":"DREME","len":6,"ltrim":0,"rtrim":0,"nsites":3163,"evalue":"2.7e-014","pwm":[[7.45471e-06,0.999977,8.35256e-06,7.45471e-06],[0.411312,0.588672,8.35256e-06,7.45471e-06],[7.45471e-06,0.999977,8.35256e-06,7.45471e-06],[0.999976,8.35256e-06,8.35256e-06,7.45471e-06],[7.45471e-06,8.35256e-06,0.999977,7.45471e-06],[0.412893,0.587091,8.35256e-06,7.45471e-06]]},{"db":1,"id":"SVGGAA","alt":"DREME","len":6,"ltrim":0,"rtrim":0,"nsites":3197,"evalue":"6.0e-043","pwm":[[7.37544e-06,0.431337,0.568648,7.37544e-06],[0.420388,0.227402,0.352202,7.37544e-06],[7.37544e-06,8.26374e-06,0.999977,7.37544e-06],[7.37544e-06,8.26374e-06,0.999977,7.37544e-06],[0.999976,8.26374e-06,8.26374e-06,7.37544e-06],[0.999976,8.26374e-06,8.26374e-06,7.37544e-06]]},{"db":2,"id":"ALX1_HUMAN.H11MO.0.B","len":12,"ltrim":1,"rtrim":0,"nsites":31,"evalue":"1.0e+000","url":"http://hocomoco.autosome.ru/motif/ALX1_HUMAN.H11MO.0.B","pwm":[[0.436186,0.209252,0.273103,0.0814587],[0.0646092,0.096626,0.000849518,0.837915],[0.770517,0.032775,0.100173,0.0965347],[0.866294,0.0647005,0.000849518,0.0681564],[0.0007582,0.096626,0.000849518,0.901766],[0.0326837,0.227875,0.128551,0.61089],[0.483188,0.000849518,0.515205,0.0007582],[0.355486,0.256253,0.355577,0.0326837],[0.774064,0.000849518,0.128551,0.0965347],[0.100082,0.000849518,0.032775,0.866294],[0.0646092,0.032775,0.032775,0.869841],[0.827274,0.0576059,0.0576059,0.0575146]]},{"db":2,"id":"ATF3_HUMAN.H11MO.0.A","len":11,"ltrim":0,"rtrim":1,"nsites":500,"evalue":"1.0e+000","url":"http://hocomoco.autosome.ru/motif/ATF3_HUMAN.H11MO.0.A","pwm":[[0.222003,0.0900348,0.579937,0.108026],[0.255996,0.0280472,0.709911,0.00604595],[0.0180436,0.0420444,0.00805123,0.931861],[0.0100452,0.477957,0.507951,0.00404635],[0.939859,0.024048,0.00405203,0.0320408],[0.00204675,0.81389,0.0420444,0.142019],[0.0380396,0.0180492,0.925868,0.0180436],[0.0280416,0.224008,0.00805123,0.739899],[0.265994,0.16402,0.535946,0.0340404],[0.575932,0.104032,0.252002,0.0680336],[0.0940284,0.295994,0.275998,0.33398]]},{"db":2,"id":"ATF6A_HUMAN.H11MO.0.B","len":12,"ltrim":0,"rtrim":0,"nsites":20,"evalue":"1.0e+000","url":"http://hocomoco.autosome.ru/motif/ATF6A_HUMAN.H11MO.0.B","pwm":[[0.18487,0.185011,0.583021,0.0470974],[0.00117313,0.215627,0.322784,0.460415],[0.00117313,0.261552,0.598329,0.138946],[0.0930216,0.399324,0.460557,0.0470974],[0.00117313,0.0319306,0.00131443,0.965582],[0.00117313,0.0472387,0.950415,0.00117313],[0.919658,0.0472387,0.00131443,0.0317893],[0.00117313,0.996339,0.00131443,0.00117313],[0.00117313,0.00131443,0.996339,0.00117313],[0.00117313,0.00131443,0.00131443,0.996198],[0.00117313,0.0931629,0.904491,0.00117313],[0.0930216,0.00131443,0.904491,0.00117313]]},{"db":2,"id":"CEBPB_HUMAN.H11MO.0.A","len":12,"ltrim":1,"rtrim":1,"nsites":454,"evalue":"1.0e+000","url":"http://hocomoco.autosome.ru/motif/CEBPB_HUMAN.H11MO.0.A","pwm":[[0.237885,0.0991553,0.352403,0.310556],[0.453696,0.132188,0.387638,0.0264778],[5.19269e-05,0.00226034,0.00226034,0.995427],[5.19269e-05,5.8181e-05,0.299552,0.700338],[0.301748,0.00226034,0.513161,0.182831],[0.167416,0.259913,0.081538,0.491133],[5.19269e-05,5.8181e-05,0.999838,5.19269e-05],[0.0815318,0.898539,5.8181e-05,0.0198713],[0.999832,5.8181e-05,5.8181e-05,5.19269e-05],[0.999832,5.8181e-05,5.8181e-05,5.19269e-05],[5.19269e-05,0.244498,0.147603,0.607848],[0.370014,0.332584,0.182837,0.114564]]},{"db":2,"id":"DLX3_HUMAN.H11MO.0.C","len":10,"ltrim":0,"rtrim":1,"nsites":34,"evalue":"1.0e+000","url":"http://hocomoco.autosome.ru/motif/DLX3_HUMAN.H11MO.0.C","pwm":[[0.173265,0.128594,0.659139,0.0390022],[0.411981,0.403851,0.183476,0.000691496],[0.000691496,0.0231519,0.00077478,0.975382],[0.975382,0.00077478,0.0231519,0.000691496],[0.997759,0.00077478,0.00077478,0.000691496],[0.000691496,0.00077478,0.00077478,0.997759],[0.000691496,0.00077478,0.0455291,0.953005],[0.541427,0.00077478,0.363913,0.0938846],[0.161016,0.515736,0.277802,0.0454458],[0.445475,0.154656,0.10282,0.297049]]},{"db":2,"id":"ERR1_HUMAN.H11MO.0.A","len":15,"ltrim":1,"rtrim":5,"nsites":284,"evalue":"1.0e+000","url":"http://hocomoco.autosome.ru/motif/ERR1_HUMAN.H11MO.0.A","pwm":[[0.10216,0.4084,0.228886,0.260555],[0.0775205,0.3908,0.0493714,0.482308],[0.10216,0.682951,0.183127,0.031762],[0.915254,0.00713277,0.0669709,0.0106427],[0.971572,9.29954e-05,0.0282521,8.2999e-05],[0.00360289,9.29954e-05,0.989181,0.00712277],[0.00712277,0.00361288,0.989181,8.2999e-05],[0.063441,0.00361288,0.0458515,0.887095],[8.2999e-05,0.922303,0.0528913,0.0247222],[0.985651,0.00361288,0.00713277,0.00360289],[0.235915,0.429519,0.140888,0.193677],[0.41895,0.197207,0.183127,0.200717],[0.147918,0.345042,0.302803,0.204236],[0.41191,0.172567,0.193687,0.221836],[0.207756,0.242965,0.39784,0.151438]]},{"db":2,"id":"ERR3_HUMAN.H11MO.0.B","len":9,"ltrim":0,"rtrim":0,"nsites":14,"evalue":"1.0e+000","url":"http://hocomoco.autosome.ru/motif/ERR3_HUMAN.H11MO.0.B","pwm":[[0.070945,0.00187376,0.148116,0.779065],[0.070945,0.709994,0.0711464,0.147915],[0.786762,0.00187376,0.209692,0.00167234],[0.99458,0.00187376,0.00187376,0.00167234],[0.00167234,0.0711464,0.856236,0.070945],[0.00167234,0.0711464,0.925509,0.00167234],[0.070945,0.00187376,0.00187376,0.925308],[0.070945,0.786964,0.00187376,0.140218],[0.821399,0.0365101,0.105783,0.0363087]]},{"db":2,"id":"ESR1_HUMAN.H11MO.0.A","len":15,"ltrim":0,"rtrim":0,"nsites":500,"evalue":"1.0e+000","url":"http://hocomoco.autosome.ru/motif/ESR1_HUMAN.H11MO.0.A","pwm":[[0.63792,0.0480432,0.260001,0.0540364],[0.0740324,0.00605163,0.807891,0.112025],[0.046038,0.0180492,0.907871,0.0280416],[0.0940284,0.0720384,0.178017,0.655916],[0.00204675,0.887875,0.0480432,0.0620348],[0.855876,0.00605163,0.11203,0.026042],[0.108026,0.441964,0.31199,0.13802],[0.395968,0.603932,5.28294e-05,4.71506e-05],[0.182011,0.375978,0.285996,0.156016],[0.104026,0.0780372,0.044044,0.773892],[0.0540364,0.034046,0.907871,0.00404635],[0.617924,0.198013,0.0700388,0.114024],[0.0400392,0.883876,0.01405,0.0620348],[0.0900292,0.821888,0.00805123,0.0800312],[0.0580356,0.329987,0.0660396,0.545938]]},{"db":2,"id":"ESR2_HUMAN.H11MO.0.A","len":15,"ltrim":0,"rtrim":0,"nsites":497,"evalue":"1.0e+000","url":"http://hocomoco.autosome.ru/motif/ESR2_HUMAN.H11MO.0.A","pwm":[[0.494918,0.0966132,0.362153,0.0463158],[0.114712,0.0121232,0.790639,0.0825258],[0.0463158,0.0262048,0.859035,0.0684441],[0.0966075,0.11673,0.229383,0.557279],[0.0161408,0.798685,0.0523565,0.132818],[0.621653,0.0342515,0.247488,0.0966075],[0.0925841,0.511017,0.265593,0.130806],[4.74351e-05,0.667927,5.31482e-05,0.331973],[0.122759,0.422503,0.267605,0.187133],[0.0402808,0.239442,0.0302282,0.690049],[0.0825258,0.0262048,0.891222,4.74351e-05],[0.521069,0.27364,0.0865549,0.118736],[0.0241874,0.844954,0.0221815,0.108677],[0.0825258,0.846965,0.0121232,0.0583858],[0.0724675,0.356118,0.0362632,0.535151]]},{"db":2,"id":"FOXC1_HUMAN.H11MO.0.C","len":15,"ltrim":2,"rtrim":0,"nsites":26,"evalue":"1.0e+000","url":"http://hocomoco.autosome.ru/motif/FOXC1_HUMAN.H11MO.0.C","pwm":[[0.135003,0.479939,0.173426,0.211631],[0.345731,0.0776406,0.34584,0.230789],[0.269103,0.154269,0.0776406,0.498988],[0.000903448,0.00101226,0.00101226,0.997072],[0.000903448,0.00101226,0.997181,0.000903448],[0.0392176,0.00101226,0.00101226,0.958758],[0.0392176,0.00101226,0.00101226,0.958758],[0.000903448,0.00101226,0.0393264,0.958758],[0.958758,0.00101226,0.00101226,0.0392176],[0.000903448,0.728982,0.00101226,0.269103],[0.230789,0.115955,0.00101226,0.652244],[0.000903448,0.192583,0.00101226,0.805501],[0.652244,0.00101226,0.00101226,0.345731],[0.460674,0.192583,0.269211,0.0775318],[0.0392176,0.269211,0.575725,0.115846]]},{"db":2,"id":"FOXJ2_HUMAN.H11MO.0.C","len":10,"ltrim":0,"rtrim":0,"nsites":41,"evalue":"1.0e+000","url":"http://hocomoco.autosome.ru/motif/FOXJ2_HUMAN.H11MO.0.C","pwm":[[0.000573723,0.0243317,0.000642822,0.974452],[0.30853,0.000642822,0.642876,0.0479516],[0.000573723,0.000642822,0.0243317,0.974452],[0.000573723,0.000642822,0.000642822,0.998141],[0.000573723,0.000642822,0.000642822,0.998141],[0.548051,0.000642822,0.450732,0.000573723],[0.000573723,0.192786,0.000642822,0.805997],[0.119018,0.216475,0.000642822,0.663864],[0.000573723,0.0243317,0.237532,0.737562],[0.46514,0.0835541,0.130932,0.320374]]},{"db":2,"id":"GFI1_HUMAN.H11MO.0.C","len":10,"ltrim":0,"rtrim":0,"nsites":150,"evalue":"1.0e+000","url":"http://hocomoco.autosome.ru/motif/GFI1_HUMAN.H11MO.0.C","pwm":[[0.291432,0.0696442,0.587364,0.0515599],[0.0778545,0.684276,0.139401,0.0984685],[0.405072,0.10049,0.0757708,0.418668],[0.0521375,0.2855,0.562934,0.0994289],[0.239207,0.0171429,0.0800893,0.663561],[0.000157095,0.000176016,0.99951,0.000157095],[0.999491,0.000176016,0.000176016,0.000157095],[0.000157095,0.000176016,0.000176016,0.999491],[0.000157095,0.000176016,0.000176016,0.999491],[0.10359,0.11816,0.190873,0.587376]]},{"db":2,"id":"HIF1A_HUMAN.H11MO.0.C","len":8,"ltrim":0,"rtrim":0,"nsites":500,"evalue":"1.0e+000","url":"http://hocomoco.autosome.ru/motif/HIF1A_HUMAN.H11MO.0.C","pwm":[[0.212005,0.16402,0.527947,0.096028],[0.234,0.0500428,0.417969,0.297988],[0.825882,0.0120504,0.156022,0.00604595],[0.13402,0.801892,0.0100508,0.0540364],[0.0280416,0.00205243,0.969859,4.71506e-05],[0.00804555,0.00805123,5.28294e-05,0.98385],[4.71506e-05,0.00405203,0.993854,0.00204675],[0.28599,0.521948,0.0860356,0.106026]]},{"db":2,"id":"HXA10_HUMAN.H11MO.0.C","len":12,"ltrim":1,"rtrim":1,"nsites":10,"evalue":"1.0e+000","url":"http://hocomoco.autosome.ru/motif/HXA10_HUMAN.H11MO.0.C","pwm":[[0.181858,0.0733372,0.377983,0.366822],[0.513704,0.19846,0.19846,0.0893763],[0.00233465,0.296381,0.100538,0.600746],[0.394022,0.100538,0.394303,0.111137],[0.502824,0.0896575,0.307262,0.100257],[0.0893763,0.00261584,0.00261584,0.905392],[0.00233465,0.00261584,0.00261584,0.992434],[0.100257,0.00261584,0.00261584,0.894512],[0.992434,0.00261584,0.00261584,0.00233465],[0.00233465,0.00261584,0.00261584,0.992434],[0.100257,0.00261584,0.796871,0.100257],[0.415783,0.176699,0.100538,0.306981]]},{"db":2,"id":"HXA9_HUMAN.H11MO.0.B","len":11,"ltrim":1,"rtrim":0,"nsites":500,"evalue":"1.0e+000","url":"http://hocomoco.autosome.ru/motif/HXA9_HUMAN.H11MO.0.B","pwm":[[0.459955,0.106032,0.234006,0.200007],[0.168014,0.00805123,0.0460436,0.777892],[0.106026,0.0100508,0.839885,0.0440384],[0.954356,0.0205487,0.00855113,0.0165439],[0.0285415,0.00855113,0.0285471,0.93436],[0.0445383,0.000552729,0.0405447,0.914364],[0.0385395,0.0685391,0.126528,0.766394],[0.926362,0.0185491,0.0465435,0.00854545],[0.0325407,0.152522,0.0445439,0.770393],[0.194508,0.0385451,0.474458,0.292489],[0.276492,0.0605407,0.492454,0.170513]]},{"db":2,"id":"HXB13_HUMAN.H11MO.0.A","len":10,"ltrim":0,"rtrim":1,"nsites":500,"evalue":"1.0e+000","url":"http://hocomoco.autosome.ru/motif/HXB13_HUMAN.H11MO.0.A","pwm":[[0.0680336,0.108031,0.100033,0.723902],[0.0100452,0.00605163,0.0180492,0.965854],[4.71506e-05,0.00405203,0.00205243,0.993848],[0.0140444,0.024048,0.0260476,0.93586],[0.943858,0.0220484,0.034046,4.71506e-05],[0.0240424,0.100033,0.00205243,0.873872],[0.261995,0.0100508,0.323988,0.403966],[0.249997,0.00805123,0.655922,0.08603],[0.102027,0.329987,0.499953,0.0680336],[0.192009,0.383976,0.168019,0.255996]]},{"db":2,"id":"IKZF1_HUMAN.H11MO.0.C","len":8,"ltrim":0,"rtrim":0,"nsites":60,"evalue":"1.0e+000","url":"http://hocomoco.autosome.ru/motif/IKZF1_HUMAN.H11MO.0.C","pwm":[[0.0427665,0.286042,0.237735,0.433457],[0.0580213,0.0885779,0.000439601,0.852961],[0.0563263,0.000439601,0.942842,0.000392346],[0.019037,0.030949,0.949622,0.000392346],[0.000392346,0.0173893,0.981826,0.000392346],[0.849571,0.000439601,0.149597,0.000392346],[0.320741,0.030949,0.53266,0.11565],[0.415659,0.0394239,0.368248,0.176669]]},{"db":2,"id":"ISL1_HUMAN.H11MO.0.A","len":9,"ltrim":1,"rtrim":1,"nsites":500,"evalue":"1.0e+000","url":"http://hocomoco.autosome.ru/motif/ISL1_HUMAN.H11MO.0.A","pwm":[[0.18401,0.307991,0.36398,0.144018],[0.046038,0.657921,0.0480432,0.247998],[0.28599,0.0560416,0.0120504,0.645918],[0.711905,0.0580412,0.224008,0.00604595],[0.977852,0.0120504,0.0100508,4.71506e-05],[0.016044,0.00605163,0.309991,0.667914],[0.0500372,5.28294e-05,0.619929,0.329981],[0.164014,0.0400448,0.7639,0.0320408],[0.339979,0.293994,0.295994,0.0700332]]},{"db":2,"id":"LHX2_HUMAN.H11MO.0.A","len":12,"ltrim":2,"rtrim":3,"nsites":430,"evalue":"1.0e+000","url":"http://hocomoco.autosome.ru/motif/LHX2_HUMAN.H11MO.0.A","pwm":[[0.132582,0.176765,0.237216,0.453438],[0.0930565,0.262791,0.318592,0.325561],[0.111657,0.432519,0.0163367,0.439488],[0.0279553,0.0116866,6.14276e-05,0.960297],[0.774293,0.176765,0.0395871,0.00935499],[0.957972,0.0279619,0.00238647,0.01168],[5.48245e-05,0.0209868,0.0209868,0.957972],[0.00935499,0.0140117,0.237216,0.739418],[0.57899,0.00703655,0.353468,0.0605059],[0.172108,0.22559,0.49297,0.109332],[0.176758,0.241866,0.125614,0.455763],[0.0884064,0.213965,0.241866,0.455763]]},{"db":2,"id":"MAF_HUMAN.H11MO.0.A","len":19,"ltrim":2,"rtrim":2,"nsites":500,"evalue":"1.0e+000","url":"http://hocomoco.autosome.ru/motif/MAF_HUMAN.H11MO.0.A","pwm":[[0.305986,0.236006,0.333986,0.124022],[0.469953,0.142024,0.202012,0.18601],[0.58793,0.084036,0.0780372,0.249997],[0.391969,0.0880352,0.118029,0.401967],[0.154016,0.31199,0.269999,0.263994],[0.110025,0.0400448,0.0260476,0.823882],[0.0180436,0.01405,0.959861,0.00804555],[0.124022,0.855882,0.00605163,0.0140444],[0.0640344,0.00605163,0.0120504,0.917864],[0.0180436,0.00605163,0.901872,0.0740324],[0.881871,0.024048,0.0680392,0.026042],[0.102027,0.445964,0.327987,0.124022],[0.238,0.118029,0.154022,0.489949],[0.241999,0.41197,0.120029,0.226002],[0.473952,0.11203,0.154022,0.259995],[0.194008,0.0720384,0.575938,0.158016],[0.160015,0.51195,0.218009,0.110025],[0.461955,0.236006,0.146024,0.156016],[0.401967,0.152022,0.234006,0.212005]]},{"db":2,"id":"MEF2B_HUMAN.H11MO.0.A","len":14,"ltrim":2,"rtrim":0,"nsites":500,"evalue":"1.0e+000","url":"http://hocomoco.autosome.ru/motif/MEF2B_HUMAN.H11MO.0.A","pwm":[[0.253996,0.118029,0.41397,0.214004],[0.194008,0.110031,0.252002,0.443958],[0.204006,0.0360456,0.271998,0.48795],[0.168014,0.104032,0.373978,0.353976],[0.0480376,0.771898,0.0400448,0.140019],[0.00204675,0.0880352,0.00205243,0.907866],[0.861875,0.0260476,0.0320464,0.0800312],[0.106026,0.0200488,0.00605163,0.867874],[0.076032,0.00605163,0.00405203,0.913864],[0.03604,0.0480432,0.01405,0.901867],[0.13402,0.118029,0.0480432,0.699907],[0.170013,0.0560416,0.140025,0.63392],[0.471953,5.28294e-05,0.487955,0.0400392],[0.122023,0.0520424,0.695914,0.130021]]},{"db":2,"id":"MEIS1_HUMAN.H11MO.0.A","len":12,"ltrim":1,"rtrim":1,"nsites":499,"evalue":"1.0e+000","url":"http://hocomoco.autosome.ru/motif/MEIS1_HUMAN.H11MO.0.A","pwm":[[0.440841,0.12628,0.252507,0.180372],[0.188386,0.00205654,0.0160818,0.793475],[0.0741807,0.020089,0.883643,0.0220869],[0.979811,0.00606375,0.00606375,0.00806167],[0.0321049,0.0381215,0.0381215,0.891652],[0.128278,0.010071,0.106244,0.755407],[0.192393,0.0321106,0.260522,0.514974],[0.975804,0.00406015,0.0160818,0.00405446],[0.0341086,0.0701792,0.030107,0.865605],[0.154325,0.0441323,0.531009,0.270534],[0.304595,0.0641683,0.444854,0.186383],[0.124271,0.374727,0.256515,0.244487]]},{"db":2,"id":"NKX28_HUMAN.H11MO.0.C","len":9,"ltrim":0,"rtrim":0,"nsites":6,"evalue":"1.0e+000","url":"http://hocomoco.autosome.ru/motif/NKX28_HUMAN.H11MO.0.C","pwm":[[0.0279736,0.202017,0.202017,0.567993],[0.00386557,0.00433115,0.00433115,0.987472],[0.00386557,0.766144,0.226125,0.00386557],[0.939256,0.00433115,0.0525472,0.00386557],[0.987472,0.00433115,0.00433115,0.00386557],[0.00386557,0.00433115,0.987938,0.00386557],[0.00386557,0.00433115,0.592566,0.399237],[0.592101,0.00433115,0.399702,0.00386557],[0.0279736,0.568458,0.202017,0.201551]]},{"db":2,"id":"NKX31_HUMAN.H11MO.0.C","len":12,"ltrim":1,"rtrim":1,"nsites":500,"evalue":"1.0e+000","url":"http://hocomoco.autosome.ru/motif/NKX31_HUMAN.H11MO.0.C","pwm":[[0.190009,0.196014,0.321988,0.291989],[0.08603,0.252002,0.0980332,0.563934],[0.251997,0.108031,0.152022,0.48795],[0.759895,0.054042,0.172018,0.0140444],[0.959855,0.00205243,0.0200488,0.0180436],[0.00404635,0.00405203,0.985856,0.00604595],[0.0880296,0.00205243,0.0180492,0.891869],[0.170013,0.01405,0.803892,0.0120448],[0.0180436,0.451962,0.266,0.263994],[0.142019,0.256002,0.0380452,0.563934],[0.156016,0.0860356,0.106032,0.651917],[0.279991,0.084036,0.295994,0.339979]]},{"db":2,"id":"NR1H3_HUMAN.H11MO.0.B","len":19,"ltrim":2,"rtrim":0,"nsites":500,"evalue":"1.0e+000","url":"http://hocomoco.autosome.ru/motif/NR1H3_HUMAN.H11MO.0.B","pwm":[[0.168014,0.481956,0.208011,0.142019],[0.423962,0.224008,0.124028,0.228002],[0.373972,0.126028,0.419969,0.0800312],[0.543938,0.0260476,0.379977,0.0500372],[0.122023,0.00605163,0.81389,0.0580356],[0.0380396,0.044044,0.755902,0.162015],[0.0640344,0.158021,0.152022,0.625922],[0.144018,0.427967,0.084036,0.343978],[0.829881,0.0180492,0.054042,0.0980276],[0.114024,0.591934,0.142024,0.152017],[0.224002,0.178017,0.0860356,0.511945],[0.239999,0.228007,0.289995,0.241999],[0.228002,0.323988,0.283996,0.164014],[0.659915,0.0900348,0.172018,0.0780316],[0.0800312,0.0260476,0.835886,0.0580356],[0.106026,0.0400448,0.717909,0.13602],[0.152017,0.138025,0.220009,0.489949],[0.0780316,0.737905,0.0720384,0.112025],[0.871873,0.044044,0.0480432,0.03604]]},{"db":2,"id":"NR1I2_HUMAN.H11MO.0.C","len":19,"ltrim":2,"rtrim":1,"nsites":29,"evalue":"1.0e+000","url":"http://hocomoco.autosome.ru/motif/NR1I2_HUMAN.H11MO.0.C","pwm":[[0.321134,0.125478,0.193102,0.360285],[0.299779,0.0649727,0.399533,0.235715],[0.431468,0.136156,0.395974,0.0364019],[0.264188,0.000907904,0.662911,0.0719934],[0.0684343,0.20378,0.559695,0.168091],[0.000810309,0.0329403,0.0649727,0.901277],[0.000810309,0.605964,0.0649727,0.328253],[0.705523,0.292759,0.000907904,0.000810309],[0.598748,0.0970051,0.164629,0.139617],[0.299779,0.207339,0.292759,0.200123],[0.331812,0.235812,0.232253,0.200123],[0.595189,0.0685319,0.335469,0.000810309],[0.926191,0.000907904,0.072091,0.000810309],[0.000810309,0.000907904,0.997471,0.000810309],[0.000810309,0.072091,0.303436,0.623663],[0.0969075,0.0649727,0.0364995,0.80162],[0.000810309,0.759008,0.136156,0.104026],[0.897718,0.0329403,0.0685319,0.000810309],[0.130719,0.226914,0.355044,0.287322]]},{"db":2,"id":"OTX2_HUMAN.H11MO.0.A","len":11,"ltrim":1,"rtrim":1,"nsites":500,"evalue":"1.0e+000","url":"http://hocomoco.autosome.ru/motif/OTX2_HUMAN.H11MO.0.A","pwm":[[0.443958,0.140025,0.256002,0.160015],[0.379971,0.0600408,0.417969,0.142019],[0.33398,0.0820364,0.527947,0.056036],[0.210005,0.00205243,0.771898,0.016044],[0.0320408,0.0400448,0.923868,0.00404635],[0.83588,0.152022,0.00405203,0.00804555],[0.00204675,0.00605163,0.00405203,0.98785],[0.0140444,0.0200488,0.00805123,0.957856],[0.88387,0.00405203,0.0220484,0.0900292],[0.427962,0.0500428,0.401972,0.120023],[0.208006,0.357981,0.355982,0.0780316]]},{"db":2,"id":"OVOL1_HUMAN.H11MO.0.C","len":9,"ltrim":0,"rtrim":0,"nsites":7,"evalue":"1.0e+000","url":"http://hocomoco.autosome.ru/motif/OVOL1_HUMAN.H11MO.0.C","pwm":[[0.00332113,0.144566,0.285411,0.566701],[0.144166,0.00372113,0.848792,0.00332113],[0.00332113,0.00372113,0.144566,0.848392],[0.989237,0.00372113,0.00372113,0.00332113],[0.848392,0.144566,0.00372113,0.00332113],[0.144166,0.848792,0.00372113,0.00332113],[0.144166,0.00372113,0.285411,0.566701],[0.144166,0.00372113,0.848792,0.00332113],[0.285011,0.00372113,0.00372113,0.707546]]},{"db":2,"id":"PAX5_HUMAN.H11MO.0.A","len":21,"ltrim":0,"rtrim":0,"nsites":202,"evalue":"1.0e+000","url":"http://hocomoco.autosome.ru/motif/PAX5_HUMAN.H11MO.0.A","pwm":[[0.133714,0.282169,0.504831,0.0792854],[0.128766,0.499883,0.188156,0.183194],[0.148558,0.415767,0.33165,0.104026],[0.202987,0.0545592,0.257429,0.485025],[0.198038,0.0446631,0.752234,0.00506472],[0.158454,0.138676,0.539468,0.163402],[0.0248569,0.118884,0.623584,0.232675],[0.034753,0.875935,0.0595073,0.0298049],[0.781908,0.034767,0.163416,0.0199089],[0.386064,0.113936,0.465247,0.034753],[0.034753,0.732441,0.12878,0.104026],[0.410804,0.267325,0.277221,0.0446491],[0.311844,0.0199229,0.618636,0.0495971],[0.682947,0.0397151,0.163416,0.113922],[0.034753,0.163416,0.772026,0.0298049],[0.0100128,0.781922,0.0446631,0.163402],[0.217831,0.034767,0.717597,0.0298049],[0.32174,0.029819,0.158468,0.489973],[0.173298,0.029819,0.791818,0.00506472],[0.811596,0.034767,0.10404,0.0495971],[0.11887,0.801714,0.029819,0.0495971]]},{"db":2,"id":"PRD14_HUMAN.H11MO.0.A","len":14,"ltrim":1,"rtrim":1,"nsites":500,"evalue":"1.0e+000","url":"http://hocomoco.autosome.ru/motif/PRD14_HUMAN.H11MO.0.A","pwm":[[0.469953,0.120029,0.277997,0.132021],[0.397968,0.0480432,0.447963,0.106026],[0.0740324,0.158021,0.71191,0.056036],[0.172013,0.0180492,0.0400448,0.769893],[0.0120448,0.0100508,0.0100508,0.967854],[0.981851,0.00405203,0.00605163,0.00804555],[0.0820308,0.0600408,0.855882,0.00204675],[0.575932,0.0100508,0.367979,0.046038],[0.076032,0.06404,0.837885,0.0220428],[0.639919,0.134026,0.034046,0.192009],[0.168014,0.737905,0.0660396,0.0280416],[0.0380396,0.747903,0.136026,0.0780316],[0.114024,0.405972,0.0680392,0.411965],[0.379971,0.158021,0.262,0.200007]]},{"db":2,"id":"PRRX2_HUMAN.H11MO.0.C","len":7,"ltrim":1,"rtrim":0,"nsites":59,"evalue":"1.0e+000","url":"http://hocomoco.autosome.ru/motif/PRRX2_HUMAN.H11MO.0.C","pwm":[[0.173834,0.309246,0.0723591,0.444561],[0.000398985,0.000447039,0.000447039,0.998707],[0.998707,0.000447039,0.000447039,0.000398985],[0.981786,0.000447039,0.0173675,0.000398985],[0.0173195,0.0173675,0.000447039,0.964866],[0.000398985,0.0512085,0.0512085,0.897184],[0.457252,0.0173675,0.491141,0.0342399]]},{"db":2,"id":"STAT4_HUMAN.H11MO.0.A","len":11,"ltrim":0,"rtrim":1,"nsites":500,"evalue":"1.0e+000","url":"http://hocomoco.autosome.ru/motif/STAT4_HUMAN.H11MO.0.A","pwm":[[0.0520368,0.351982,0.0380452,0.557936],[4.71506e-05,0.0120504,0.00205243,0.98585],[0.00204675,0.0100508,0.0100508,0.977852],[0.0200432,0.941864,0.00405203,0.0340404],[0.00804555,0.551942,0.0120504,0.427962],[0.0120448,0.357981,0.178017,0.451957],[0.28399,0.108031,0.449963,0.158016],[0.066034,0.106032,0.579937,0.247998],[0.641919,0.329987,0.00605163,0.0220428],[0.955856,0.00605163,0.0160496,0.0220428],[0.321983,0.188015,0.355982,0.13402]]},{"db":2,"id":"TAF1_HUMAN.H11MO.0.A","len":16,"ltrim":0,"rtrim":0,"nsites":500,"evalue":"1.0e+000","url":"http://hocomoco.autosome.ru/motif/TAF1_HUMAN.H11MO.0.A","pwm":[[0.505946,0.0580412,0.405972,0.0300412],[0.751897,0.0460436,0.156022,0.046038],[0.423962,0.0560416,0.51195,0.00804555],[0.529941,0.0960336,0.359981,0.0140444],[0.349977,0.172018,0.034046,0.443958],[0.0900292,0.0320464,0.837885,0.0400392],[0.0180436,0.01405,0.957861,0.0100452],[0.323982,0.651922,0.00805123,0.016044],[0.232001,0.0560416,0.621928,0.0900292],[0.0700332,0.06404,0.831886,0.0340404],[0.281991,0.539945,0.0600408,0.118024],[0.180011,0.06404,0.643924,0.112025],[0.158016,0.16602,0.631926,0.0440384],[0.301987,0.41197,0.188015,0.0980276],[0.190009,0.146024,0.525948,0.13802],[0.271993,0.138025,0.527947,0.0620348]]},{"db":2,"id":"TFE3_HUMAN.H11MO.0.B","len":10,"ltrim":0,"rtrim":0,"nsites":467,"evalue":"1.0e+000","url":"http://hocomoco.autosome.ru/motif/TFE3_HUMAN.H11MO.0.B","pwm":[[0.31904,0.0428739,0.483893,0.154193],[0.132784,0.0107609,0.847841,0.00861396],[0.0214592,0.0278879,0.0428739,0.907779],[0.0171774,0.948462,0.0278879,0.00647309],[0.961301,0.0107609,0.0193244,0.00861396],[0.0150366,0.933476,0.0150426,0.0364453],[0.152052,0.0193244,0.813587,0.0150366],[0.0171774,0.0300287,0.0364513,0.916342],[0.0128957,0.00219743,0.972011,0.0128957],[0.802876,0.0450148,0.122086,0.0300227]]},{"db":2,"id":"THA_HUMAN.H11MO.0.C","len":17,"ltrim":0,"rtrim":1,"nsites":74,"evalue":"1.0e+000","url":"http://hocomoco.autosome.ru/motif/THA_HUMAN.H11MO.0.C","pwm":[[0.392315,0.0707545,0.423129,0.113801],[0.0987984,0.0772942,0.702028,0.12188],[0.104953,0.0711392,0.645094,0.178814],[0.181891,0.124996,0.120379,0.572734],[0.135728,0.545075,0.255789,0.0634071],[0.586583,0.0742167,0.180391,0.15881],[0.148038,0.349653,0.203472,0.298836],[0.188046,0.240402,0.146538,0.425014],[0.0987984,0.220398,0.109608,0.571195],[0.221899,0.448134,0.271177,0.0587908],[0.842016,0.000356545,0.10653,0.0510971],[0.014167,0.0788329,0.846671,0.0603296],[0.000318219,0.124996,0.782043,0.0926434],[0.280371,0.0295928,0.0926817,0.597354],[0.0434033,0.688179,0.206549,0.0618683],[0.738919,0.135767,0.0803717,0.044942],[0.12765,0.172312,0.449288,0.25075]]},{"db":2,"id":"ZFX_HUMAN.H11MO.0.A","len":10,"ltrim":0,"rtrim":0,"nsites":491,"evalue":"1.0e+000","url":"http://hocomoco.autosome.ru/motif/ZFX_HUMAN.H11MO.0.A","pwm":[[0.0937153,0.466354,0.384904,0.0550266],[0.120186,0.48468,0.160917,0.234216],[0.991699,0.00209004,5.37976e-05,0.00615675],[0.00615675,0.00209004,0.987633,0.00412051],[0.00615675,0.010235,0.979488,0.00412051],[0.00208426,0.993741,0.00412629,4.80147e-05],[0.008193,0.973379,0.00209004,0.016338],[0.0570629,0.35436,0.321781,0.266796],[0.197564,0.578347,0.158881,0.0652079],[0.317702,0.0550324,0.578347,0.0489179]]},{"db":2,"id":"ZIC1_HUMAN.H11MO.0.B","len":9,"ltrim":0,"rtrim":1,"nsites":33,"evalue":"1.0e+000","url":"http://hocomoco.autosome.ru/motif/ZIC1_HUMAN.H11MO.0.B","pwm":[[0.047801,0.132321,0.518773,0.301105],[0.0883946,0.059253,0.85164,0.000712387],[0.000712387,0.0300256,0.939322,0.0299398],[0.000712387,0.059253,0.939322,0.000712387],[0.299481,0.0300256,0.176163,0.494331],[0.117622,0.000798187,0.763958,0.117622],[0.0591672,0.234617,0.705503,0.000712387],[0.0331873,0.0884804,0.267092,0.61124],[0.215858,0.443268,0.274399,0.066474]]},{"db":2,"id":"ZN121_HUMAN.H11MO.0.C","len":20,"ltrim":0,"rtrim":0,"nsites":486,"evalue":"1.0e+000","url":"http://hocomoco.autosome.ru/motif/ZN121_HUMAN.H11MO.0.C","pwm":[[0.026792,0.917561,0.028855,0.026792],[0.0823361,0.0350266,0.0843991,0.798238],[0.0123916,0.0123975,0.958705,0.016506],[0.0370779,0.0247406,0.934019,0.00416289],[0.0926221,0.0679416,0.833216,0.00622008],[0.0350207,0.921675,0.0350266,0.00827727],[0.827039,0.0926279,0.06177,0.0185632],[0.812639,0.06177,0.0987995,0.026792],[0.0432495,0.750929,0.0905707,0.115251],[0.841439,0.0370838,0.0926279,0.0288492],[0.0391351,0.220174,0.300404,0.440287],[0.824982,0.028855,0.0453125,0.100851],[0.0226776,0.0350266,0.917561,0.0247348],[0.0329635,0.571953,0.0370838,0.358],[0.448516,0.0802848,0.438236,0.0329635],[0.872297,0.0247406,0.0699988,0.0329635],[0.0226776,0.0206262,0.942247,0.0144488],[0.864068,0.0453125,0.0699988,0.0206204],[0.0288492,0.804416,0.039141,0.127594],[0.0329635,0.773558,0.0453125,0.148166]]},{"db":2,"id":"ZN263_HUMAN.H11MO.0.A","len":20,"ltrim":0,"rtrim":0,"nsites":499,"evalue":"1.0e+000","url":"http://hocomoco.autosome.ru/motif/ZN263_HUMAN.H11MO.0.A","pwm":[[0.202412,0.0341142,0.711333,0.052141],[0.0240905,0.020089,0.919708,0.0361122],[0.0180797,0.0220926,0.957777,0.00205085],[0.983818,0.0140782,5.29353e-05,0.00205085],[0.0481338,0.00205654,0.90969,0.0401194],[0.0260941,0.110251,0.847578,0.0160761],[0.937735,0.00806736,0.0461359,0.00806167],[0.104235,0.210432,0.635196,0.0501374],[0.0441266,0.166352,0.629185,0.160336],[0.342664,0.160341,0.424818,0.0721771],[0.416797,0.150323,0.340666,0.0922131],[0.110246,0.114259,0.717344,0.0581518],[0.41279,0.110251,0.390756,0.0862023],[0.232466,0.108248,0.591117,0.0681699],[0.188386,0.0922188,0.621171,0.098224],[0.420805,0.114259,0.380738,0.0841987],[0.222448,0.12628,0.553048,0.098224],[0.176365,0.136298,0.569077,0.11826],[0.438837,0.10424,0.352688,0.104235],[0.288567,0.120269,0.524998,0.0661663]]},{"db":2,"id":"ZN449_HUMAN.H11MO.0.C","len":11,"ltrim":1,"rtrim":0,"nsites":500,"evalue":"1.0e+000","url":"http://hocomoco.autosome.ru/motif/ZN449_HUMAN.H11MO.0.C","pwm":[[0.174012,0.140025,0.194014,0.491949],[0.056036,0.0100508,0.859881,0.0740324],[0.0520368,0.0180492,0.883876,0.046038],[0.0400392,0.281996,0.00605163,0.671913],[0.03604,0.0120504,0.0480432,0.903866],[0.00204675,5.28294e-05,0.993854,0.00404635],[0.0100452,0.00205243,0.981856,0.00604595],[0.046038,0.11203,0.819889,0.0220428],[0.0280416,0.943864,0.00805123,0.0200432],[0.118024,0.034046,0.0580412,0.789889],[0.0240424,0.277997,0.260001,0.43796]]},{"db":2,"id":"ZN667_HUMAN.H11MO.0.C","len":19,"ltrim":0,"rtrim":0,"nsites":500,"evalue":"1.0e+000","url":"http://hocomoco.autosome.ru/motif/ZN667_HUMAN.H11MO.0.C","pwm":[[0.13802,0.168019,0.559941,0.13402],[0.234,0.108031,0.172018,0.48595],[0.0980276,0.0680392,0.625928,0.208006],[0.0780316,0.331986,0.489955,0.100027],[0.0440384,0.833886,0.0580412,0.0640344],[0.146018,0.46196,0.0460436,0.345978],[0.0620348,0.122028,0.132026,0.68391],[0.0840304,0.238005,0.180017,0.497948],[0.539939,0.31399,0.0460436,0.100027],[0.677912,0.108031,0.11603,0.0980276],[0.457956,0.106032,0.421968,0.0140444],[0.763894,0.054042,0.0520424,0.130021],[0.066034,0.054042,0.799893,0.0800312],[0.0680336,0.787895,0.054042,0.0900292],[0.0400392,0.194014,0.0360456,0.729901],[0.046038,0.693914,0.144024,0.116024],[0.465954,0.299993,0.0620404,0.172013],[0.0940284,0.323988,0.339985,0.241999],[0.100027,0.719909,0.0800368,0.100027]]},{"db":2,"id":"ZN770_HUMAN.H11MO.0.C","len":22,"ltrim":0,"rtrim":1,"nsites":490,"evalue":"1.0e+000","url":"http://hocomoco.autosome.ru/motif/ZN770_HUMAN.H11MO.0.C","pwm":[[0.226533,0.0959527,0.528517,0.148997],[0.126553,0.0245387,0.836618,0.0122905],[0.0469773,0.0224983,0.928436,0.00208851],[0.940672,0.00617511,0.0429023,0.0102501],[0.0326945,5.39074e-05,0.957001,0.0102501],[0.0286137,0.0122963,0.946799,0.0122905],[0.0408561,0.875385,0.0571851,0.0265733],[0.124513,0.28775,0.0449427,0.542794],[0.116351,0.0816699,0.781527,0.0204521],[0.640734,0.0714679,0.244902,0.0428965],[0.146957,0.0592255,0.763163,0.0306541],[0.191846,0.0898315,0.64278,0.0755429],[0.169401,0.402013,0.204094,0.224492],[0.328552,0.0714679,0.479548,0.120432],[0.106149,0.0959527,0.755002,0.0428965],[0.16124,0.0939123,0.712153,0.0326945],[0.648895,0.0469831,0.226538,0.0775833],[0.0918661,0.0449427,0.844779,0.0184117],[0.21429,0.100034,0.661143,0.0245329],[0.565239,0.189811,0.169407,0.0755429],[0.0898257,0.138801,0.255104,0.516269],[0.102068,0.495871,0.222457,0.179603]]},{"db":2,"id":"ZNF18_HUMAN.H11MO.0.C","len":12,"ltrim":0,"rtrim":3,"nsites":500,"evalue":"1.0e+000","url":"http://hocomoco.autosome.ru/motif/ZNF18_HUMAN.H11MO.0.C","pwm":[[0.293988,0.01405,0.61393,0.0780316],[0.00404635,0.00805123,0.987855,4.71506e-05],[0.0180436,5.28294e-05,0.0100508,0.971853],[0.0220428,0.00605163,0.969859,0.00204675],[0.056036,0.00205243,0.0880352,0.853876],[0.00604595,0.01405,0.979857,4.71506e-05],[0.951857,0.0280472,0.00605163,0.0140444],[0.78589,0.0160496,0.130027,0.0680336],[0.026042,0.583936,0.168019,0.222003],[0.249997,0.232006,0.0960336,0.421963],[0.0900292,0.267999,0.481956,0.160015],[0.208006,0.178017,0.41197,0.202007]]},{"db":2,"id":"ZSC22_HUMAN.H11MO.0.C","len":16,"ltrim":1,"rtrim":0,"nsites":476,"evalue":"1.0e+000","url":"http://hocomoco.autosome.ru/motif/ZSC22_HUMAN.H11MO.0.C","pwm":[[0.304607,0.100875,0.436939,0.157579],[0.189085,0.113477,0.642778,0.0546599],[0.134475,0.151284,0.262605,0.451635],[0.123973,0.632276,0.18069,0.0630615],[0.31931,0.18069,0.0924731,0.407527],[0.0609611,0.00845709,0.926331,0.00425033],[0.861213,0.0147583,0.100875,0.0231539],[0.136575,0.0630675,0.546159,0.254198],[0.0840655,0.00425629,0.903227,0.00845112],[0.0252543,0.00845709,0.957837,0.00845112],[0.541952,0.310915,0.0882723,0.0588607],[0.119772,0.00845709,0.859119,0.0126519],[0.0189531,0.00425629,0.957837,0.0189531],[0.714185,0.2353,0.0210595,0.0294551],[0.0651619,0.00635669,0.915829,0.0126519],[0.0693627,0.0483647,0.846516,0.0357563]]}],"sequence_names":["chr10:104885576-104886075","chr10:105388195-105388694","chr10:1056552