<!DOCTYPE HTML>
<html>
  <head>
    <meta charset="UTF-8">
    <title>SpaMo - Spaced Motif Analysis</title>
    <script type="text/javascript">
      //@JSON_VAR data
      var data = {"program":"SpaMo","version":"4.11.3","revision":"c13e15f35e38483381a6e8a363f9137e303c0765","release":"Sat Mar 11 20:16:08 2017 -0800","host":"uger-r7-c001.broadinstitute.org","when":"Sat Feb 27 04:59:56 2021","cmd":["spamo","-verbosity","1","-oc","/broad/sankaranlab/fyu/HemeMap/02262021-downMast_re-analysis/motif_denovo/down_mast0035_interactions_10x_hocomoco_meme-chip/spamo_out_15","-bgfile","/broad/sankaranlab/fyu/HemeMap/02262021-downMast_re-analysis/motif_denovo/down_mast0035_interactions_10x_hocomoco_meme-chip/background","-primary","RFX1_HUMAN.H11MO.0.B","/broad/sankaranlab/fyu/HemeMap/02262021-downMast_re-analysis/motif_denovo/down_mast0035_interactions_10x_hocomoco_meme-chip/20210227-deg_interactions_peaks_down_mast0035_fa_1based.fa","/broad/sankaranlab/fyu/motif_data/HOCOMOCOv11_core_HUMAN_mono_meme_format.meme","/broad/sankaranlab/fyu/HemeMap/02262021-downMast_re-analysis/motif_denovo/down_mast0035_interactions_10x_hocomoco_meme-chip/meme_out/meme.xml","/broad/sankaranlab/fyu/HemeMap/02262021-downMast_re-analysis/motif_denovo/down_mast0035_interactions_10x_hocomoco_meme-chip/dreme_out/dreme.xml","/broad/sankaranlab/fyu/motif_data/HOCOMOCOv11_core_HUMAN_mono_meme_format.meme"],"options":{"seq_min_hit_score":7,"margin":150,"bin_size":1,"bin_pvalue_calc_range":150,"use_best_secondary":0,"seq_max_shared_fract":0.5,"seq_odds_ratio":20,"bin_pvalue_cutoff":0.05,"motif_evalue_cutoff":10,"redundant_overlap":2,"redundant_joint":0.5,"motif_pseudocount":0.1,"bgfile":"/broad/sankaranlab/fyu/HemeMap/02262021-downMast_re-analysis/motif_denovo/down_mast0035_interactions_10x_hocomoco_meme-chip/background","motif_trim":0.25,"xalph":0,"seed":1,"bin_max":25},"alphabet":{"name":"DNA","like":"dna","ncore":4,"symbols":[{"symbol":"A","name":"Adenine","colour":"CC0000","complement":"T"},{"symbol":"C","name":"Cytosine","colour":"0000CC","complement":"G"},{"symbol":"G","name":"Guanine","colour":"FFB300","complement":"C"},{"symbol":"T","aliases":"U","name":"Thymine","colour":"008000","complement":"A"},{"symbol":"N","aliases":"X.","name":"Any base","equals":"ACGT"},{"symbol":"V","name":"Not T","equals":"ACG"},{"symbol":"H","name":"Not G","equals":"ACT"},{"symbol":"D","name":"Not C","equals":"AGT"},{"symbol":"B","name":"Not A","equals":"CGT"},{"symbol":"M","name":"Amino","equals":"AC"},{"symbol":"R","name":"Purine","equals":"AG"},{"symbol":"W","name":"Weak","equals":"AT"},{"symbol":"S","name":"Strong","equals":"CG"},{"symbol":"Y","name":"Pyrimidine","equals":"CT"},{"symbol":"K","name":"Keto","equals":"GT"}]},"background":[0.252,0.248,0.248,0.252],"sequence_dbs":[{"source":"/broad/sankaranlab/fyu/HemeMap/02262021-downMast_re-analysis/motif_denovo/down_mast0035_interactions_10x_hocomoco_meme-chip/20210227-deg_interactions_peaks_down_mast0035_fa_1based.fa","name":"20210227-deg_interactions_peaks_down_mast0035_fa_1based","last_modified":"Sat Feb 27 03:25:29 2021","loaded":6605,"excluded_too_short":0,"excluded_no_match":5385,"excluded_ambigs":0,"excluded_similar":18,"erased_primary_matches":886}],"primary_dbs":[{"source":"/broad/sankaranlab/fyu/motif_data/HOCOMOCOv11_core_HUMAN_mono_meme_format.meme","name":"HOCOMOCOv11_core_HUMAN_mono_meme_format","last_modified":"Sat Jun 23 07:43:00 2018","loaded":400,"excluded":399}],"secondary_dbs":[{"source":"/broad/sankaranlab/fyu/HemeMap/02262021-downMast_re-analysis/motif_denovo/down_mast0035_interactions_10x_hocomoco_meme-chip/meme_out/meme.xml","name":"meme.xml","last_modified":"Sat Feb 27 04:16:29 2021","loaded":10,"excluded":0},{"source":"/broad/sankaranlab/fyu/HemeMap/02262021-downMast_re-analysis/motif_denovo/down_mast0035_interactions_10x_hocomoco_meme-chip/dreme_out/dreme.xml","name":"dreme.xml","last_modified":"Sat Feb 27 04:25:46 2021","loaded":10,"excluded":0},{"source":"/broad/sankaranlab/fyu/motif_data/HOCOMOCOv11_core_HUMAN_mono_meme_format.meme","name":"HOCOMOCOv11_core_HUMAN_mono_meme_format","last_modified":"Sat Jun 23 07:43:00 2018","loaded":401,"excluded":1}],"secondary_motifs":[{"db":0,"id":"1","alt":"MEME","len":15,"ltrim":0,"rtrim":0,"nsites":119,"evalue":"2.9e-055","pwm":[[0.109364,0.033793,0.000208228,0.856635],[0.000211587,0.000208228,0.218512,0.781068],[0.0673821,0.26889,0.000208228,0.66352],[0.218515,0.310871,0.00860417,0.462009],[0.310875,0.117756,0.0253971,0.545971],[0.100967,0.0925676,0.100964,0.705501],[0.000211587,0.000208228,0.252098,0.747483],[0.0337964,0.0253971,0.000208228,0.940597],[0.226912,0.168134,0.000208228,0.604746],[0.00860753,0.33606,0.0170011,0.63833],[0.193326,0.0253971,0.000208228,0.781068],[0.134553,0.327664,0.243701,0.294083],[0.000211587,0.151342,0.000208228,0.848238],[0.0505893,0.151342,0.000208228,0.79786],[0.285686,0.033793,0.000208228,0.680312]]},{"db":0,"id":"5","alt":"MEME","len":30,"ltrim":0,"rtrim":0,"nsites":9,"evalue":"1.6e-013","pwm":[[0.00276923,0.00272527,0.991736,0.00276923],[0.00276923,0.771956,0.00272527,0.222549],[0.00276923,0.00272527,0.00272527,0.99178],[0.00276923,0.112615,0.771956,0.112659],[0.112659,0.00272527,0.881846,0.00276923],[0.112659,0.00272527,0.881846,0.00276923],[0.88189,0.00272527,0.112615,0.00276923],[0.00276923,0.552176,0.00272527,0.442329],[0.00276923,0.112615,0.112615,0.772],[0.88189,0.112615,0.00272527,0.00276923],[0.112659,0.771956,0.00272527,0.112659],[0.88189,0.00272527,0.112615,0.00276923],[0.112659,0.00272527,0.881846,0.00276923],[0.112659,0.00272527,0.881846,0.00276923],[0.00276923,0.771956,0.00272527,0.222549],[0.112659,0.00272527,0.881846,0.00276923],[0.00276923,0.442285,0.00272527,0.55222],[0.112659,0.112615,0.662066,0.112659],[0.332439,0.222505,0.00272527,0.442329],[0.222549,0.00272527,0.771956,0.00276923],[0.00276923,0.991736,0.00272527,0.00276923],[0.00276923,0.881846,0.112615,0.00276923],[0.88189,0.00272527,0.112615,0.00276923],[0.00276923,0.881846,0.112615,0.00276923],[0.00276923,0.771956,0.00272527,0.222549],[0.442329,0.112615,0.442285,0.00276923],[0.112659,0.771956,0.00272527,0.112659],[0.442329,0.332395,0.222505,0.00276923],[0.00276923,0.771956,0.112615,0.112659],[0.332439,0.662066,0.00272527,0.00276923]]},{"db":0,"id":"6","alt":"MEME","len":30,"ltrim":0,"rtrim":0,"nsites":5,"evalue":"1.2e-007","pwm":[[0.20102,0.00486275,0.789176,0.00494118],[0.00494118,0.985255,0.00486275,0.00494118],[0.985333,0.00486275,0.00486275,0.00494118],[0.789255,0.00486275,0.200941,0.00494118],[0.00494118,0.00486275,0.00486275,0.985333],[0.00494118,0.00486275,0.985255,0.00494118],[0.20102,0.00486275,0.789176,0.00494118],[0.00494118,0.789176,0.200941,0.00494118],[0.593176,0.00486275,0.39702,0.00494118],[0.00494118,0.593098,0.00486275,0.397098],[0.20102,0.00486275,0.593098,0.20102],[0.985333,0.00486275,0.00486275,0.00494118],[0.00494118,0.00486275,0.00486275,0.985333],[0.20102,0.789176,0.00486275,0.00494118],[0.20102,0.00486275,0.00486275,0.789255],[0.00494118,0.985255,0.00486275,0.00494118],[0.789255,0.00486275,0.200941,0.00494118],[0.00494118,0.00486275,0.985255,0.00494118],[0.00494118,0.789176,0.00486275,0.20102],[0.00494118,0.00486275,0.00486275,0.985333],[0.00494118,0.985255,0.00486275,0.00494118],[0.985333,0.00486275,0.00486275,0.00494118],[0.00494118,0.985255,0.00486275,0.00494118],[0.00494118,0.00486275,0.00486275,0.985333],[0.00494118,0.00486275,0.985255,0.00494118],[0.20102,0.789176,0.00486275,0.00494118],[0.985333,0.00486275,0.00486275,0.00494118],[0.789255,0.00486275,0.200941,0.00494118],[0.00494118,0.985255,0.00486275,0.00494118],[0.00494118,0.985255,0.00486275,0.00494118]]},{"db":2,"id":"ANDR_HUMAN.H11MO.0.A","len":18,"ltrim":0,"rtrim":0,"nsites":499,"evalue":"1.0e+000","url":"http://hocomoco.autosome.ru/motif/ANDR_HUMAN.H11MO.0.A","pwm":[[0.148317,0.0701759,0.0361146,0.745392],[0.0621623,0.0481362,0.777449,0.112252],[0.0681731,0.0661687,0.0140749,0.851583],[0.18839,0.17236,0.144309,0.494941],[0.0781911,0.73337,0.0361146,0.152325],[0.12227,0.278551,0.0321074,0.567071],[0.180375,0.134291,0.196403,0.48893],[0.198408,0.178371,0.216439,0.406783],[0.176368,0.192396,0.22245,0.408786],[0.200411,0.256511,0.120266,0.422811],[0.0721803,0.0140749,0.0140749,0.89967],[0.254509,0.0301038,0.691294,0.0240938],[0.028101,0.0220894,0.0200858,0.929724],[0.0180829,0.00606051,0.0982264,0.87763],[0.00806492,0.00806412,0.0641651,0.919706],[0.420808,0.0281002,0.49494,0.0561515],[0.0862056,0.524995,0.0481362,0.340664],[0.290573,0.158335,0.0541471,0.496945]]},{"db":2,"id":"AP2C_HUMAN.H11MO.0.A","len":14,"ltrim":2,"rtrim":2,"nsites":500,"evalue":"1.0e+000","url":"http://hocomoco.autosome.ru/motif/AP2C_HUMAN.H11MO.0.A","pwm":[[0.387201,0.20104,0.269562,0.142197],[0.196086,0.123623,0.166417,0.513874],[0.18461,0.0998018,0.518376,0.197213],[0.00958328,0.506988,0.471848,0.0115811],[0.00385324,0.988135,0.0079611,5.03899e-05],[0.00191824,0.951682,0.00239396,0.0440058],[0.0500556,0.131889,0.0254216,0.792633],[0.0354075,4.95901e-05,0.917075,0.0474679],[0.554977,0.0254432,0.415804,0.0037763],[0.0734763,4.95901e-05,0.924453,0.0020208],[5.03899e-05,4.95901e-05,0.997967,0.00193349],[0.0289762,0.618173,0.340999,0.011852],[0.313914,0.351519,0.0971825,0.237385],[0.42824,0.170536,0.241669,0.159554]]},{"db":2,"id":"ASCL1_HUMAN.H11MO.0.A","len":14,"ltrim":3,"rtrim":1,"nsites":480,"evalue":"1.0e+000","url":"http://hocomoco.autosome.ru/motif/ASCL1_HUMAN.H11MO.0.A","pwm":[[0.189596,0.437461,0.175015,0.197928],[0.218757,0.245834,0.160435,0.374974],[0.22084,0.254165,0.427046,0.0979488],[0.00630119,0.981097,0.00421745,0.00838409],[0.981098,0.00421745,5.16559e-05,0.0146328],[0.00630119,0.614507,0.35831,0.0208815],[0.00838409,0.979014,0.00213456,0.010467],[0.00838409,0.00213456,0.00213456,0.987347],[0.00421829,0.00421745,0.976931,0.0146328],[0.00838409,0.781139,0.0833676,0.127109],[0.0812856,0.420797,0.00630035,0.491617],[0.102115,0.385388,0.274994,0.237503],[0.131275,0.491616,0.0979479,0.279161],[0.166684,0.406217,0.152103,0.274995]]},{"db":2,"id":"BACH1_HUMAN.H11MO.0.A","len":13,"ltrim":0,"rtrim":2,"nsites":500,"evalue":"1.0e+000","url":"http://hocomoco.autosome.ru/motif/BACH1_HUMAN.H11MO.0.A","pwm":[[0.0628518,0.168181,0.0975443,0.671423],[0.00920706,0.0664246,0.922336,0.00203245],[0.0209148,0.967525,0.00397404,0.00758595],[0.0362186,0.0795828,0.0801386,0.80406],[0.00389864,0.061356,0.890887,0.0438583],[0.802821,0.0206186,0.124522,0.0520382],[0.013312,0.214865,0.763222,0.00860076],[0.00624997,0.036179,0.145877,0.811694],[0.0162415,0.943692,0.0343163,0.00575033],[0.786282,0.0958372,0.0824529,0.0354281],[0.00982771,0.334262,0.256605,0.399306],[0.151629,0.265555,0.394692,0.188124],[0.105265,0.378564,0.3726,0.143571]]},{"db":2,"id":"BACH2_HUMAN.H11MO.0.A","len":11,"ltrim":0,"rtrim":1,"nsites":500,"evalue":"1.0e+000","url":"http://hocomoco.autosome.ru/motif/BACH2_HUMAN.H11MO.0.A","pwm":[[0.122026,0.0960304,0.068036,0.713908],[0.0140476,0.078034,0.893871,0.0140476],[0.0440416,0.923865,0.0120472,0.0200464],[0.0780348,0.038042,0.00804799,0.875875],[0.0580388,0.0600376,0.793891,0.0880328],[0.757899,0.038042,0.0560384,0.148021],[0.0440416,0.224005,0.669916,0.062038],[0.0100484,0.0160464,0.00804799,0.965857],[0.0600384,0.919866,0.0160464,0.00404959],[0.963858,0.0120472,0.00804799,0.0160472],[0.0560392,0.319986,0.212007,0.411968]]},{"db":2,"id":"BATF3_HUMAN.H11MO.0.B","len":17,"ltrim":1,"rtrim":2,"nsites":500,"evalue":"1.0e+000","url":"http://hocomoco.autosome.ru/motif/BATF3_HUMAN.H11MO.0.B","pwm":[[0.172016,0.353979,0.206008,0.267997],[0.483954,0.0560384,0.244001,0.216007],[0.0300444,0.389972,0.501949,0.0780348],[0.0300444,0.0160464,0.0140468,0.939862],[0.0460412,0.0640368,0.00804799,0.881874],[0.042042,0.160018,0.0420412,0.755899],[0.0180468,0.855878,0.0200456,0.106029],[0.50195,0.178014,0.120026,0.20001],[0.210008,0.182013,0.218006,0.389972],[0.230004,0.0420412,0.0640368,0.663918],[0.481954,0.19801,0.0560384,0.263998],[0.00804879,4.95901e-05,0.0100476,0.981854],[0.012048,0.0240448,0.809888,0.15402],[0.863878,0.00604839,0.0420412,0.0880328],[0.10003,0.461957,0.317986,0.120026],[0.252,0.120026,0.14602,0.481954],[0.242002,0.385972,0.186012,0.186013]]},{"db":2,"id":"BATF_HUMAN.H11MO.0.A","len":18,"ltrim":1,"rtrim":1,"nsites":500,"evalue":"1.0e+000","url":"http://hocomoco.autosome.ru/motif/BATF_HUMAN.H11MO.0.A","pwm":[[0.45196,0.078034,0.263997,0.206009],[0.0480408,0.39997,0.34598,0.206009],[0.012048,0.018046,0.0440408,0.925865],[0.134024,0.327984,0.0240448,0.513948],[0.0860332,0.238002,0.0520392,0.623926],[0.142022,0.54594,0.0460404,0.265997],[0.379974,0.0860324,0.39597,0.138023],[0.369976,0.114027,0.230004,0.285993],[0.337983,0.018046,0.0840328,0.559938],[0.577935,0.158018,0.0220452,0.242002],[0.00204999,0.00204919,4.95901e-05,0.995851],[0.00404959,0.0560384,0.84988,0.0900324],[0.977855,0.00804799,0.0120472,0.00204999],[0.10403,0.557938,0.315986,0.022046],[0.072036,0.0300436,0.0200456,0.877875],[0.212008,0.507948,0.212007,0.0680368],[0.611928,0.0840328,0.110028,0.194012],[0.142022,0.186012,0.305988,0.365977]]},{"db":2,"id":"CEBPD_HUMAN.H11MO.0.C","len":11,"ltrim":0,"rtrim":0,"nsites":500,"evalue":"1.0e+000","url":"http://hocomoco.autosome.ru/motif/CEBPD_HUMAN.H11MO.0.C","pwm":[[0.45446,0.232503,0.268496,0.0445415],[0.00254989,0.130523,0.0205455,0.846381],[0.00654909,0.0285439,0.0185459,0.946361],[0.0425419,0.0265443,0.812387,0.118527],[0.0165471,0.960358,0.0105475,0.0125479],[0.458459,0.120525,0.278494,0.142522],[0.122526,0.580434,0.0265443,0.270496],[0.590432,0.382473,0.00454869,0.0225459],[0.828385,0.0645367,0.0445407,0.0625379],[0.0240456,0.481953,0.178014,0.315987],[0.208009,0.487952,0.0720352,0.232004]]},{"db":2,"id":"CRX_HUMAN.H11MO.0.B","len":13,"ltrim":1,"rtrim":1,"nsites":500,"evalue":"1.0e+000","url":"http://hocomoco.autosome.ru/motif/CRX_HUMAN.H11MO.0.B","pwm":[[0.248001,0.164017,0.152019,0.435963],[0.533944,0.104029,0.261997,0.10003],[0.573936,0.0460404,0.275994,0.10403],[0.172016,0.0920312,0.565936,0.170016],[0.497951,0.164017,0.261997,0.0760352],[0.192012,0.00604839,0.775894,0.0260452],[0.032044,0.0100476,0.935862,0.022046],[0.763898,0.218006,0.0160464,0.00204999],[5.03899e-05,4.95901e-05,4.95901e-05,0.99985],[0.022046,0.058038,0.0240448,0.895871],[0.879874,0.00404879,0.0340428,0.082034],[0.269996,0.0660364,0.525944,0.138023],[0.234004,0.323985,0.343981,0.0980308]]},{"db":2,"id":"CTCF_HUMAN.H11MO.0.A","len":19,"ltrim":2,"rtrim":1,"nsites":500,"evalue":"1.0e+000","url":"http://hocomoco.autosome.ru/motif/CTCF_HUMAN.H11MO.0.A","pwm":[[0.0940316,0.359978,0.126024,0.419966],[0.15202,0.168016,0.521945,0.158019],[0.257999,0.0840328,0.553939,0.10403],[0.0680368,0.855878,0.0360424,0.0400424],[0.00204999,0.99585,0.00204919,5.03899e-05],[0.69991,0.00604839,0.242001,0.05204],[0.0160472,0.651919,0.321985,0.0100484],[0.0980308,0.593931,0.0740348,0.234004],[0.905869,0.018046,0.0540388,0.022046],[0.00204999,0.00204919,0.991851,0.00404959],[0.385973,4.95901e-05,0.611927,0.00204999],[0.0260452,0.0260444,0.587932,0.359978],[0.012048,0.00204919,0.983853,0.00204999],[0.0500404,0.0260444,0.859878,0.0640376],[0.0680368,0.875874,0.0120472,0.0440416],[0.395971,0.0140468,0.583933,0.00604919],[0.0760352,0.561937,0.325984,0.0360432],[0.0960312,0.421965,0.116026,0.365977],[0.371976,0.267996,0.315986,0.0440416]]},{"db":2,"id":"DLX3_HUMAN.H11MO.0.C","len":10,"ltrim":0,"rtrim":1,"nsites":34,"evalue":"1.0e+000","url":"http://hocomoco.autosome.ru/motif/DLX3_HUMAN.H11MO.0.C","pwm":[[0.173313,0.128547,0.659091,0.0390497],[0.412029,0.403803,0.183429,0.000739003],[0.000739003,0.0231044,0.000727273,0.975429],[0.975429,0.000727273,0.0231044,0.000739003],[0.997806,0.000727273,0.000727273,0.000739003],[0.000739003,0.000727273,0.000727273,0.997806],[0.000739003,0.000727273,0.0454816,0.953052],[0.541475,0.000727273,0.363866,0.0939321],[0.161063,0.515689,0.277754,0.0454933],[0.445523,0.154608,0.102772,0.297097]]},{"db":2,"id":"E2F3_HUMAN.H11MO.0.A","len":11,"ltrim":2,"rtrim":0,"nsites":500,"evalue":"1.0e+000","url":"http://hocomoco.autosome.ru/motif/E2F3_HUMAN.H11MO.0.A","pwm":[[0.375975,0.140022,0.208008,0.275995],[0.261998,0.0460404,0.409968,0.281994],[0.126025,0.124025,0.675914,0.0740356],[0.0340436,0.00604839,0.955858,0.00404959],[0.124026,0.769896,0.0200456,0.0860332],[0.15202,0.00404879,0.683913,0.160018],[0.0960312,0.0200456,0.867876,0.0160472],[0.0180468,0.0100476,0.957858,0.0140476],[0.833884,0.038042,0.118026,0.0100484],[0.711908,0.0620372,0.20001,0.0260452],[0.533944,0.110028,0.25,0.106029]]},{"db":2,"id":"E2F6_HUMAN.H11MO.0.A","len":13,"ltrim":1,"rtrim":2,"nsites":500,"evalue":"1.0e+000","url":"http://hocomoco.autosome.ru/motif/E2F6_HUMAN.H11MO.0.A","pwm":[[0.337983,0.14802,0.341981,0.172016],[0.261998,0.0340428,0.555938,0.148021],[0.15402,0.126024,0.69991,0.0200464],[0.0100484,0.0160464,0.963857,0.0100484],[0.214008,0.707908,0.0120472,0.0660372],[0.0400424,0.018046,0.893871,0.0480408],[0.0240456,0.04804,0.89587,0.032044],[0.072036,0.0440408,0.871875,0.012048],[0.941862,0.0320432,0.0140468,0.012048],[0.511948,0.0360424,0.435962,0.0160472],[0.383974,0.108028,0.437962,0.0700364],[0.277995,0.218006,0.377974,0.126025],[0.275995,0.162017,0.425964,0.136023]]},{"db":2,"id":"E2F7_HUMAN.H11MO.0.B","len":13,"ltrim":0,"rtrim":3,"nsites":500,"evalue":"1.0e+000","url":"http://hocomoco.autosome.ru/motif/E2F7_HUMAN.H11MO.0.B","pwm":[[0.196011,0.14802,0.529944,0.126025],[0.337983,0.0320432,0.415966,0.214008],[0.142022,0.0820332,0.771895,0.00404959],[0.0440416,0.00404879,0.941861,0.0100484],[0.0840336,0.853879,0.00404879,0.0580388],[0.140022,0.0160464,0.813887,0.0300444],[0.022046,0.0120472,0.957858,0.00804879],[0.20401,0.00604839,0.775894,0.0140476],[0.713908,0.00404879,0.275994,0.00604919],[0.60393,0.138022,0.240002,0.0180468],[0.427965,0.192011,0.224005,0.156019],[0.343982,0.0860324,0.355978,0.214008],[0.259998,0.152019,0.485952,0.10203]]},{"db":2,"id":"ESR1_HUMAN.H11MO.0.A","len":15,"ltrim":0,"rtrim":0,"nsites":500,"evalue":"1.0e+000","url":"http://hocomoco.autosome.ru/motif/ESR1_HUMAN.H11MO.0.A","pwm":[[0.637923,0.04804,0.259998,0.0540396],[0.0740356,0.00604839,0.807888,0.112028],[0.0460412,0.018046,0.907868,0.0280448],[0.0940316,0.0720352,0.178014,0.655919],[0.00204999,0.887872,0.04804,0.062038],[0.855879,0.00604839,0.112027,0.0260452],[0.108029,0.441961,0.311987,0.138023],[0.395971,0.603929,4.95901e-05,5.03899e-05],[0.182014,0.375974,0.285992,0.156019],[0.10403,0.078034,0.0440408,0.773896],[0.0540396,0.0340428,0.907868,0.00404959],[0.617927,0.19801,0.0700356,0.114028],[0.0400424,0.883873,0.0140468,0.062038],[0.0900324,0.821885,0.00804799,0.0800344],[0.0580388,0.329984,0.0660364,0.545941]]},{"db":2,"id":"ESR2_HUMAN.H11MO.0.A","len":15,"ltrim":0,"rtrim":0,"nsites":497,"evalue":"1.0e+000","url":"http://hocomoco.autosome.ru/motif/ESR2_HUMAN.H11MO.0.A","pwm":[[0.494921,0.0966099,0.36215,0.0463191],[0.114716,0.0121199,0.790635,0.0825291],[0.0463191,0.0262016,0.859032,0.0684474],[0.0966107,0.116727,0.22938,0.557283],[0.016144,0.798682,0.0523532,0.132821],[0.621656,0.0342482,0.247485,0.0966107],[0.0925874,0.511013,0.26559,0.130809],[5.0694e-05,0.667924,4.98894e-05,0.331976],[0.122762,0.4225,0.267602,0.187136],[0.040284,0.239438,0.0302249,0.690053],[0.0825291,0.0262016,0.891219,5.0694e-05],[0.521073,0.273637,0.0865516,0.118739],[0.0241907,0.84495,0.0221782,0.108681],[0.0825291,0.846962,0.0121199,0.0583891],[0.0724707,0.356115,0.0362599,0.535154]]},{"db":2,"id":"FEV_HUMAN.H11MO.0.B","len":10,"ltrim":0,"rtrim":0,"nsites":498,"evalue":"1.0e+000","url":"http://hocomoco.autosome.ru/motif/FEV_HUMAN.H11MO.0.B","pwm":[[0.224905,0.204828,0.520026,0.0502413],[0.255019,0.530064,0.134561,0.0803558],[0.281119,0.32127,0.3554,0.0422108],[0.317256,0.0120956,0.658552,0.0120964],[0.0321727,0.00607268,0.947651,0.014104],[0.967728,0.0221337,0.00406505,0.00607348],[0.672606,0.058271,0.251003,0.0181193],[0.18676,0.132553,0.602338,0.0783481],[0.154638,0.387522,0.0883855,0.369454],[0.0723252,0.230927,0.58427,0.112478]]},{"db":2,"id":"FOSB_HUMAN.H11MO.0.A","len":9,"ltrim":1,"rtrim":1,"nsites":500,"evalue":"1.0e+000","url":"http://hocomoco.autosome.ru/motif/FOSB_HUMAN.H11MO.0.A","pwm":[[0.413968,0.206008,0.291991,0.0880328],[0.0100484,0.0120472,0.00204919,0.975855],[0.012048,0.0140468,0.917866,0.0560392],[0.895871,0.0120472,0.018046,0.0740356],[0.20401,4.95901e-05,0.79589,5.03899e-05],[0.0180468,0.0300436,0.106028,0.845881],[0.0540396,0.903869,0.028044,0.0140476],[0.965857,0.0100476,0.00604839,0.0180468],[0.072036,0.329984,0.230004,0.367977]]},{"db":2,"id":"FOS_HUMAN.H11MO.0.A","len":9,"ltrim":1,"rtrim":0,"nsites":500,"evalue":"1.0e+000","url":"http://hocomoco.autosome.ru/motif/FOS_HUMAN.H11MO.0.A","pwm":[[0.345981,0.216006,0.359978,0.0780348],[0.0100484,0.018046,0.0100476,0.961858],[0.0160472,0.0340428,0.859878,0.0900324],[0.935863,0.00804799,0.028044,0.0280448],[0.116027,4.95901e-05,0.883873,5.03899e-05],[0.022046,0.0260444,0.0240448,0.927865],[0.042042,0.933863,0.0240448,5.03899e-05],[0.959858,0.0160464,0.0120472,0.012048],[0.0280448,0.417966,0.263997,0.289992]]},{"db":2,"id":"FOXA1_HUMAN.H11MO.0.A","len":12,"ltrim":0,"rtrim":2,"nsites":500,"evalue":"1.0e+000","url":"http://hocomoco.autosome.ru/motif/FOXA1_HUMAN.H11MO.0.A","pwm":[[0.0160472,4.95901e-05,4.95901e-05,0.983854],[0.246001,0.00404879,0.7499,5.03899e-05],[0.00204999,4.95901e-05,4.95901e-05,0.997851],[0.00404959,4.95901e-05,0.0560384,0.939862],[5.03899e-05,4.95901e-05,0.144021,0.855879],[0.781894,4.95901e-05,0.206008,0.012048],[0.00804879,0.79789,0.00804799,0.186013],[0.317987,0.138022,0.00404879,0.539942],[0.032044,0.313987,0.108028,0.545941],[0.463958,0.0200456,0.0160464,0.49995],[0.218007,0.09803,0.493951,0.190012],[0.108029,0.259998,0.393971,0.238003]]},{"db":2,"id":"FOXI1_HUMAN.H11MO.0.B","len":12,"ltrim":1,"rtrim":0,"nsites":156,"evalue":"1.0e+000","url":"http://hocomoco.autosome.ru/motif/FOXI1_HUMAN.H11MO.0.B","pwm":[[0.152445,0.461768,0.0905771,0.29521],[0.133409,0.028712,0.0715417,0.766337],[0.0334734,0.437973,0.24286,0.285693],[0.000161435,0.0239531,0.000158873,0.975727],[0.000161435,0.104854,0.894823,0.000161435],[0.999521,0.000158873,0.000158873,0.000161435],[0.000161435,0.000158873,0.000158873,0.999521],[0.000161435,0.000158873,0.000158873,0.999521],[0.000161435,0.000158873,0.990001,0.00967914],[0.000161435,0.000158873,0.999518,0.000161435],[0.0429911,0.476044,0.000158873,0.480806],[0.000161435,0.490321,0.0191943,0.490323]]},{"db":2,"id":"FOXJ3_HUMAN.H11MO.0.A","len":13,"ltrim":1,"rtrim":0,"nsites":626,"evalue":"1.0e+000","url":"http://hocomoco.autosome.ru/motif/FOXJ3_HUMAN.H11MO.0.A","pwm":[[0.194105,0.146487,0.164703,0.494704],[4.02492e-05,3.96103e-05,3.96103e-05,0.999881],[0.0829621,3.96103e-05,0.914274,0.00272437],[0.0011139,3.96103e-05,3.96103e-05,0.998807],[4.02492e-05,3.96103e-05,3.96103e-05,0.999881],[0.00887305,3.96103e-05,0.175704,0.815383],[0.818151,3.96103e-05,0.0369607,0.144848],[4.02492e-05,0.0711409,3.96103e-05,0.928779],[0.113304,3.96103e-05,0.430181,0.456475],[0.0440549,3.96103e-05,0.325667,0.630239],[0.0528135,3.96103e-05,0.0291564,0.917991],[0.00590496,0.0101735,0.0168445,0.967077],[0.358504,0.0704072,0.138475,0.432614]]},{"db":2,"id":"FOXP1_HUMAN.H11MO.0.A","len":9,"ltrim":0,"rtrim":0,"nsites":295,"evalue":"1.0e+000","url":"http://hocomoco.autosome.ru/motif/FOXP1_HUMAN.H11MO.0.A","pwm":[[0.057693,0.13902,0.176295,0.626992],[0.0136401,0.281345,0.311843,0.393172],[0.00686276,0.0204161,0.0305822,0.942139],[0.0204175,0.0407482,0.840477,0.0983572],[8.53948e-05,0.0170274,0.0576916,0.925196],[0.00686276,0.0949671,0.0407482,0.857422],[0.0102514,0.0136388,0.0814124,0.894697],[0.525331,0.34573,0.0373595,0.0915798],[0.0170288,0.484666,0.0102501,0.488056]]},{"db":2,"id":"HINFP_HUMAN.H11MO.0.C","len":16,"ltrim":2,"rtrim":1,"nsites":42,"evalue":"1.0e+000","url":"http://hocomoco.autosome.ru/motif/HINFP_HUMAN.H11MO.0.C","pwm":[[0.327127,0.0662081,0.397705,0.208959],[0.333662,0.381233,0.141764,0.14334],[0.0466127,0.405807,0.476394,0.0711862],[0.190921,0.358226,0.166338,0.284515],[0.238501,0.238492,0.0711767,0.45183],[0.473271,0.310646,0.167904,0.0481791],[0.166347,0.118757,0.573122,0.141774],[0.0711862,0.927626,0.000589074,0.000598575],[0.000598575,0.000589074,0.998214,0.000598575],[0.0481791,0.0235961,0.927626,0.000598575],[0.97365,0.0251626,0.000589074,0.000598575],[0.000598575,0.950633,0.0481696,0.000598575],[0.000598575,0.0711767,0.855472,0.0727526],[0.0236056,0.000589074,0.000589074,0.975216],[0.192487,0.0235961,0.117191,0.666726],[0.38582,0.269209,0.267642,0.0773295]]},{"db":2,"id":"IKZF1_HUMAN.H11MO.0.C","len":8,"ltrim":0,"rtrim":0,"nsites":60,"evalue":"1.0e+000","url":"http://hocomoco.autosome.ru/motif/IKZF1_HUMAN.H11MO.0.C","pwm":[[0.0427935,0.286015,0.237708,0.433484],[0.0580482,0.088551,0.000412646,0.852988],[0.0563532,0.000412646,0.942815,0.000419301],[0.0190639,0.0309221,0.949595,0.000419301],[0.000419301,0.0173623,0.981799,0.000419301],[0.849598,0.000412646,0.14957,0.000419301],[0.320768,0.0309221,0.532633,0.115677],[0.415686,0.0393969,0.368221,0.176696]]},{"db":2,"id":"IRF1_HUMAN.H11MO.0.A","len":20,"ltrim":1,"rtrim":1,"nsites":499,"evalue":"1.0e+000","url":"http://hocomoco.autosome.ru/motif/IRF1_HUMAN.H11MO.0.A","pwm":[[0.33866,0.176367,0.356692,0.128281],[0.60514,0.0982264,0.192396,0.104238],[0.657233,0.0962228,0.128281,0.118263],[0.735374,0.0741831,0.0781903,0.112252],[0.310609,0.228461,0.266529,0.1944],[0.298588,0.138299,0.152324,0.41079],[0.16635,0.00806412,0.821528,0.0040577],[0.933731,0.0100677,0.0461326,0.0100685],[0.987828,0.0020533,4.96894e-05,0.0100685],[0.983821,0.0020533,0.00606051,0.00806492],[0.136296,0.364706,0.468894,0.0301046],[0.200411,0.10023,0.0220894,0.677269],[0.106242,0.0040569,0.887647,0.0020541],[0.937738,0.0160785,0.0421254,0.0040577],[0.961782,4.96894e-05,0.0281002,0.0100685],[0.985825,0.0040569,0.0040569,0.00606131],[0.0441298,0.360699,0.547034,0.048137],[0.196404,0.242486,0.0761867,0.484923],[0.468894,0.124273,0.308605,0.0982272],[0.436837,0.160338,0.268533,0.134292]]},{"db":2,"id":"IRF3_HUMAN.H11MO.0.B","len":20,"ltrim":0,"rtrim":0,"nsites":500,"evalue":"1.0e+000","url":"http://hocomoco.autosome.ru/motif/IRF3_HUMAN.H11MO.0.B","pwm":[[0.29999,0.078034,0.513947,0.108029],[0.60393,0.0440408,0.29999,0.05204],[0.677915,0.0660364,0.214007,0.042042],[0.719906,0.0740348,0.110028,0.0960312],[0.305989,0.108028,0.455958,0.130024],[0.224006,0.0540388,0.557938,0.164018],[0.20201,0.0540388,0.731903,0.012048],[0.819886,0.018046,0.14802,0.0140476],[0.815887,0.0360424,0.126024,0.022046],[0.89987,0.0160464,0.0300436,0.0540396],[0.224006,0.261997,0.44596,0.0680368],[0.291992,0.088032,0.401969,0.218007],[0.20001,0.00604839,0.783893,0.0100484],[0.673916,0.0240448,0.289992,0.012048],[0.879874,0.0360424,0.0720352,0.012048],[0.941862,0.00404879,0.0400416,0.0140476],[0.0960312,0.313987,0.54794,0.042042],[0.265997,0.142021,0.273995,0.317987],[0.228005,0.122025,0.585932,0.0640376],[0.681914,0.0700356,0.178014,0.0700364]]},{"db":2,"id":"IRF8_HUMAN.H11MO.0.B","len":20,"ltrim":2,"rtrim":2,"nsites":500,"evalue":"1.0e+000","url":"http://hocomoco.autosome.ru/motif/IRF8_HUMAN.H11MO.0.B","pwm":[[0.359978,0.174015,0.309988,0.156019],[0.487953,0.0940308,0.208008,0.210008],[0.567937,0.102029,0.138022,0.192012],[0.543942,0.0560384,0.154019,0.246001],[0.317987,0.136022,0.477954,0.0680368],[0.483954,0.136022,0.34798,0.032044],[0.206009,0.00204919,0.787892,0.00404959],[0.138023,0.00204919,0.857878,0.00204999],[0.991852,0.00604839,0.00204919,5.03899e-05],[0.961858,0.0160464,0.00604839,0.0160472],[0.138023,0.317986,0.521945,0.022046],[0.072036,0.0660364,4.95901e-05,0.861878],[0.0180468,0.00604839,0.965856,0.0100484],[0.867877,0.00804799,0.106028,0.0180468],[0.847881,0.0160464,0.122025,0.0140476],[0.947861,0.0160464,0.0140468,0.022046],[0.106029,0.413967,0.465956,0.0140476],[0.132024,0.246,0.058038,0.563938],[0.345981,0.152019,0.323985,0.178015],[0.379974,0.170016,0.29999,0.15002]]},{"db":2,"id":"JUNB_HUMAN.H11MO.0.A","len":11,"ltrim":2,"rtrim":2,"nsites":500,"evalue":"1.0e+000","url":"http://hocomoco.autosome.ru/motif/JUNB_HUMAN.H11MO.0.A","pwm":[[0.273996,0.09803,0.303989,0.323986],[0.263998,0.34798,0.273995,0.114028],[0.032044,0.00804799,0.0120472,0.947861],[0.00404959,0.0340428,0.889872,0.072036],[0.933864,0.00204919,4.95901e-05,0.0640376],[5.03899e-05,4.95901e-05,0.953859,0.0460412],[0.012048,0.0120472,4.95901e-05,0.975855],[0.0500404,0.925864,0.0140468,0.0100484],[0.977855,0.00804799,0.00404879,0.0100484],[0.0740356,0.365976,0.261997,0.297991],[0.317987,0.34998,0.130024,0.20201]]},{"db":2,"id":"LHX2_HUMAN.H11MO.0.A","len":12,"ltrim":2,"rtrim":3,"nsites":430,"evalue":"1.0e+000","url":"http://hocomoco.autosome.ru/motif/LHX2_HUMAN.H11MO.0.A","pwm":[[0.132586,0.176761,0.237212,0.453442],[0.0930602,0.262787,0.318588,0.325564],[0.111661,0.432515,0.0163329,0.439491],[0.0279591,0.0116829,5.7661e-05,0.9603],[0.774297,0.176761,0.0395834,0.00935875],[0.957975,0.0279581,0.0023827,0.0116838],[5.8591e-05,0.020983,0.020983,0.957975],[0.00935875,0.0140079,0.237212,0.739422],[0.578994,0.00703278,0.353464,0.0605096],[0.172112,0.225587,0.492966,0.109336],[0.176762,0.241862,0.12561,0.455767],[0.0884101,0.213961,0.241862,0.455767]]},{"db":2,"id":"MAFF_HUMAN.H11MO.0.B","len":18,"ltrim":0,"rtrim":0,"nsites":473,"evalue":"1.0e+000","url":"http://hocomoco.autosome.ru/motif/MAFF_HUMAN.H11MO.0.B","pwm":[[0.0571237,0.0698051,0.0824874,0.790584],[0.0211904,0.0951697,0.765218,0.118421],[0.0550099,0.883587,0.0296445,0.031759],[0.084602,0.0613502,0.00639357,0.847654],[0.0275316,0.112079,0.744081,0.116308],[0.77156,0.0507817,0.0444405,0.133218],[0.0592374,0.410114,0.433365,0.0972843],[0.084602,0.0888286,0.0592365,0.767333],[0.0909431,0.661646,0.0423268,0.205084],[0.672216,0.0571228,0.122648,0.148014],[0.0655785,0.093056,0.625713,0.215653],[0.0402139,0.780014,0.112079,0.0676922],[0.589781,0.109966,0.120534,0.179719],[0.177606,0.234675,0.224107,0.363613],[0.234676,0.137444,0.122648,0.505232],[0.164923,0.177605,0.0465542,0.610918],[0.099398,0.253699,0.07826,0.568643],[0.131104,0.205083,0.133217,0.530596]]},{"db":2,"id":"MEF2A_HUMAN.H11MO.0.A","len":13,"ltrim":1,"rtrim":1,"nsites":500,"evalue":"1.0e+000","url":"http://hocomoco.autosome.ru/motif/MEF2A_HUMAN.H11MO.0.A","pwm":[[0.273996,0.078034,0.244001,0.40397],[0.128025,0.0800336,0.387972,0.40397],[0.0280448,0.723905,0.0500396,0.198011],[0.00204999,0.0560384,4.95901e-05,0.941862],[0.927865,0.00604839,0.00804799,0.0580388],[0.0640376,0.00204919,0.00804799,0.925865],[0.10203,0.00204919,0.00404879,0.891872],[0.0140476,0.04804,0.0100476,0.927865],[0.134024,0.0820332,0.0120472,0.771896],[0.140022,0.0360424,0.116026,0.707909],[0.54994,0.00204919,0.435962,0.012048],[0.160018,0.038042,0.657918,0.144022],[0.359978,0.383973,0.104029,0.15202]]},{"db":2,"id":"MEF2B_HUMAN.H11MO.0.A","len":14,"ltrim":2,"rtrim":0,"nsites":500,"evalue":"1.0e+000","url":"http://hocomoco.autosome.ru/motif/MEF2B_HUMAN.H11MO.0.A","pwm":[[0.254,0.118026,0.413967,0.214008],[0.194012,0.110028,0.251999,0.443962],[0.20401,0.0360424,0.271995,0.487953],[0.168017,0.104029,0.373975,0.35398],[0.0480408,0.771895,0.0400416,0.140022],[0.00204999,0.088032,0.00204919,0.907869],[0.861878,0.0260444,0.0320432,0.0800344],[0.106029,0.0200456,0.00604839,0.867877],[0.0760352,0.00604839,0.00404879,0.913868],[0.0360432,0.04804,0.0140468,0.90187],[0.134024,0.118026,0.04804,0.69991],[0.170016,0.0560384,0.140022,0.633924],[0.471956,4.95901e-05,0.487952,0.0400424],[0.122026,0.0520392,0.69591,0.130024]]},{"db":2,"id":"MEF2C_HUMAN.H11MO.0.A","len":13,"ltrim":1,"rtrim":1,"nsites":500,"evalue":"1.0e+000","url":"http://hocomoco.autosome.ru/motif/MEF2C_HUMAN.H11MO.0.A","pwm":[[0.297991,0.0740348,0.283993,0.343982],[0.10403,0.0920312,0.419966,0.383974],[0.0300444,0.691911,0.0460404,0.232004],[0.00204999,0.0620372,4.95901e-05,0.935863],[0.947861,0.0160464,0.00604839,0.0300444],[0.0600384,0.00604839,0.00204919,0.931864],[0.0800344,0.0120472,0.00604839,0.90187],[0.0240456,0.038042,0.0100476,0.927865],[0.148021,0.0900316,0.0220452,0.739902],[0.138023,0.0420412,0.122025,0.697911],[0.565937,0.00404879,0.421965,0.00804879],[0.15402,0.0720352,0.633923,0.140022],[0.359978,0.363977,0.102029,0.174016]]},{"db":2,"id":"NF2L1_HUMAN.H11MO.0.C","len":7,"ltrim":1,"rtrim":1,"nsites":112,"evalue":"1.0e+000","url":"http://hocomoco.autosome.ru/motif/NF2L1_HUMAN.H11MO.0.C","pwm":[[0.429147,0.248935,0.0801734,0.241745],[0.216004,0.0467633,0.709581,0.0276516],[0.000224799,0.000221231,0.00727384,0.99228],[0.0297231,0.891552,0.00198438,0.0767405],[0.942912,0.0213791,0.00727384,0.0284352],[0.0135464,0.160222,0.0608686,0.765363],[0.173688,0.226329,0.291203,0.30878]]},{"db":2,"id":"NFAC2_HUMAN.H11MO.0.B","len":9,"ltrim":0,"rtrim":1,"nsites":86,"evalue":"1.0e+000","url":"http://hocomoco.autosome.ru/motif/NFAC2_HUMAN.H11MO.0.B","pwm":[[0.256317,0.0565894,0.145409,0.541685],[0.000292683,0.000288037,0.999127,0.000292683],[0.000292683,0.000288037,0.999127,0.000292683],[0.999131,0.000288037,0.000288037,0.000292683],[0.971595,0.000288037,0.0278241,0.000292683],[0.951167,0.0170063,0.0315336,0.000292683],[0.795026,0.0583104,0.0612607,0.0854027],[0.297151,0.133362,0.0989419,0.470545],[0.159962,0.235147,0.171224,0.433667]]},{"db":2,"id":"NFAC3_HUMAN.H11MO.0.B","len":9,"ltrim":0,"rtrim":0,"nsites":18,"evalue":"1.0e+000","url":"http://hocomoco.autosome.ru/motif/NFAC3_HUMAN.H11MO.0.B","pwm":[[0.137003,0.13698,0.0284922,0.697525],[0.00139227,0.00137017,0.995845,0.00139227],[0.00139227,0.00137017,0.995845,0.00139227],[0.929569,0.00137017,0.0676685,0.00139227],[0.887379,0.00137017,0.109858,0.00139227],[0.995867,0.00137017,0.00137017,0.00139227],[0.772864,0.17013,0.0556143,0.00139227],[0.326857,0.393133,0.0676685,0.212342],[0.115908,0.314781,0.0495871,0.519725]]},{"db":2,"id":"NKX28_HUMAN.H11MO.0.C","len":9,"ltrim":0,"rtrim":0,"nsites":6,"evalue":"1.0e+000","url":"http://hocomoco.autosome.ru/motif/NKX28_HUMAN.H11MO.0.C","pwm":[[0.0282392,0.201751,0.201751,0.568258],[0.00413115,0.00406557,0.00406557,0.987738],[0.00413115,0.765878,0.225859,0.00413115],[0.939522,0.00406557,0.0522816,0.00413115],[0.987738,0.00406557,0.00406557,0.00413115],[0.00413115,0.00406557,0.987672,0.00413115],[0.00413115,0.00406557,0.592301,0.399502],[0.592366,0.00406557,0.399437,0.00413115],[0.0282392,0.568193,0.201751,0.201817]]},{"db":2,"id":"NKX31_HUMAN.H11MO.0.C","len":12,"ltrim":1,"rtrim":1,"nsites":500,"evalue":"1.0e+000","url":"http://hocomoco.autosome.ru/motif/NKX31_HUMAN.H11MO.0.C","pwm":[[0.190012,0.19601,0.321985,0.291992],[0.0860332,0.251999,0.09803,0.563938],[0.252,0.108028,0.152019,0.487953],[0.759898,0.0540388,0.172015,0.0140476],[0.959858,0.00204919,0.0200456,0.0180468],[0.00404959,0.00404879,0.985852,0.00604919],[0.0880328,0.00204919,0.018046,0.891872],[0.170016,0.0140468,0.803889,0.012048],[0.0180468,0.451959,0.265996,0.263998],[0.142022,0.255998,0.038042,0.563938],[0.156019,0.0860324,0.106028,0.65192],[0.279994,0.0840328,0.29599,0.339982]]},{"db":2,"id":"OSR2_HUMAN.H11MO.0.C","len":16,"ltrim":4,"rtrim":0,"nsites":473,"evalue":"1.0e+000","url":"http://hocomoco.autosome.ru/motif/OSR2_HUMAN.H11MO.0.C","pwm":[[0.173378,0.164922,0.488321,0.173378],[0.0719197,0.403773,0.211424,0.312884],[0.167037,0.287518,0.122648,0.422797],[0.131104,0.346702,0.378408,0.143786],[0.0550099,0.670101,0.0592365,0.215653],[0.344589,0.0211896,0.145899,0.488322],[0.0338728,0.0169622,0.944884,0.0042807],[0.0148493,0.972363,0.00850729,0.0042807],[0.00216698,0.0486679,0.00216614,0.946999],[0.243131,0.215652,0.205083,0.336134],[0.00216698,0.991386,0.00216614,0.0042807],[0.00850814,0.173377,0.00216614,0.815948],[0.0951706,0.167036,0.617258,0.120535],[0.181833,0.446047,0.122648,0.249472],[0.302315,0.109966,0.232561,0.355158],[0.0803746,0.16915,0.587666,0.16281]]},{"db":2,"id":"PAX6_HUMAN.H11MO.0.C","len":12,"ltrim":0,"rtrim":0,"nsites":500,"evalue":"1.0e+000","url":"http://hocomoco.autosome.ru/motif/PAX6_HUMAN.H11MO.0.C","pwm":[[0.124026,0.0320432,0.0740348,0.769896],[0.022046,0.341981,0.038042,0.597931],[0.415967,0.467956,0.0500396,0.0660372],[0.0440416,0.565936,0.0400416,0.34998],[0.285993,0.0700356,0.605928,0.0380428],[0.0100484,0.803889,0.166016,0.0200464],[0.257999,0.136022,0.018046,0.587933],[0.0280448,0.0760344,0.018046,0.877875],[0.0140476,0.407968,0.567936,0.0100484],[0.709908,0.0160464,0.236002,0.0380428],[0.146021,0.357978,0.287992,0.208009],[0.0660372,0.0940308,0.0320432,0.807889]]},{"db":2,"id":"PO3F2_HUMAN.H11MO.0.A","len":17,"ltrim":0,"rtrim":1,"nsites":496,"evalue":"1.0e+000","url":"http://hocomoco.autosome.ru/motif/PO3F2_HUMAN.H11MO.0.A","pwm":[[0.0464124,0.356833,0.102852,0.493903],[0.149214,0.36288,0.0585059,0.4294],[0.0141609,0.935345,0.0222229,0.0282709],[0.828513,0.102852,0.00408144,0.0645539],[0.0121451,0.00609716,0.0242387,0.957519],[0.0403652,0.036333,0.661207,0.262095],[0.276205,0.671286,0.0343173,0.0181923],[0.649113,0.225811,0.0968047,0.0282709],[0.25,0.0323016,0.0323016,0.685396],[0.481809,0.0585059,0.0504431,0.409242],[0.300393,0.0181915,0.01416,0.667255],[0.0343181,0.266125,0.181465,0.518092],[0.0161766,0.665238,0.131072,0.187513],[0.653145,0.288298,0.0242387,0.0343181],[0.296362,0.0323016,0.0665688,0.604768],[0.141151,0.133088,0.175418,0.550343],[0.223796,0.429399,0.211701,0.135104]]},{"db":2,"id":"PRDM6_HUMAN.H11MO.0.C","len":13,"ltrim":1,"rtrim":2,"nsites":500,"evalue":"1.0e+000","url":"http://hocomoco.autosome.ru/motif/PRDM6_HUMAN.H11MO.0.C","pwm":[[0.463958,0.166016,0.246,0.124026],[0.529944,0.0700356,0.267996,0.132024],[0.433964,0.19601,0.329984,0.0400424],[0.615927,0.038042,0.202009,0.144022],[0.471956,0.0100476,0.451959,0.0660372],[0.00204999,0.0460404,0.941861,0.0100484],[0.977855,0.0160464,4.95901e-05,0.00604919],[0.983854,0.00404879,4.95901e-05,0.012048],[0.937863,0.00804799,0.00804799,0.0460412],[0.759898,0.132023,0.068036,0.0400424],[0.60393,0.234003,0.112027,0.0500404],[0.491952,0.192011,0.126024,0.190012],[0.50395,0.156018,0.202009,0.138023]]},{"db":2,"id":"REL_HUMAN.H11MO.0.B","len":15,"ltrim":1,"rtrim":0,"nsites":178,"evalue":"1.0e+000","url":"http://hocomoco.autosome.ru/motif/REL_HUMAN.H11MO.0.B","pwm":[[0.308957,0.0843616,0.258421,0.348261],[0.275268,0.168584,0.483014,0.0731342],[0.421253,0.14051,0.118051,0.320186],[0.483016,0.039443,0.30334,0.174201],[0.140512,0.00575407,0.814289,0.0394453],[0.0113711,0.000139248,0.982733,0.00575632],[0.0843638,0.000139248,0.904126,0.0113711],[0.617772,0.0169837,0.348258,0.016986],[0.915358,0.00575407,0.0619023,0.016986],[0.701994,0.0282134,0.0955912,0.174201],[0.0843638,0.134895,0.162969,0.617772],[0.0113711,0.213503,0.331414,0.443713],[0.19666,0.685148,0.0450578,0.0731342],[0.101208,0.75814,0.112436,0.0282156],[0.662691,0.112436,0.101206,0.123668]]},{"db":2,"id":"SALL4_HUMAN.H11MO.0.B","len":10,"ltrim":2,"rtrim":0,"nsites":500,"evalue":"1.0e+000","url":"http://hocomoco.autosome.ru/motif/SALL4_HUMAN.H11MO.0.B","pwm":[[0.180014,0.138022,0.513947,0.168017],[0.134024,0.257998,0.477954,0.130024],[0.359978,0.00604839,0.343981,0.289992],[0.012048,0.00204919,0.971855,0.0140476],[0.00204999,0.00404879,0.981853,0.012048],[0.0200464,0.162017,0.803889,0.0140476],[0.373976,0.0300436,0.0100476,0.585933],[0.00604919,0.00204919,0.987852,0.00404959],[0.0980308,0.0160464,0.659918,0.226005],[0.118027,0.0240448,0.813887,0.0440416]]},{"db":2,"id":"SOX4_HUMAN.H11MO.0.B","len":12,"ltrim":0,"rtrim":1,"nsites":500,"evalue":"1.0e+000","url":"http://hocomoco.autosome.ru/motif/SOX4_HUMAN.H11MO.0.B","pwm":[[0.0400424,0.333983,0.236002,0.389972],[0.0180468,0.531943,0.122025,0.327985],[0.00604919,0.803889,0.00804799,0.182014],[0.106029,0.0300436,0.0100476,0.85388],[0.00404959,0.0160464,0.0360424,0.943862],[0.00204999,0.0120472,0.0260444,0.959858],[0.022046,0.0920312,0.84788,0.0380428],[0.012048,0.0200456,0.0140468,0.95386],[0.0140476,0.333983,0.120026,0.531944],[0.0280448,0.573935,0.088032,0.309988],[0.0560392,0.361977,0.162017,0.419966],[0.120026,0.379974,0.206008,0.293992]]},{"db":2,"id":"SP4_HUMAN.H11MO.0.A","len":20,"ltrim":2,"rtrim":1,"nsites":499,"evalue":"1.0e+000","url":"http://hocomoco.autosome.ru/motif/SP4_HUMAN.H11MO.0.A","pwm":[[0.222451,0.248497,0.454868,0.0741839],[0.26653,0.148317,0.462883,0.12227],[0.140303,0.180374,0.605139,0.0741839],[0.404779,0.2505