<!DOCTYPE HTML>
<html>
  <head>
    <meta charset="UTF-8">
    <title>SpaMo - Spaced Motif Analysis</title>
    <script type="text/javascript">
      //@JSON_VAR data
      var data = {"program":"SpaMo","version":"4.11.3","revision":"c13e15f35e38483381a6e8a363f9137e303c0765","release":"Sat Mar 11 20:16:08 2017 -0800","host":"uger-c011.broadinstitute.org","when":"Sun Feb 28 15:59:50 2021","cmd":["spamo","-verbosity","1","-oc","/broad/sankaranlab/fyu/HemeMap/02262021-downMast_re-analysis/motif_denovo/all_mast0035_interactions_10x_hocomoco_meme-chip/spamo_out_4","-bgfile","/broad/sankaranlab/fyu/HemeMap/02262021-downMast_re-analysis/motif_denovo/all_mast0035_interactions_10x_hocomoco_meme-chip/background","-primary","CHCCRCCC","/broad/sankaranlab/fyu/HemeMap/02262021-downMast_re-analysis/motif_denovo/all_mast0035_interactions_10x_hocomoco_meme-chip/20210227-deg_interactions_peaks_all_mast0035_fa_1based.fa","/broad/sankaranlab/fyu/HemeMap/02262021-downMast_re-analysis/motif_denovo/all_mast0035_interactions_10x_hocomoco_meme-chip/dreme_out/dreme.xml","/broad/sankaranlab/fyu/HemeMap/02262021-downMast_re-analysis/motif_denovo/all_mast0035_interactions_10x_hocomoco_meme-chip/meme_out/meme.xml","/broad/sankaranlab/fyu/HemeMap/02262021-downMast_re-analysis/motif_denovo/all_mast0035_interactions_10x_hocomoco_meme-chip/dreme_out/dreme.xml","/broad/sankaranlab/fyu/motif_data/HOCOMOCOv11_core_HUMAN_mono_meme_format.meme"],"options":{"seq_min_hit_score":7,"margin":150,"bin_size":1,"bin_pvalue_calc_range":150,"use_best_secondary":0,"seq_max_shared_fract":0.5,"seq_odds_ratio":20,"bin_pvalue_cutoff":0.05,"motif_evalue_cutoff":10,"redundant_overlap":2,"redundant_joint":0.5,"motif_pseudocount":0.1,"bgfile":"/broad/sankaranlab/fyu/HemeMap/02262021-downMast_re-analysis/motif_denovo/all_mast0035_interactions_10x_hocomoco_meme-chip/background","motif_trim":0.25,"xalph":0,"seed":1,"bin_max":75},"alphabet":{"name":"DNA","like":"dna","ncore":4,"symbols":[{"symbol":"A","name":"Adenine","colour":"CC0000","complement":"T"},{"symbol":"C","name":"Cytosine","colour":"0000CC","complement":"G"},{"symbol":"G","name":"Guanine","colour":"FFB300","complement":"C"},{"symbol":"T","aliases":"U","name":"Thymine","colour":"008000","complement":"A"},{"symbol":"N","aliases":"X.","name":"Any base","equals":"ACGT"},{"symbol":"V","name":"Not T","equals":"ACG"},{"symbol":"H","name":"Not G","equals":"ACT"},{"symbol":"D","name":"Not C","equals":"AGT"},{"symbol":"B","name":"Not A","equals":"CGT"},{"symbol":"M","name":"Amino","equals":"AC"},{"symbol":"R","name":"Purine","equals":"AG"},{"symbol":"W","name":"Weak","equals":"AT"},{"symbol":"S","name":"Strong","equals":"CG"},{"symbol":"Y","name":"Pyrimidine","equals":"CT"},{"symbol":"K","name":"Keto","equals":"GT"}]},"background":[0.2443,0.2557,0.2557,0.2443],"sequence_dbs":[{"source":"/broad/sankaranlab/fyu/HemeMap/02262021-downMast_re-analysis/motif_denovo/all_mast0035_interactions_10x_hocomoco_meme-chip/20210227-deg_interactions_peaks_all_mast0035_fa_1based.fa","name":"20210227-deg_interactions_peaks_all_mast0035_fa_1based","last_modified":"Sun Feb 28 14:32:25 2021","loaded":13184,"excluded_too_short":0,"excluded_no_match":10745,"excluded_ambigs":0,"excluded_similar":30,"erased_primary_matches":1796}],"primary_dbs":[{"source":"/broad/sankaranlab/fyu/HemeMap/02262021-downMast_re-analysis/motif_denovo/all_mast0035_interactions_10x_hocomoco_meme-chip/dreme_out/dreme.xml","name":"dreme.xml","last_modified":"Sun Feb 28 15:41:49 2021","loaded":9,"excluded":8}],"secondary_dbs":[{"source":"/broad/sankaranlab/fyu/HemeMap/02262021-downMast_re-analysis/motif_denovo/all_mast0035_interactions_10x_hocomoco_meme-chip/meme_out/meme.xml","name":"meme.xml","last_modified":"Sun Feb 28 15:22:49 2021","loaded":10,"excluded":0},{"source":"/broad/sankaranlab/fyu/HemeMap/02262021-downMast_re-analysis/motif_denovo/all_mast0035_interactions_10x_hocomoco_meme-chip/dreme_out/dreme.xml","name":"dreme.xml","last_modified":"Sun Feb 28 15:41:49 2021","loaded":10,"excluded":1},{"source":"/broad/sankaranlab/fyu/motif_data/HOCOMOCOv11_core_HUMAN_mono_meme_format.meme","name":"HOCOMOCOv11_core_HUMAN_mono_meme_format","last_modified":"Sat Jun 23 07:43:00 2018","loaded":401,"excluded":0}],"secondary_motifs":[{"db":0,"id":"2","alt":"MEME","len":21,"ltrim":0,"rtrim":0,"nsites":89,"evalue":"4.0e-035","pwm":[[0.000274186,0.505338,0.494114,0.000274186],[0.000274186,0.651241,0.348211,0.000274186],[0.134954,0.640017,0.14619,0.0788379],[0.000274186,0.516561,0.393104,0.0900613],[0.022721,0.696134,0.280871,0.000274186],[0.0451677,0.168637,0.640017,0.146177],[0.112508,0.864485,0.0227338,0.000274186],[0.000274186,0.21353,0.426774,0.359422],[0.000274186,0.875707,0.123744,0.000274186],[0.000274186,0.617571,0.38188,0.000274186],[0.0788379,0.539008,0.359434,0.022721],[0.0676145,0.527784,0.202307,0.202294],[0.000274186,0.393104,0.460444,0.146177],[0.0676145,0.539008,0.359434,0.0339444],[0.000274186,0.797145,0.14619,0.0563911],[0.022721,0.437997,0.303317,0.235964],[0.000274186,0.572678,0.359434,0.0676145],[0.112508,0.460444,0.348211,0.0788379],[0.000274186,0.550231,0.336988,0.112508],[0.0676145,0.673687,0.258424,0.000274186],[0.134954,0.539008,0.258424,0.0676145]]},{"db":0,"id":"3","alt":"MEME","len":30,"ltrim":0,"rtrim":0,"nsites":12,"evalue":"3.9e-015","pwm":[[0.167309,0.663271,0.00211322,0.167309],[0.00201901,0.580625,0.250047,0.167309],[0.91111,0.00211322,0.0847575,0.00201901],[0.00201901,0.0847575,0.911204,0.00201901],[0.580531,0.00211322,0.415337,0.00201901],[0.00201901,0.911204,0.00211322,0.0846633],[0.00201901,0.00211322,0.00211322,0.993755],[0.249953,0.00211322,0.663271,0.0846633],[0.167309,0.0847575,0.663271,0.0846633],[0.91111,0.00211322,0.00211322,0.0846633],[0.0846633,0.00211322,0.911204,0.00201901],[0.249953,0.00211322,0.0847575,0.663176],[0.00201901,0.00211322,0.828559,0.167309],[0.167309,0.828559,0.00211322,0.00201901],[0.828465,0.00211322,0.00211322,0.167309],[0.0846633,0.0847575,0.828559,0.00201901],[0.167309,0.00211322,0.00211322,0.828465],[0.00201901,0.00211322,0.911204,0.0846633],[0.167309,0.00211322,0.828559,0.00201901],[0.00201901,0.663271,0.00211322,0.332597],[0.415242,0.00211322,0.332691,0.249953],[0.00201901,0.497981,0.332691,0.167309],[0.249953,0.00211322,0.415337,0.332597],[0.415242,0.0847575,0.415337,0.0846633],[0.0846633,0.00211322,0.167403,0.745821],[0.00201901,0.580625,0.00211322,0.415242],[0.332597,0.00211322,0.0847575,0.580531],[0.00201901,0.663271,0.00211322,0.332597],[0.91111,0.00211322,0.0847575,0.00201901],[0.167309,0.167403,0.663271,0.00201901]]},{"db":0,"id":"4","alt":"MEME","len":29,"ltrim":0,"rtrim":0,"nsites":7,"evalue":"2.6e-013","pwm":[[0.00344085,0.00360141,0.848672,0.144286],[0.00344085,0.00360141,0.989517,0.00344085],[0.00344085,0.848672,0.144446,0.00344085],[0.566822,0.00360141,0.426136,0.00344085],[0.00344085,0.707827,0.00360141,0.285131],[0.425976,0.00360141,0.566982,0.00344085],[0.00344085,0.00360141,0.989517,0.00344085],[0.00344085,0.00360141,0.00360141,0.989356],[0.00344085,0.00360141,0.848672,0.144286],[0.144286,0.00360141,0.848672,0.00344085],[0.00344085,0.989517,0.00360141,0.00344085],[0.425976,0.00360141,0.00360141,0.566822],[0.00344085,0.566982,0.00360141,0.425976],[0.707666,0.00360141,0.285291,0.00344085],[0.00344085,0.707827,0.00360141,0.285131],[0.285131,0.00360141,0.707827,0.00344085],[0.00344085,0.989517,0.00360141,0.00344085],[0.00344085,0.989517,0.00360141,0.00344085],[0.00344085,0.144446,0.00360141,0.848511],[0.285131,0.00360141,0.707827,0.00344085],[0.00344085,0.00360141,0.00360141,0.989356],[0.989356,0.00360141,0.00360141,0.00344085],[0.848511,0.00360141,0.144446,0.00344085],[0.00344085,0.00360141,0.00360141,0.989356],[0.144286,0.707827,0.00360141,0.144286],[0.00344085,0.848672,0.00360141,0.144286],[0.00344085,0.989517,0.00360141,0.00344085],[0.989356,0.00360141,0.00360141,0.00344085],[0.144286,0.00360141,0.848672,0.00344085]]},{"db":0,"id":"7","alt":"MEME","len":30,"ltrim":0,"rtrim":0,"nsites":70,"evalue":"2.3e+001","pwm":[[0.0431444,0.200079,0.499651,0.257125],[0.0288787,0.342733,0.513917,0.114471],[0.114471,0.0859565,0.770693,0.0288787],[0.000348502,0.528182,0.399794,0.0716756],[0.228593,0.028895,0.685101,0.05741],[0.157267,0.22861,0.528182,0.0859402],[0.143002,0.128752,0.599509,0.128736],[0.285655,0.271407,0.371264,0.0716756],[0.100206,0.399794,0.371264,0.128736],[0.100206,0.399794,0.485386,0.0146141],[0.0146141,0.171549,0.670836,0.143002],[0.143002,0.0716919,0.613774,0.171533],[0.242859,0.143018,0.585243,0.0288787],[0.242859,0.22861,0.428324,0.100206],[0.185798,0.314202,0.356998,0.143002],[0.0859402,0.271407,0.456856,0.185798],[0.185798,0.299937,0.328467,0.185798],[0.0859402,0.214345,0.513917,0.185798],[0.143002,0.44259,0.41406,0.000348502],[0.157267,0.0859565,0.599509,0.157267],[0.0859402,0.185814,0.727896,0.000348502],[0.471105,0.271407,0.0716919,0.185798],[0.100206,0.0431606,0.842019,0.0146141],[0.000348502,0.257141,0.65657,0.0859402],[0.000348502,0.528182,0.328467,0.143002],[0.000348502,0.100222,0.670836,0.228593],[0.05741,0.22861,0.713632,0.000348502],[0.0859402,0.670836,0.214345,0.0288787],[0.200063,0.143018,0.456856,0.200063],[0.000348502,0.299937,0.699366,0.000348502]]},{"db":0,"id":"8","alt":"MEME","len":11,"ltrim":0,"rtrim":0,"nsites":70,"evalue":"8.2e-001","pwm":[[0.157267,0.000364765,0.842019,0.000348502],[0.143002,0.000364765,0.699366,0.157267],[0.0146141,0.328467,0.65657,0.000348502],[0.685084,0.000364765,0.0859565,0.228593],[0.285655,0.000364765,0.713632,0.000348502],[0.000348502,0.000364765,0.998938,0.000348502],[0.0431444,0.242875,0.713632,0.000348502],[0.371248,0.000364765,0.000364765,0.628023],[0.000348502,0.000364765,0.998938,0.000348502],[0.328451,0.000364765,0.670836,0.000348502],[0.157267,0.028895,0.813489,0.000348502]]},{"db":1,"id":"BTTCCB","alt":"DREME","len":6,"ltrim":0,"rtrim":0,"nsites":8580,"evalue":"7.5e-090","pwm":[[2.84729e-06,0.457224,0.241958,0.300815],[2.84729e-06,2.98015e-06,2.98015e-06,0.999991],[2.84729e-06,2.98015e-06,2.98015e-06,0.999991],[2.84729e-06,0.999991,2.98015e-06,2.84729e-06],[2.84729e-06,0.999991,2.98015e-06,2.84729e-06],[2.84729e-06,0.456408,0.175525,0.368064]]},{"db":2,"id":"CRX_HUMAN.H11MO.0.B","len":13,"ltrim":1,"rtrim":1,"nsites":500,"evalue":"1.0e+000","url":"http://hocomoco.autosome.ru/motif/CRX_HUMAN.H11MO.0.B","pwm":[[0.247999,0.164018,0.152021,0.435962],[0.533942,0.10403,0.261999,0.100029],[0.573934,0.0460419,0.275996,0.104028],[0.172014,0.0920327,0.565938,0.170015],[0.497949,0.164018,0.261999,0.0760337],[0.19201,0.00604993,0.775896,0.0260437],[0.0320425,0.0100491,0.935864,0.0220445],[0.763896,0.218008,0.0160479,0.00204845],[4.88502e-05,5.11298e-05,5.11298e-05,0.999849],[0.0220445,0.0580395,0.0240463,0.89587],[0.879873,0.00405033,0.0340443,0.0820325],[0.269995,0.0660379,0.525946,0.138021],[0.234002,0.323986,0.343982,0.0980293]]},{"db":2,"id":"E2F1_HUMAN.H11MO.0.A","len":14,"ltrim":4,"rtrim":2,"nsites":500,"evalue":"1.0e+000","url":"http://hocomoco.autosome.ru/motif/E2F1_HUMAN.H11MO.0.A","pwm":[[0.327983,0.160019,0.377976,0.134022],[0.236002,0.200011,0.451961,0.112026],[0.271994,0.210009,0.289993,0.228003],[0.190011,0.102031,0.465958,0.242],[0.0820325,0.200011,0.70391,0.0140461],[0.0180453,0.00604993,0.965858,0.0100469],[0.0560377,0.921867,0.00405033,0.0180453],[0.0160457,0.00804953,0.95786,0.0180453],[0.0220445,0.0820347,0.889873,0.00604765],[0.0680353,0.0340443,0.889873,0.00804725],[0.855878,0.0200471,0.0900331,0.0340421],[0.653918,0.0640383,0.271997,0.0100469],[0.399969,0.140023,0.365978,0.0940301],[0.271994,0.164018,0.395972,0.168015]]},{"db":2,"id":"E2F4_HUMAN.H11MO.0.A","len":13,"ltrim":0,"rtrim":2,"nsites":500,"evalue":"1.0e+000","url":"http://hocomoco.autosome.ru/motif/E2F4_HUMAN.H11MO.0.A","pwm":[[0.14602,0.258,0.50595,0.0900309],[0.277993,0.0960319,0.461959,0.164016],[0.244,0.100031,0.525946,0.130023],[0.100029,0.188014,0.695912,0.0160457],[0.00404805,0.0360439,0.95786,0.00204845],[0.0120465,0.973856,5.11298e-05,0.0140461],[0.0360417,0.00205073,0.945862,0.0160457],[0.00404805,0.0380435,0.949861,0.00804725],[0.0900309,0.0140483,0.893872,0.00204845],[0.715906,0.0220467,0.250001,0.0120465],[0.535942,0.200011,0.222007,0.0420405],[0.381972,0.188014,0.281995,0.148019],[0.253998,0.114028,0.30599,0.325984]]},{"db":2,"id":"E2F6_HUMAN.H11MO.0.A","len":13,"ltrim":1,"rtrim":2,"nsites":500,"evalue":"1.0e+000","url":"http://hocomoco.autosome.ru/motif/E2F6_HUMAN.H11MO.0.A","pwm":[[0.337981,0.148022,0.341983,0.172014],[0.261996,0.0340443,0.55594,0.148019],[0.154018,0.126026,0.699911,0.0200449],[0.0100469,0.0160479,0.963858,0.0100469],[0.214006,0.70791,0.0120487,0.0660357],[0.0400409,0.0180475,0.893872,0.0480393],[0.0240441,0.0480415,0.895872,0.0320425],[0.0720345,0.0440423,0.871877,0.0120465],[0.94186,0.0320447,0.0140483,0.0120465],[0.511946,0.0360439,0.435964,0.0160457],[0.383972,0.10803,0.437964,0.0700349],[0.277993,0.218008,0.377976,0.126024],[0.275994,0.162019,0.425966,0.136022]]},{"db":2,"id":"E2F7_HUMAN.H11MO.0.B","len":13,"ltrim":0,"rtrim":3,"nsites":500,"evalue":"1.0e+000","url":"http://hocomoco.autosome.ru/motif/E2F7_HUMAN.H11MO.0.B","pwm":[[0.19601,0.148022,0.529945,0.126024],[0.337981,0.0320447,0.415968,0.214006],[0.14202,0.0820347,0.771897,0.00404805],[0.0440401,0.00405033,0.941863,0.0100469],[0.0840321,0.85388,0.00405033,0.0580373],[0.140021,0.0160479,0.813888,0.0300429],[0.0220445,0.0120487,0.95786,0.00804725],[0.204008,0.00604993,0.775896,0.0140461],[0.713906,0.00405033,0.275996,0.00604765],[0.603928,0.138024,0.240003,0.0180453],[0.427963,0.192013,0.224006,0.156018],[0.34398,0.0860339,0.35598,0.214006],[0.259997,0.152021,0.485954,0.102028]]},{"db":2,"id":"EGR1_HUMAN.H11MO.0.A","len":17,"ltrim":4,"rtrim":1,"nsites":500,"evalue":"1.0e+000","url":"http://hocomoco.autosome.ru/motif/EGR1_HUMAN.H11MO.0.A","pwm":[[0.232002,0.248002,0.409969,0.110027],[0.319985,0.128026,0.317988,0.234002],[0.277993,0.180015,0.459959,0.0820325],[0.236002,0.112029,0.35398,0.297989],[0.112026,0.0300451,0.80789,0.0500389],[0.236002,0.50595,0.0460419,0.212006],[0.0560377,0.0340443,0.869877,0.0400409],[0.0320425,0.00405033,0.409969,0.553938],[0.0920305,0.00205073,0.891873,0.0140461],[0.0160457,0.00405033,0.95786,0.0220445],[0.0240441,0.0320447,0.929865,0.0140461],[0.220005,0.475956,0.00405033,0.299989],[0.0880313,0.0100491,0.841883,0.0600369],[0.110027,0.0220467,0.695912,0.172014],[0.337981,0.128026,0.40597,0.128023],[0.311986,0.0820347,0.45596,0.150019],[0.263996,0.182015,0.435964,0.118025]]},{"db":2,"id":"EGR2_HUMAN.H11MO.0.A","len":18,"ltrim":0,"rtrim":0,"nsites":500,"evalue":"1.0e+000","url":"http://hocomoco.autosome.ru/motif/EGR2_HUMAN.H11MO.0.A","pwm":[[0.216006,0.0740363,0.611929,0.0980293],[0.29399,0.0960319,0.411969,0.198009],[0.228003,0.0740363,0.621927,0.0760337],[0.253998,0.0680375,0.501951,0.176014],[0.319985,0.10403,0.50595,0.0700349],[0.150019,0.10403,0.449961,0.29599],[0.0760337,0.102031,0.765898,0.0560377],[0.369975,0.190013,0.0440423,0.39597],[0.0340421,0.0220467,0.929865,0.0140461],[0.0400409,0.0120487,0.461959,0.485952],[0.182012,0.00604993,0.793892,0.0180453],[0.0360417,0.0140483,0.889873,0.0600369],[0.0240441,0.0400431,0.915868,0.0200449],[0.349979,0.281995,0.0220467,0.34598],[0.0580373,0.00604993,0.873876,0.0620365],[0.0760337,0.0340443,0.781895,0.108027],[0.34198,0.0740363,0.501951,0.0820325],[0.253998,0.0480415,0.561939,0.136022]]},{"db":2,"id":"ERG_HUMAN.H11MO.0.A","len":13,"ltrim":1,"rtrim":0,"nsites":500,"evalue":"1.0e+000","url":"http://hocomoco.autosome.ru/motif/ERG_HUMAN.H11MO.0.A","pwm":[[0.337981,0.152021,0.359979,0.150019],[0.307987,0.15602,0.45796,0.0780333],[0.435962,0.0520407,0.45596,0.0560377],[0.102028,0.559939,0.333984,0.00404805],[0.865876,0.116028,0.0160479,0.00204845],[0.00404805,0.00405033,0.985854,0.00604765],[0.00604765,0.00405033,0.989853,4.88502e-05],[0.975854,0.0100491,0.0100491,0.00404805],[0.935862,0.00205073,0.0220467,0.0400409],[0.204008,0.0160479,0.777896,0.00204845],[0.102028,0.309989,0.174016,0.413966],[0.224004,0.160019,0.513948,0.102028],[0.261996,0.134024,0.539943,0.0640361]]},{"db":2,"id":"FLI1_HUMAN.H11MO.0.A","len":18,"ltrim":2,"rtrim":1,"nsites":497,"evalue":"1.0e+000","url":"http://hocomoco.autosome.ru/motif/FLI1_HUMAN.H11MO.0.A","pwm":[[0.209263,0.22737,0.440607,0.122761],[0.315881,0.148915,0.43256,0.102644],[0.446639,0.0865531,0.374222,0.0925859],[0.201216,0.0543665,0.653843,0.0905742],[0.299788,0.0362615,0.635738,0.0282125],[0.422499,0.388303,0.183113,0.00608415],[0.915358,0.0342498,0.0402848,0.0101075],[0.00407248,0.00407477,0.981745,0.0101075],[0.00206081,0.0121214,0.985769,4.9145e-05],[0.937486,0.0181564,0.0443081,4.9145e-05],[0.957603,0.00206311,0.0262031,0.0141308],[0.146901,0.0282148,0.822824,0.00206081],[0.134831,0.171043,0.500957,0.193169],[0.410429,0.124775,0.402385,0.0624108],[0.394336,0.0764948,0.474805,0.0543642],[0.301799,0.120751,0.509003,0.0684458],[0.241449,0.150927,0.52912,0.0785042],[0.388301,0.13081,0.364163,0.116726]]},{"db":2,"id":"KLF12_HUMAN.H11MO.0.C","len":11,"ltrim":1,"rtrim":0,"nsites":452,"evalue":"1.0e+000","url":"http://hocomoco.autosome.ru/motif/KLF12_HUMAN.H11MO.0.C","pwm":[[0.378289,0.342901,0.194704,0.0841062],[0.247787,0.0310232,0.581786,0.139404],[0.0641991,5.65583e-05,0.931266,0.00447784],[5.40367e-05,0.00226846,0.995412,0.00226594],[5.40367e-05,5.65583e-05,0.999835,5.40367e-05],[0.0907419,0.878181,0.00226846,0.0288087],[0.022173,0.00226846,0.960021,0.0155373],[0.00447784,0.00890416,0.791917,0.194701],[0.0973776,5.65583e-05,0.862698,0.0398682],[0.0133254,0.00669226,0.964445,0.0155373],[0.130556,0.800764,0.0288113,0.0398682]]},{"db":2,"id":"KLF15_HUMAN.H11MO.0.A","len":19,"ltrim":0,"rtrim":0,"nsites":479,"evalue":"1.0e+000","url":"http://hocomoco.autosome.ru/motif/KLF15_HUMAN.H11MO.0.A","pwm":[[0.311051,0.0355366,0.542738,0.110675],[0.25887,0.0125769,0.695107,0.0334469],[5.09914e-05,0.00214062,0.997757,5.09914e-05],[0.016749,0.00631511,0.974798,0.00213824],[0.536473,0.354885,5.33709e-05,0.108588],[0.0689301,0.00631511,0.918442,0.00631273],[0.0125745,0.0146641,0.885046,0.0877154],[0.492641,0.0313621,0.423764,0.0522322],[0.116937,0.00631511,0.868348,0.00839998],[0.313138,0.344449,0.29853,0.0438832],[0.344447,0.160771,0.286006,0.208776],[0.233823,0.0438856,0.582395,0.139897],[0.150333,0.0209258,0.797382,0.0313597],[0.185816,0.0313621,0.770247,0.0125745],[0.256782,0.133637,0.576134,0.0334469],[0.177467,0.104416,0.665885,0.0522322],[0.277655,0.129463,0.446724,0.146158],[0.0877154,0.0939795,0.743113,0.0751919],[0.183729,0.0167513,0.73059,0.0689301]]},{"db":2,"id":"KLF1_HUMAN.H11MO.0.A","len":14,"ltrim":0,"rtrim":0,"nsites":489,"evalue":"1.0e+000","url":"http://hocomoco.autosome.ru/motif/KLF1_HUMAN.H11MO.0.A","pwm":[[0.339449,0.0327654,0.386476,0.241309],[0.00413909,0.00209685,0.989625,0.00413909],[0.00209452,0.00414142,0.98758,0.00618366],[4.99489e-05,5.22797e-05,0.997803,0.00209452],[0.0920557,0.527552,5.22797e-05,0.38034],[0.014362,5.22797e-05,0.977358,0.00822824],[0.0245848,0.0102751,0.53573,0.42941],[0.0388968,0.00414142,0.903753,0.0532088],[0.0245848,0.0225426,0.862862,0.0900111],[0.0613871,0.684984,0.167707,0.085922],[0.167705,0.458036,0.0941026,0.280156],[0.14317,0.198376,0.472348,0.186106],[0.104323,0.202465,0.529596,0.163616],[0.112501,0.161573,0.623647,0.102279]]},{"db":2,"id":"KLF3_HUMAN.H11MO.0.B","len":19,"ltrim":3,"rtrim":1,"nsites":498,"evalue":"1.0e+000","url":"http://hocomoco.autosome.ru/motif/KLF3_HUMAN.H11MO.0.B","pwm":[[0.212858,0.188768,0.471844,0.12653],[0.226911,0.222898,0.461806,0.0883847],[0.259033,0.204829,0.423661,0.112476],[0.24498,0.186761,0.495936,0.0723237],[0.327293,0.24699,0.315249,0.110469],[0.345361,0.0442192,0.359417,0.251003],[0.0341787,5.13351e-05,0.965721,4.90464e-05],[0.00607193,5.13351e-05,0.99182,0.00205668],[0.0040643,0.00808185,0.985797,0.00205668],[0.0863771,0.642493,5.13351e-05,0.271079],[0.00807956,0.00607422,0.981782,0.0040643],[0.0040643,0.0261505,0.724805,0.24498],[0.184751,0.01812,0.75492,0.0422093],[0.0763389,0.0100895,0.843256,0.0703161],[0.0843695,0.618401,0.148616,0.148614],[0.182743,0.381501,0.162669,0.273087],[0.130545,0.204829,0.495936,0.16869],[0.0924,0.242974,0.530065,0.13456],[0.160659,0.218883,0.481882,0.138575]]},{"db":2,"id":"KLF4_HUMAN.H11MO.0.A","len":10,"ltrim":0,"rtrim":0,"nsites":500,"evalue":"1.0e+000","url":"http://hocomoco.autosome.ru/motif/KLF4_HUMAN.H11MO.0.A","pwm":[[0.419965,0.0200471,0.20401,0.355978],[0.00804725,5.11298e-05,0.987854,0.00404805],[0.00204845,5.11298e-05,0.991853,0.00604765],[0.0120465,0.00405033,0.977856,0.00604765],[0.0260437,0.443962,0.00405033,0.525944],[0.00404805,0.00405033,0.991853,4.88502e-05],[0.00404805,0.00405033,0.437964,0.553938],[0.0500389,0.0160479,0.885874,0.0480393],[0.0140461,0.0380435,0.881875,0.0660357],[0.0540381,0.627926,0.0680375,0.249999]]},{"db":2,"id":"KLF5_HUMAN.H11MO.0.A","len":14,"ltrim":0,"rtrim":2,"nsites":500,"evalue":"1.0e+000","url":"http://hocomoco.autosome.ru/motif/KLF5_HUMAN.H11MO.0.A","pwm":[[0.421964,0.0340443,0.20401,0.339981],[0.0460397,0.00405033,0.943862,0.00604765],[0.00804725,0.00804953,0.967858,0.0160457],[0.0240441,0.0360439,0.929865,0.0100469],[0.178013,0.184014,0.00804953,0.629923],[0.0460397,0.00205073,0.941863,0.0100469],[0.0400409,0.0100491,0.543942,0.405968],[0.0160457,5.11298e-05,0.963858,0.0200449],[0.0500389,0.0300451,0.829885,0.0900309],[0.106028,0.633924,0.110029,0.150019],[0.247999,0.182015,0.192013,0.377973],[0.104028,0.136024,0.60593,0.154018],[0.154018,0.124026,0.501951,0.220005],[0.148019,0.210009,0.493952,0.148019]]},{"db":2,"id":"KLF6_HUMAN.H11MO.0.A","len":19,"ltrim":1,"rtrim":0,"nsites":496,"evalue":"1.0e+000","url":"http://hocomoco.autosome.ru/motif/KLF6_HUMAN.H11MO.0.A","pwm":[[0.15526,0.185498,0.510029,0.149213],[0.221779,0.247985,0.479794,0.0504423],[0.445524,0.189529,0.280237,0.0847096],[0.459634,0.018193,0.368929,0.153244],[0.0484266,0.00609871,0.814403,0.131071],[0.0242379,5.1542e-05,0.955504,0.0202065],[0.0443951,0.0524603,0.891001,0.0121436],[0.260077,0.457621,5.1542e-05,0.28225],[0.116961,0.00609871,0.854718,0.0222222],[0.0282694,0.0222245,0.689429,0.260077],[0.209684,0.0645547,0.683382,0.0423794],[0.0867253,0.0302874,0.836576,0.0464109],[0.229842,0.453589,0.207671,0.108898],[0.294345,0.318536,0.137121,0.249999],[0.0625366,0.157278,0.522124,0.258062],[0.147197,0.127042,0.6088,0.116961],[0.161307,0.171388,0.602753,0.0645524],[0.348769,0.110916,0.433432,0.106883],[0.258062,0.233875,0.455605,0.052458]]},{"db":2,"id":"KLF9_HUMAN.H11MO.0.C","len":15,"ltrim":0,"rtrim":0,"nsites":256,"evalue":"1.0e+000","url":"http://hocomoco.autosome.ru/motif/KLF9_HUMAN.H11MO.0.C","pwm":[[0.062571,0.187527,0.63657,0.113332],[0.257807,0.187527,0.460857,0.0938088],[0.4999,0.136765,0.265621,0.0977135],[0.160189,0.011814,0.800568,0.0274285],[0.0430474,0.00400457,0.632665,0.320283],[0.0157143,9.98438e-05,0.98409,9.53924e-05],[9.53924e-05,0.00400457,0.980186,0.0157143],[9.53924e-05,0.00790929,0.9919,9.53924e-05],[0.00790484,0.757616,0.00400457,0.230474],[9.53924e-05,9.98438e-05,0.999709,9.53924e-05],[0.00400012,0.0157187,0.261716,0.718565],[0.00400012,0.00400457,0.976281,0.0157143],[0.0508568,0.117242,0.671712,0.160189],[0.0157143,0.84352,0.0313376,0.109428],[0.128951,0.523333,0.203146,0.14457]]},{"db":2,"id":"MAZ_HUMAN.H11MO.0.A","len":22,"ltrim":1,"rtrim":0,"nsites":500,"evalue":"1.0e+000","url":"http://hocomoco.autosome.ru/motif/MAZ_HUMAN.H11MO.0.A","pwm":[[0.216006,0.144022,0.50395,0.136022],[0.283992,0.0240463,0.651921,0.0400409],[0.301988,0.0120487,0.673916,0.0120465],[0.0820325,0.0180475,0.865878,0.0340421],[0.0520385,0.112029,0.825886,0.0100469],[0.647919,0.0880335,0.0260459,0.238001],[0.0540381,0.0100491,0.90587,0.0300429],[0.114026,0.0200471,0.851881,0.0140461],[0.265996,0.0340443,0.665918,0.0340421],[0.271994,0.00804953,0.679915,0.0400409],[0.114026,0.202011,0.65592,0.0280433],[0.317985,0.134024,0.331985,0.216006],[0.174014,0.0400431,0.697912,0.0880313],[0.333982,0.0540403,0.55394,0.0580373],[0.190011,0.120027,0.647922,0.0420405],[0.365976,0.0780355,0.511949,0.0440401],[0.299989,0.0720367,0.569937,0.0580373],[0.329983,0.134024,0.45596,0.0800329],[0.259997,0.0620387,0.55594,0.122024],[0.273994,0.20401,0.445962,0.0760337],[0.355978,0.10603,0.429965,0.108027],[0.273994,0.0980315,0.561939,0.0660357]]},{"db":2,"id":"MZF1_HUMAN.H11MO.0.B","len":13,"ltrim":1,"rtrim":1,"nsites":500,"evalue":"1.0e+000","url":"http://hocomoco.autosome.ru/motif/MZF1_HUMAN.H11MO.0.B","pwm":[[0.365976,0.134024,0.377976,0.122024],[0.34398,0.110029,0.463958,0.0820325],[0.44596,0.0360439,0.246002,0.271994],[0.383972,5.11298e-05,0.609929,0.00604765],[0.0120465,0.00405033,0.85388,0.130023],[0.0220445,5.11298e-05,0.973856,0.00404805],[0.00604765,0.00604993,0.983854,0.00404805],[0.987851,0.00405033,0.00405033,0.00404805],[0.405968,0.0100491,0.10603,0.477953],[0.0520385,0.144022,0.259999,0.54394],[0.184012,0.140023,0.375976,0.299989],[0.29199,0.114028,0.477956,0.116026],[0.347979,0.172017,0.359979,0.120025]]},{"db":2,"id":"NFYA_HUMAN.H11MO.0.A","len":14,"ltrim":1,"rtrim":0,"nsites":500,"evalue":"1.0e+000","url":"http://hocomoco.autosome.ru/motif/NFYA_HUMAN.H11MO.0.A","pwm":[[0.122024,0.323986,0.210009,0.34398],[0.0900309,0.409969,0.122027,0.377973],[0.503948,0.100031,0.351981,0.0440401],[0.375974,0.0140483,0.489953,0.120025],[0.00604765,0.989853,5.11298e-05,0.00404805],[0.00404805,0.985854,0.00205073,0.00804725],[0.999849,5.11298e-05,5.11298e-05,4.88502e-05],[0.967855,0.0120487,0.0180475,0.00204845],[0.00404805,0.0200471,0.00405033,0.971854],[0.14402,0.55394,0.258,0.0440401],[0.673914,0.0520407,0.261999,0.0120465],[0.234002,0.178016,0.521947,0.0660357],[0.579933,0.212009,0.140023,0.0680353],[0.459957,0.0300451,0.395972,0.114026]]},{"db":2,"id":"NFYB_HUMAN.H11MO.0.A","len":13,"ltrim":1,"rtrim":1,"nsites":1148,"evalue":"1.0e+000","url":"http://hocomoco.autosome.ru/motif/NFYB_HUMAN.H11MO.0.A","pwm":[[0.125909,0.462369,0.160607,0.251115],[0.574778,0.0397385,0.358957,0.0265266],[0.296024,0.0467864,0.569414,0.087776],[0.000717652,0.993277,0.0048125,0.00119251],[0.0012023,0.991518,0.00596333,0.00131673],[0.993037,0.00639854,2.22716e-05,0.000542641],[0.98865,0.00818523,0.00306722,9.77695e-05],[0.00387403,0.00462825,0.00591451,0.985583],[0.051939,0.571879,0.334876,0.0413053],[0.64617,0.0457623,0.296371,0.0116964],[0.121653,0.169222,0.658034,0.0510902],[0.447774,0.294587,0.202673,0.0549661],[0.311886,0.106436,0.44413,0.137547]]},{"db":2,"id":"PATZ1_HUMAN.H11MO.0.C","len":22,"ltrim":0,"rtrim":1,"nsites":491,"evalue":"1.0e+000","url":"http://hocomoco.autosome.ru/motif/PATZ1_HUMAN.H11MO.0.C","pwm":[[0.234218,0.0916831,0.560019,0.114079],[0.136478,0.0265233,0.639433,0.197566],[0.142587,0.0835381,0.682194,0.0916808],[0.0407746,0.0855744,0.841021,0.0326297],[0.458205,0.287163,0.13648,0.118152],[0.244399,0.0611394,0.623143,0.0713183],[0.142587,0.0305957,0.706629,0.120188],[0.215892,0.0652119,0.692375,0.0265209],[0.126297,0.016342,0.84713,0.010231],[0.211819,0.118154,0.614998,0.0550284],[0.41748,0.557983,0.00819705,0.0163397],[0.0794633,0.0285595,0.553911,0.338066],[0.0285572,0.142589,0.76568,0.0631733],[0.160913,0.160915,0.606853,0.0713183],[0.327885,0.0631757,0.578346,0.0305934],[0.291233,0.191459,0.49486,0.0224484],[0.240327,0.240329,0.34825,0.171094],[0.158877,0.0753931,0.576309,0.189421],[0.128333,0.0570669,0.773825,0.0407746],[0.413408,0.21793,0.313634,0.0550284],[0.317704,0.0143058,0.623143,0.0448471],[0.138514,0.203677,0.488751,0.169058]]},{"db":2,"id":"SALL4_HUMAN.H11MO.0.B","len":10,"ltrim":2,"rtrim":0,"nsites":500,"evalue":"1.0e+000","url":"http://hocomoco.autosome.ru/motif/SALL4_HUMAN.H11MO.0.B","pwm":[[0.180013,0.138024,0.513948,0.168015],[0.134022,0.258,0.477956,0.130023],[0.359977,0.00604993,0.343982,0.289991],[0.0120465,0.00205073,0.971857,0.0140461],[0.00204845,0.00405033,0.981855,0.0120465],[0.0200449,0.162019,0.80389,0.0140461],[0.373974,0.0300451,0.0100491,0.585932],[0.00604765,0.00205073,0.987854,0.00404805],[0.0980293,0.0160479,0.659919,0.226004],[0.118025,0.0240463,0.813888,0.0440401]]},{"db":2,"id":"SP1_HUMAN.H11MO.0.A","len":22,"ltrim":1,"rtrim":0,"nsites":499,"evalue":"1.0e+000","url":"http://hocomoco.autosome.ru/motif/SP1_HUMAN.H11MO.0.A","pwm":[[0.314615,0.206423,0.33265,0.146312],[0.192395,0.100232,0.669256,0.0381175],[0.0441283,0.00806566,0.809508,0.138298],[0.0581535,0.00806566,0.933732,4.89481e-05],[4.89481e-05,0.00806566,0.991836,4.89481e-05],[0.00405616,5.12322e-05,0.995844,4.89481e-05],[0.0321067,0.953768,0.00405845,0.010067],[0.010067,5.12322e-05,0.987829,0.00205255],[0.00205255,0.00806566,0.925717,0.0641644],[0.066168,0.00205484,0.915699,0.0160778],[0.0180814,0.0301053,0.911692,0.0401211],[0.0601571,0.867613,0.0140765,0.0581535],[0.0581535,0.595122,0.190394,0.15633],[0.144309,0.112253,0.462884,0.280554],[0.0821968,0.176369,0.705321,0.0361139],[0.114255,0.166351,0.681277,0.0381175],[0.160337,0.196405,0.575086,0.0681716],[0.0882076,0.266531,0.587108,0.0581535],[0.120265,0.23247,0.581097,0.066168],[0.118262,0.144311,0.629184,0.108244],[0.120265,0.120268,0.705321,0.0541463],[0.168352,0.186387,0.609148,0.0361139]]},{"db":2,"id":"SP2_HUMAN.H11MO.0.A","len":22,"ltrim":0,"rtrim":0,"nsites":499,"evalue":"1.0e+000","url":"http://hocomoco.autosome.ru/motif/SP2_HUMAN.H11MO.0.A","pwm":[[0.128529,0.250151,0.569031,0.0522883],[0.180003,0.246123,0.522891,0.0509837],[0.150764,0.282174,0.504602,0.0624596],[0.154521,0.318674,0.42054,0.106265],[0.287963,0.222106,0.384327,0.105604],[0.175217,0.100132,0.656764,0.0678868],[0.140024,0.0557876,0.706025,0.0981634],[0.296015,0.0549119,0.630411,0.0186621],[0.0378346,0.00429103,0.918472,0.0394025],[0.0122171,0.0208881,0.956786,0.0101084],[0.0434612,0.889614,0.0128518,0.0540727],[0.0324001,0.01642,0.90017,0.0510097],[0.0125951,0.0201768,0.934454,0.0327743],[0.0993402,0.0869196,0.785943,0.0277973],[0.220792,0.17759,0.58164,0.019977],[0.103853,0.604626,0.218657,0.0728636],[0.050096,0.508074,0.233442,0.208388],[0.201317,0.190205,0.392565,0.215912],[0.129685,0.236981,0.526477,0.106857],[0.182029,0.25794,0.465997,0.0940346],[0.150531,0.185505,0.589239,0.074726],[0.122747,0.326352,0.494872,0.0560289]]},{"db":2,"id":"SP3_HUMAN.H11MO.0.B","len":20,"ltrim":4,"rtrim":5,"nsites":415,"evalue":"1.0e+000","url":"http://hocomoco.autosome.ru/motif/SP3_HUMAN.H11MO.0.B","pwm":[[0.207614,0.226438,0.41856,0.147388],[0.175619,0.218382,0.474797,0.131202],[0.228016,0.220039,0.438962,0.112983],[0.276197,0.219286,0.389275,0.115242],[0.171855,0.199712,0.554597,0.0738363],[0.120813,0.0750435,0.638161,0.165983],[0.13858,0.00247066,0.854675,0.0042747],[0.00246791,0.0103001,0.977236,0.00999622],[0.00969509,0.0196352,0.966094,0.00457584],[0.23449,0.627471,0.0506518,0.0873872],[0.0444759,0.0343907,0.890058,0.0310755],[0.00728603,0.0148171,0.871538,0.106359],[0.189471,0.0349929,0.719165,0.0563706],[0.0952166,0.133162,0.734523,0.0370981],[0.114188,0.553844,0.239161,0.0928076],[0.11208,0.367142,0.315498,0.20528],[0.257527,0.133011,0.449803,0.159659],[0.200613,0.167491,0.515751,0.116145],[0.163875,0.265058,0.455524,0.115543],[0.182093,0.241871,0.449803,0.126233]]},{"db":2,"id":"SP4_HUMAN.H11MO.0.A","len":20,"ltrim":2,"rtrim":1,"nsites":499,"evalue":"1.0e+000","url":"http://hocomoco.autosome.ru/motif/SP4_HUMAN.H11MO.0.A","pwm":[[0.222449,0.248498,0.45487,0.0741824],[0.266529,0.148318,0.462884,0.122269],[0.140301,0.180376,0.60514,0.0741824],[0.404777,0.250502,0.248498,0.0962221],[0.526997,0.112253,0.224455,0.136294],[0.346673,0.0260981,0.549039,0.0781896],[0.230464,0.0180837,0.637198,0.114255],[0.342666,0.0200873,0.615158,0.0220886],[0.0681716,0.0120729,0.901674,0.0180814],[0.0361139,0.00405845,0.935735,0.0240922],[0.124273,0.769436,0.0100693,0.0962221],[0.0561499,0.0160801,0.855591,0.0721788],[0.0541463,0.0180837,0.861602,0.066168],[0.352684,0.0301053,0.567072,0.0501391],[0.214435,0.0100693,0.747396,0.0280994],[0.198406,0.597126,0.142307,0.0621607],[0.248496,0.414798,0.124275,0.212431],[0.326637,0.0781919,0.364708,0.230464],[0.302594,0.112253,0.498949,0.086204],[0.332648,0.142307,0.430827,0.0942185]]},{"db":2,"id":"TAF1_HUMAN.H11MO.0.A","len":16,"ltrim":0,"rtrim":0,"nsites":500,"evalue":"1.0e+000","url":"http://hocomoco.autosome.ru/motif/TAF1_HUMAN.H11MO.0.A","pwm":[[0.505948,0.0580395,0.40597,0.0300429],[0.751898,0.0460419,0.15602,0.0460397],[0.423964,0.0560399,0.511949,0.00804725],[0.529943,0.0960319,0.359979,0.0140461],[0.349979,0.172017,0.0340443,0.44396],[0.0900309,0.0320447,0.837884,0.0400409],[0.0180453,0.0140483,0.95786,0.0100469],[0.323984,0.651921,0.00804953,0.0160457],[0.232002,0.0560399,0.621927,0.0900309],[0.0700349,0.0640383,0.831885,0.0340421],[0.281992,0.539943,0.0600391,0.118025],[0.180013,0.0640383,0.643922,0.112026],[0.158017,0.166018,0.631925,0.0440401],[0.301988,0.411969,0.188014,0.0980293],[0.190011,0.146022,0.525946,0.138021],[0.271994,0.138024,0.527946,0.0620365]]},{"db":2,"id":"TFDP1_HUMAN.H11MO.0.C","len":14,"ltrim":1,"rtrim":2,"nsites":500,"evalue":"1.0e+000","url":"http://hocomoco.autosome.ru/motif/TFDP1_HUMAN.H11MO.0.C","pwm":[[0.351978,0.140023,0.397972,0.110027],[0.267995,0.128026,0.517948,0.0860317],[0.329983,0.110029,0.415968,0.14402],[0.321984,0.0780355,0.427966,0.172014],[0.0960297,0.114028,0.781895,0.00804725],[0.0320425,0.0100491,0.943862,0.0140461],[0.0740341,0.873876,0.0140483,0.0380413],[0.0460397,0.0160479,0.90387,0.0340421],[0.00804725,0.0460419,0.937864,0.00804725],[0.0780333,0.0320447,0.877876,0.0120465],[0.831882,0.0200471,0.130025,0.0180453],[0.631922,0.188014,0.15802,0.0220445],[0.479953,0.118028,0.254,0.148019],[0.309987,0.180015,0.281995,0.228003]]},{"db":2,"id":"VEZF1_HUMAN.H11MO.0.C","len":22,"ltrim":0,"rtrim":0,"nsites":500,"evalue":"1.0e+000","url":"http://hocomoco.autosome.ru/motif/VEZF1_HUMAN.H11MO.0.C","pwm":[[0.230003,0.0880335,0.543942,0.138021],[0.212006,0.10803,0.635924,0.0440401],[0.29599,0.0620387,0.547942,0.0940301],[0.305988,0.0760359,0.543942,0.0740341],[0.505948,0.0880335,0.349981,0.0560377],[0.34198,0.0600391,0.499951,0.0980293],[0.19401,0.112029,0.643922,0.0500389],[0.263996,0.112029,0.497952,0.126024],[0.29599,0.0640383,0.583934,0.0560377],[0.0580373,0.0120487,0.859879,0.0700349],[0.0180453,0.118028,0.829885,0.0340421],[0.821884,0.0860339,0.0120487,0.0800329],[0.247999,0.0260459,0.70391,0.0220445],[0.206008,0.0800351,0.669917,0.0440401],[0.273994,0.0460419,0.583934,0.0960297],[0.210007,0.0320447,0.645922,0.112026],[0.150019,0.124026,0.671917,0.0540381],[0.463956,0.182015,0.271997,0.0820325],[0.212006,0.0980315,0.567938,0.122024],[0.381972,0.0220467,0.541943,0.0540381],[0.307987,0.0660379,0.55794,0.0680353],[0.335982,0.0420427,0.523946,0.0980293]]},{"db":2,"id":"WT1_HUMAN.H11MO.0.C","len":20,"ltrim":0,"rtrim":0,"nsites":500,"evalue":"1.0e+000","url":"http://hocomoco.autosome.ru/motif/WT1_HUMAN.H11MO.0.C","pwm":[[0.311986,0.102031,0.513948,0.0720345],[0.210007,0.160019,0.559939,0.0700349],[0.0880313,0.112029,0.761899,0.0380413],[0.273994,0.30399,0.275996,0.14602],[0.0980293,0.0840343,0.80389,0.0140461],[0.289991,0.0520407,0.595932,0.0620365],[0.251998,0.0260459,0.713908,0.00804725],[0.00604765,0.0260459,0.95586,0.0120465],[0.0120465,0.0160479,0.971857,4.88502e-05],[0.825884,0.148022,0.00405033,0.0220445],[0.0120465,0.00804953,0.969857,0.0100469],[0.0360417,0.0120487,0.90787,0.0440401],[0.475954,0.100031,0.385974,0.0380413],[0.238001,0.0360439,0.713908,0.0120465],[0.242,0.186014,0.515948,0.0560377],[0.305988,0.214008,0.387974,0.0920305],[0.120025,0.0680375,0.751901,0.0600369],[0.19401,0.0940323,0.673916,0.0380413],[0.369975,0.10803,0.471957,0.0500389],[0.214006,0.0800351,0.679915,0.0260437]]},{"db":2,"id":"ZBT17_HUMAN.H11MO.0.A","len":19,"ltrim":2,"rtrim":0,"nsites":500,"evalue":"1.0e+000","url":"http://hocomoco.autosome.ru/motif/ZBT17_HUMAN.H11MO.0.A","pwm":[[0.184012,0.238004,0.435964,0.14202],[0.387971,0.15602,0.299991,0.156018],[0.279993,0.0540403,0.539943,0.126024],[0.212006,0.0800351,0.609929,0.0980293],[0.200009,0.136024,0.571937,0.0920305],[0.319985,0.128026,0.0940323,0.457957],[0.140021,0.0400431,0.811889,0.00804725],[0.204008,0.0260459,0.679915,0.0900309],[0.238001,0.0340443,0.683914,0.0440401],[0.152018,0.00604993,0.789893,0.0520385],[0.0720345,0.0740363,0.849881,0.00404805],[0.69591,0.200011,0.00205073,0.102028],[0.198009,0.0320447,0.537944,0.232002],[0.0520385,0.0160479,0.885874,0.0460397],[0.232002,0.0220467,0.725906,0.0200449],[0.255998,0.00804953,0.709909,0.0260437],[0.527943,0.275996,0.136024,0.0600369],[0.419965,0.0620387,0.331985,0.186012],[0.257997,0.114028,0.50795,0.120025]]},{"db":2,"id":"ZIC1_HUMAN.H11MO.0.B","len":9,"ltrim":0,"rtrim":1,"nsites":33,"evalue":"1.0e+000","url":"http://hocomoco.autosome.ru/motif/ZIC1_HUMAN.H11MO.0.B","pwm":[[0.0478266,0.132296,0.518747,0.301131],[0.0884202,0.0592273,0.851614,0.000738067],[0.000738067,0.0299999,0.939297,0.0299655],[0.000738067,0.0592273,0.939297,0.000738067],[0.299507,0.0299999,0.176137,0.494356],[0.117648,0.000772507,0.763932,0.117648],[0.0591929,0.234592,0.705477,0.000738067],[0.0332129,0.0884547,0.267067,0.611266],[0.215884,0.443243,0.274373,0.0664997]]},{"db":2,"id":"ZN250_HUMAN.H11MO.0.C","len":20,"ltrim":0,"rtrim":0,"nsites":360,"evalue":"1.0e+000","url":"http://hocomoco.autosome.ru/motif/ZN250_HUMAN.H11MO.0.C","pwm":[[0.0167299,0.0500571,0.0361721,0.897041],[0.785961,0.00284801,0.18613,0.0250609],[0.0278379,0.941476,0.00562502,0.0250609],[6.78423e-05,0.983131,0.00284801,0.0139529],[0.947027,0.00284801,0.0278411,0.0222839],[0.00562186,0.222232,0.011179,0.760968],[0.419396,0.00284801,0.569357,0.00839886],[0.00284485,0.941476,0.00284801,0.052831],[0.0222839,0.013956,0.013956,0.949804],[0.0389459,0.00840203,0.949807,0.00284485],[0.00284485,0.0278411,0.00284801,0.966466],[0.00562186,0.0278411,0.00840203,0.958135],[0.00562186,0.0278411,7.1008e-05,0.966466],[0.00562186,0.00840203,0.0278411,0.958135],[0.066716,0.013956,0.910929,0.00839886],[0.522145,0.016733,0.413845,0.047277],[0.00562186,0.0278411,7.1008e-05,0.966466],[0.0306149,0.0333951,0.0639422,0.872048],[0.955358,0.0195101,0.011179,0.0139529],[0.00562186,0.872051,0.0278411,0.0944861]]},{"db":2,"id":"ZN263_HUMAN.H11MO.0.A","len":20,"ltrim":0,"rtrim":0,"nsites":499,"evalue":"1.0e+000","url":"http://hocomoco.autosome.ru/motif/ZN263_HUMAN.H11MO.0.A","pwm":[[0.202413,0.0341125,0.711332,0.0521427],[0.0240922,0.0200873,0.919707,0.0361139],[0.0180814,0.0220909,0.957775,0.00205255],[0.98382,0.0140765,5.12322e-05,0.00205255],[0.0481355,0.00205484,0.909689,0.0401211],[0.0260958,0.11025,0.847577,0.0160778],[0.937737,0.00806566,0.0461342,0.00806337],[0.104236,0.21043,0.635194,0.0501391],[0.0441283,0.166351,0.629184,0.160337],[0.342666,0.16034,0.424816,0.0721788],[0.416799,0.150322,0.340664,0.0922148],[0.110247,0.114257,0.717342,0.0581535],[0.412792,0.11025,0.390754,0.086204],[0.232467,0.108246,0.591115,0.0681716],[0.188388,0.0922171,0.621169,0.0982257],[0.420806,0.114257,0.380736,0.0842004],[0.222449,0.126278,0.553047,0.0982257],[0.176366,0.136296,0.569075,0.118262],[0.438839,0.104239,0.352686,0.104236],[0.288568,0.120268,0.524996,0.066168]]},{"db":2,"id":"ZN281_HUMAN.H11MO.0.A","len":15,"ltrim":1,"rtrim":1,"nsites":482,"evalue":"1.0e+000","url":"http://hocomoco.autosome.ru/motif/ZN281_HUMAN.H11MO.0.A","pwm":[[0.230293,0.178439,0.458464,0.132803],[0.203328,0.0892462,0.603662,0.103764],[0.17014,0.180514,0.508246,0.1411],[0.278001,0.0768006,0.174291,0.470907],[0.0124962,0.00835007,0.968732,0.010422],[0.00419919,0.00420156,0.974955,0.0166447],[0.0809468,0.0166471,0.896133,0.00627345],[0.010422,0.00420156,0.979103,0.00627345],[0.027016,0.00420156,0.964583,0.00419919],[0.761304,0.109989,0.0021273,0.12658],[0.128655,0.0021273,0.740563,0.128655],[0.010422,5.30388e-05,0.979103,0.010422],[0.0353131,0.00627581,0.941766,0.0166447],[0.0850953,0.0166471,0.873316,0.0249418],[0.387937,0.248964,0.271781,0.091318]]},{"db":2,"id":"ZN341_HUMAN.H11MO.0.C","len":22,"ltrim":1,"rtrim":0,"nsites":499,"evalue":"1.0e+000","url":"http://hocomoco.autosome.ru/motif/ZN341_HUMAN.H11MO.0.C","pwm":[[0.20642,0.136296,0.512974,0.144309],[0.286565,0.164347,0.472902,0.076186],[0.220446,0.130286,0.55505,0.0942185],[0.238478,0.130286,0.573083,0.0581535],[0.290572,0.156333,0.486928,0.066168],[0.286565,0.0741847,0.553047,0.086