<!DOCTYPE HTML>
<html>
  <head>
    <meta charset="UTF-8">
    <title>SpaMo - Spaced Motif Analysis</title>
    <script type="text/javascript">
      //@JSON_VAR data
      var data = {"program":"SpaMo","version":"4.11.3","revision":"c13e15f35e38483381a6e8a363f9137e303c0765","release":"Sat Mar 11 20:16:08 2017 -0800","host":"uger-c011.broadinstitute.org","when":"Sun Feb 28 18:24:25 2021","cmd":["spamo","-verbosity","1","-oc","/broad/sankaranlab/fyu/HemeMap/02262021-downMast_re-analysis/motif_denovo/all_mast0035_interactions_10x_hocomoco_meme-chip/spamo_out_32","-bgfile","/broad/sankaranlab/fyu/HemeMap/02262021-downMast_re-analysis/motif_denovo/all_mast0035_interactions_10x_hocomoco_meme-chip/background","-primary","TGIF1_HUMAN.H11MO.0.A","/broad/sankaranlab/fyu/HemeMap/02262021-downMast_re-analysis/motif_denovo/all_mast0035_interactions_10x_hocomoco_meme-chip/20210227-deg_interactions_peaks_all_mast0035_fa_1based.fa","/broad/sankaranlab/fyu/motif_data/HOCOMOCOv11_core_HUMAN_mono_meme_format.meme","/broad/sankaranlab/fyu/HemeMap/02262021-downMast_re-analysis/motif_denovo/all_mast0035_interactions_10x_hocomoco_meme-chip/meme_out/meme.xml","/broad/sankaranlab/fyu/HemeMap/02262021-downMast_re-analysis/motif_denovo/all_mast0035_interactions_10x_hocomoco_meme-chip/dreme_out/dreme.xml","/broad/sankaranlab/fyu/motif_data/HOCOMOCOv11_core_HUMAN_mono_meme_format.meme"],"options":{"seq_min_hit_score":7,"margin":150,"bin_size":1,"bin_pvalue_calc_range":150,"use_best_secondary":0,"seq_max_shared_fract":0.5,"seq_odds_ratio":20,"bin_pvalue_cutoff":0.05,"motif_evalue_cutoff":10,"redundant_overlap":2,"redundant_joint":0.5,"motif_pseudocount":0.1,"bgfile":"/broad/sankaranlab/fyu/HemeMap/02262021-downMast_re-analysis/motif_denovo/all_mast0035_interactions_10x_hocomoco_meme-chip/background","motif_trim":0.25,"xalph":0,"seed":1,"bin_max":90},"alphabet":{"name":"DNA","like":"dna","ncore":4,"symbols":[{"symbol":"A","name":"Adenine","colour":"CC0000","complement":"T"},{"symbol":"C","name":"Cytosine","colour":"0000CC","complement":"G"},{"symbol":"G","name":"Guanine","colour":"FFB300","complement":"C"},{"symbol":"T","aliases":"U","name":"Thymine","colour":"008000","complement":"A"},{"symbol":"N","aliases":"X.","name":"Any base","equals":"ACGT"},{"symbol":"V","name":"Not T","equals":"ACG"},{"symbol":"H","name":"Not G","equals":"ACT"},{"symbol":"D","name":"Not C","equals":"AGT"},{"symbol":"B","name":"Not A","equals":"CGT"},{"symbol":"M","name":"Amino","equals":"AC"},{"symbol":"R","name":"Purine","equals":"AG"},{"symbol":"W","name":"Weak","equals":"AT"},{"symbol":"S","name":"Strong","equals":"CG"},{"symbol":"Y","name":"Pyrimidine","equals":"CT"},{"symbol":"K","name":"Keto","equals":"GT"}]},"background":[0.2443,0.2557,0.2557,0.2443],"sequence_dbs":[{"source":"/broad/sankaranlab/fyu/HemeMap/02262021-downMast_re-analysis/motif_denovo/all_mast0035_interactions_10x_hocomoco_meme-chip/20210227-deg_interactions_peaks_all_mast0035_fa_1based.fa","name":"20210227-deg_interactions_peaks_all_mast0035_fa_1based","last_modified":"Sun Feb 28 14:32:25 2021","loaded":13184,"excluded_too_short":0,"excluded_no_match":4103,"excluded_ambigs":0,"excluded_similar":103,"erased_primary_matches":13082}],"primary_dbs":[{"source":"/broad/sankaranlab/fyu/motif_data/HOCOMOCOv11_core_HUMAN_mono_meme_format.meme","name":"HOCOMOCOv11_core_HUMAN_mono_meme_format","last_modified":"Sat Jun 23 07:43:00 2018","loaded":400,"excluded":399}],"secondary_dbs":[{"source":"/broad/sankaranlab/fyu/HemeMap/02262021-downMast_re-analysis/motif_denovo/all_mast0035_interactions_10x_hocomoco_meme-chip/meme_out/meme.xml","name":"meme.xml","last_modified":"Sun Feb 28 15:22:49 2021","loaded":10,"excluded":0},{"source":"/broad/sankaranlab/fyu/HemeMap/02262021-downMast_re-analysis/motif_denovo/all_mast0035_interactions_10x_hocomoco_meme-chip/dreme_out/dreme.xml","name":"dreme.xml","last_modified":"Sun Feb 28 15:41:49 2021","loaded":10,"excluded":0},{"source":"/broad/sankaranlab/fyu/motif_data/HOCOMOCOv11_core_HUMAN_mono_meme_format.meme","name":"HOCOMOCOv11_core_HUMAN_mono_meme_format","last_modified":"Sat Jun 23 07:43:00 2018","loaded":401,"excluded":1}],"secondary_motifs":[{"db":0,"id":"1","alt":"MEME","len":11,"ltrim":0,"rtrim":1,"nsites":268,"evalue":"2.2e-065","pwm":[[0.440226,0.153023,0.346981,0.0597699],[0.432766,0.126914,0.324601,0.11572],[0.522284,9.53749e-05,0.335791,0.141829],[0.317137,0.257462,0.42531,9.11227e-05],[0.675212,0.100804,0.223893,9.11227e-05],[0.0112809,9.53749e-05,0.988533,9.11227e-05],[9.11227e-05,9.53749e-05,0.999722,9.11227e-05],[0.999718,9.53749e-05,9.53749e-05,9.11227e-05],[0.999718,9.53749e-05,9.53749e-05,9.11227e-05],[0.421576,0.160484,0.417849,9.11227e-05],[0.268648,0.272382,0.0635047,0.395466]]},{"db":0,"id":"3","alt":"MEME","len":30,"ltrim":0,"rtrim":0,"nsites":12,"evalue":"3.9e-015","pwm":[[0.167309,0.663271,0.00211322,0.167309],[0.00201901,0.580625,0.250047,0.167309],[0.91111,0.00211322,0.0847575,0.00201901],[0.00201901,0.0847575,0.911204,0.00201901],[0.580531,0.00211322,0.415337,0.00201901],[0.00201901,0.911204,0.00211322,0.0846633],[0.00201901,0.00211322,0.00211322,0.993755],[0.249953,0.00211322,0.663271,0.0846633],[0.167309,0.0847575,0.663271,0.0846633],[0.91111,0.00211322,0.00211322,0.0846633],[0.0846633,0.00211322,0.911204,0.00201901],[0.249953,0.00211322,0.0847575,0.663176],[0.00201901,0.00211322,0.828559,0.167309],[0.167309,0.828559,0.00211322,0.00201901],[0.828465,0.00211322,0.00211322,0.167309],[0.0846633,0.0847575,0.828559,0.00201901],[0.167309,0.00211322,0.00211322,0.828465],[0.00201901,0.00211322,0.911204,0.0846633],[0.167309,0.00211322,0.828559,0.00201901],[0.00201901,0.663271,0.00211322,0.332597],[0.415242,0.00211322,0.332691,0.249953],[0.00201901,0.497981,0.332691,0.167309],[0.249953,0.00211322,0.415337,0.332597],[0.415242,0.0847575,0.415337,0.0846633],[0.0846633,0.00211322,0.167403,0.745821],[0.00201901,0.580625,0.00211322,0.415242],[0.332597,0.00211322,0.0847575,0.580531],[0.00201901,0.663271,0.00211322,0.332597],[0.91111,0.00211322,0.0847575,0.00201901],[0.167309,0.167403,0.663271,0.00201901]]},{"db":0,"id":"4","alt":"MEME","len":29,"ltrim":0,"rtrim":0,"nsites":7,"evalue":"2.6e-013","pwm":[[0.00344085,0.00360141,0.848672,0.144286],[0.00344085,0.00360141,0.989517,0.00344085],[0.00344085,0.848672,0.144446,0.00344085],[0.566822,0.00360141,0.426136,0.00344085],[0.00344085,0.707827,0.00360141,0.285131],[0.425976,0.00360141,0.566982,0.00344085],[0.00344085,0.00360141,0.989517,0.00344085],[0.00344085,0.00360141,0.00360141,0.989356],[0.00344085,0.00360141,0.848672,0.144286],[0.144286,0.00360141,0.848672,0.00344085],[0.00344085,0.989517,0.00360141,0.00344085],[0.425976,0.00360141,0.00360141,0.566822],[0.00344085,0.566982,0.00360141,0.425976],[0.707666,0.00360141,0.285291,0.00344085],[0.00344085,0.707827,0.00360141,0.285131],[0.285131,0.00360141,0.707827,0.00344085],[0.00344085,0.989517,0.00360141,0.00344085],[0.00344085,0.989517,0.00360141,0.00344085],[0.00344085,0.144446,0.00360141,0.848511],[0.285131,0.00360141,0.707827,0.00344085],[0.00344085,0.00360141,0.00360141,0.989356],[0.989356,0.00360141,0.00360141,0.00344085],[0.848511,0.00360141,0.144446,0.00344085],[0.00344085,0.00360141,0.00360141,0.989356],[0.144286,0.707827,0.00360141,0.144286],[0.00344085,0.848672,0.00360141,0.144286],[0.00344085,0.989517,0.00360141,0.00344085],[0.989356,0.00360141,0.00360141,0.00344085],[0.144286,0.00360141,0.848672,0.00344085]]},{"db":0,"id":"5","alt":"MEME","len":21,"ltrim":0,"rtrim":0,"nsites":55,"evalue":"4.2e-012","pwm":[[0.308973,0.290845,0.0367621,0.363419],[0.399717,0.000464065,0.000464065,0.599354],[0.381568,0.236399,0.381589,0.000443376],[0.254526,0.236399,0.0549101,0.454163],[0.0548894,0.0730591,0.163803,0.708247],[0.617503,0.000464065,0.21825,0.163782],[0.526759,0.0367621,0.0549101,0.381568],[0.871586,0.000464065,0.0367621,0.0911874],[0.835289,0.145655,0.0186131,0.000443376],[0.871586,0.000464065,0.0549101,0.0730384],[0.472312,0.0730591,0.0186131,0.436015],[0.490461,0.163803,0.21825,0.127485],[0.563056,0.181952,0.0730591,0.181931],[0.926033,0.000464065,0.000464065,0.0730384],[0.690098,0.163803,0.145655,0.000443376],[0.635652,0.000464065,0.0912081,0.272675],[0.436015,0.200101,0.127506,0.236378],[0.671949,0.0730591,0.127506,0.127485],[0.635652,0.0549101,0.000464065,0.308973],[0.581205,0.290845,0.000464065,0.127485],[0.744545,0.0186131,0.000464065,0.236378]]},{"db":0,"id":"8","alt":"MEME","len":11,"ltrim":0,"rtrim":0,"nsites":70,"evalue":"8.2e-001","pwm":[[0.157267,0.000364765,0.842019,0.000348502],[0.143002,0.000364765,0.699366,0.157267],[0.0146141,0.328467,0.65657,0.000348502],[0.685084,0.000364765,0.0859565,0.228593],[0.285655,0.000364765,0.713632,0.000348502],[0.000348502,0.000364765,0.998938,0.000348502],[0.0431444,0.242875,0.713632,0.000348502],[0.371248,0.000364765,0.000364765,0.628023],[0.000348502,0.000364765,0.998938,0.000348502],[0.328451,0.000364765,0.670836,0.000348502],[0.157267,0.028895,0.813489,0.000348502]]},{"db":1,"id":"BTTCCB","alt":"DREME","len":6,"ltrim":0,"rtrim":0,"nsites":8580,"evalue":"7.5e-090","pwm":[[2.84729e-06,0.457224,0.241958,0.300815],[2.84729e-06,2.98015e-06,2.98015e-06,0.999991],[2.84729e-06,2.98015e-06,2.98015e-06,0.999991],[2.84729e-06,0.999991,2.98015e-06,2.84729e-06],[2.84729e-06,0.999991,2.98015e-06,2.84729e-06],[2.84729e-06,0.456408,0.175525,0.368064]]},{"db":1,"id":"CHGCCTS","alt":"DREME","len":7,"ltrim":0,"rtrim":0,"nsites":3158,"evalue":"4.0e-030","pwm":[[7.73566e-06,0.999976,8.09664e-06,7.73566e-06],[0.396132,0.246992,8.09664e-06,0.356867],[7.73566e-06,8.09664e-06,0.999976,7.73566e-06],[7.73566e-06,0.999976,8.09664e-06,7.73566e-06],[7.73566e-06,0.999976,8.09664e-06,7.73566e-06],[7.73566e-06,8.09664e-06,8.09664e-06,0.999976],[7.73566e-06,0.509492,0.490493,7.73566e-06]]},{"db":2,"id":"ANDR_HUMAN.H11MO.0.A","len":18,"ltrim":0,"rtrim":0,"nsites":499,"evalue":"1.0e+000","url":"http://hocomoco.autosome.ru/motif/ANDR_HUMAN.H11MO.0.A","pwm":[[0.148316,0.0701775,0.0361161,0.745391],[0.0621607,0.0481378,0.777451,0.112251],[0.0681716,0.0661702,0.0140765,0.851582],[0.188388,0.172361,0.144311,0.49494],[0.0781896,0.733371,0.0361161,0.152323],[0.122269,0.278553,0.0321089,0.56707],[0.180374,0.134293,0.196405,0.488929],[0.198406,0.178372,0.216441,0.406781],[0.176366,0.192397,0.222452,0.408785],[0.20041,0.256513,0.120268,0.42281],[0.0721788,0.0140765,0.0140765,0.899668],[0.254507,0.0301053,0.691295,0.0240922],[0.0280994,0.0220909,0.0200873,0.929722],[0.0180814,0.00606205,0.098228,0.877629],[0.00806337,0.00806566,0.0641666,0.919704],[0.420806,0.0281017,0.494942,0.0561499],[0.086204,0.524996,0.0481378,0.340662],[0.290572,0.158336,0.0541486,0.496943]]},{"db":2,"id":"AP2A_HUMAN.H11MO.0.A","len":15,"ltrim":1,"rtrim":1,"nsites":500,"evalue":"1.0e+000","url":"http://hocomoco.autosome.ru/motif/AP2A_HUMAN.H11MO.0.A","pwm":[[0.416122,0.185378,0.193139,0.205361],[0.23112,0.0911535,0.134693,0.543033],[0.176774,0.094431,0.470184,0.258611],[0.0108802,0.520552,0.431414,0.0371537],[4.88502e-05,0.999851,5.11298e-05,4.88502e-05],[4.88502e-05,0.900844,5.11298e-05,0.0990559],[0.0509772,0.111334,0.0128332,0.824855],[0.00188704,5.11298e-05,0.796458,0.201604],[0.535275,0.0386309,0.409206,0.016888],[0.142179,5.11298e-05,0.855966,0.00180357],[4.88502e-05,5.11298e-05,0.999851,4.88502e-05],[0.047904,0.556059,0.379973,0.0160646],[0.308241,0.381611,0.0917726,0.218375],[0.512987,0.0934533,0.204268,0.189291],[0.238521,0.148914,0.208407,0.404158]]},{"db":2,"id":"AP2B_HUMAN.H11MO.0.B","len":10,"ltrim":0,"rtrim":1,"nsites":28,"evalue":"1.0e+000","url":"http://hocomoco.autosome.ru/motif/AP2B_HUMAN.H11MO.0.B","pwm":[[0.0402544,0.000909964,0.780734,0.178102],[0.000869395,0.646824,0.245097,0.107209],[0.000869395,0.961905,0.000909964,0.0363159],[0.115086,0.571993,0.000909964,0.312011],[0.075701,0.0363565,0.887073,0.000869395],[0.327765,0.31599,0.355375,0.000869395],[0.0717625,0.0363565,0.851627,0.0402544],[0.000869395,0.000909964,0.997351,0.000869395],[0.190902,0.123988,0.675379,0.00973103],[0.22241,0.446945,0.253959,0.0766856]]},{"db":2,"id":"AP2C_HUMAN.H11MO.0.A","len":14,"ltrim":2,"rtrim":2,"nsites":500,"evalue":"1.0e+000","url":"http://hocomoco.autosome.ru/motif/AP2C_HUMAN.H11MO.0.A","pwm":[[0.387199,0.201041,0.269564,0.142196],[0.196085,0.123625,0.166418,0.513872],[0.184608,0.0998033,0.518377,0.197211],[0.00958174,0.506989,0.471849,0.0115796],[0.0038517,0.988137,0.00796264,4.88502e-05],[0.00191671,0.951684,0.0023955,0.0440043],[0.0500541,0.131891,0.0254232,0.792632],[0.035406,5.11298e-05,0.917077,0.0474664],[0.554975,0.0254447,0.415805,0.00377476],[0.0734748,5.11298e-05,0.924455,0.00201926],[4.88502e-05,5.11298e-05,0.997968,0.00193195],[0.0289746,0.618175,0.341,0.0118505],[0.313912,0.35152,0.097184,0.237384],[0.428239,0.170537,0.241671,0.159553]]},{"db":2,"id":"ATF3_HUMAN.H11MO.0.A","len":11,"ltrim":0,"rtrim":1,"nsites":500,"evalue":"1.0e+000","url":"http://hocomoco.autosome.ru/motif/ATF3_HUMAN.H11MO.0.A","pwm":[[0.222004,0.0900331,0.579935,0.108027],[0.255998,0.0280455,0.709909,0.00604765],[0.0180453,0.0420427,0.00804953,0.931862],[0.0100469,0.477956,0.50795,0.00404805],[0.939861,0.0240463,0.00405033,0.0320425],[0.00204845,0.813888,0.0420427,0.14202],[0.0380413,0.0180475,0.925866,0.0180453],[0.0280433,0.224006,0.00804953,0.739901],[0.265996,0.164018,0.535944,0.0340421],[0.575934,0.10403,0.252001,0.0680353],[0.0940301,0.295992,0.275996,0.333982]]},{"db":2,"id":"ATF6A_HUMAN.H11MO.0.B","len":12,"ltrim":0,"rtrim":0,"nsites":20,"evalue":"1.0e+000","url":"http://hocomoco.autosome.ru/motif/ATF6A_HUMAN.H11MO.0.B","pwm":[[0.184912,0.184969,0.582979,0.0471396],[0.00121542,0.215585,0.322742,0.460458],[0.00121542,0.261509,0.598287,0.138988],[0.0930639,0.399282,0.460514,0.0471396],[0.00121542,0.0318883,0.00127214,0.965624],[0.00121542,0.0471964,0.950373,0.00121542],[0.9197,0.0471964,0.00127214,0.0318316],[0.00121542,0.996297,0.00127214,0.00121542],[0.00121542,0.00127214,0.996297,0.00121542],[0.00121542,0.00127214,0.00127214,0.99624],[0.00121542,0.0931206,0.904449,0.00121542],[0.0930639,0.00127214,0.904449,0.00121542]]},{"db":2,"id":"ATOH1_HUMAN.H11MO.0.B","len":9,"ltrim":0,"rtrim":0,"nsites":500,"evalue":"1.0e+000","url":"http://hocomoco.autosome.ru/motif/ATOH1_HUMAN.H11MO.0.B","pwm":[[0.533942,0.0420427,0.377976,0.0460397],[0.323984,0.15402,0.521947,4.88502e-05],[0.00204845,0.995852,0.00205073,4.88502e-05],[0.997849,5.11298e-05,5.11298e-05,0.00204845],[4.88502e-05,0.00804953,0.973856,0.0180453],[0.585932,0.379975,0.0340443,4.88502e-05],[0.0180453,0.00604993,0.00205073,0.973854],[0.00204845,5.11298e-05,0.989853,0.00804725],[0.0320425,0.110029,0.721907,0.136022]]},{"db":2,"id":"BACH1_HUMAN.H11MO.0.A","len":13,"ltrim":0,"rtrim":2,"nsites":500,"evalue":"1.0e+000","url":"http://hocomoco.autosome.ru/motif/BACH1_HUMAN.H11MO.0.A","pwm":[[0.0628503,0.168183,0.0975458,0.671421],[0.00920552,0.0664261,0.922337,0.00203091],[0.0209133,0.967527,0.00397558,0.00758441],[0.0362171,0.0795843,0.0801402,0.804058],[0.0038971,0.0613576,0.890889,0.0438567],[0.802819,0.0206201,0.124524,0.0520367],[0.0133104,0.214867,0.763224,0.00859922],[0.00624843,0.0361805,0.145879,0.811692],[0.01624,0.943693,0.0343178,0.00574879],[0.78628,0.0958387,0.0824544,0.0354265],[0.00982617,0.334263,0.256607,0.399304],[0.151627,0.265557,0.394693,0.188123],[0.105264,0.378565,0.372602,0.143569]]},{"db":2,"id":"BACH2_HUMAN.H11MO.0.A","len":11,"ltrim":0,"rtrim":1,"nsites":500,"evalue":"1.0e+000","url":"http://hocomoco.autosome.ru/motif/BACH2_HUMAN.H11MO.0.A","pwm":[[0.122024,0.0960319,0.0680375,0.713906],[0.0140461,0.0780355,0.893872,0.0140461],[0.0440401,0.923866,0.0120487,0.0200449],[0.0780333,0.0380435,0.00804953,0.875874],[0.0580373,0.0600391,0.793892,0.0880313],[0.757897,0.0380435,0.0560399,0.148019],[0.0440401,0.224006,0.669917,0.0620365],[0.0100469,0.0160479,0.00804953,0.965856],[0.0600369,0.919867,0.0160479,0.00404805],[0.963856,0.0120487,0.00804953,0.0160457],[0.0560377,0.319987,0.212009,0.411966]]},{"db":2,"id":"BATF3_HUMAN.H11MO.0.B","len":17,"ltrim":1,"rtrim":2,"nsites":500,"evalue":"1.0e+000","url":"http://hocomoco.autosome.ru/motif/BATF3_HUMAN.H11MO.0.B","pwm":[[0.172014,0.35398,0.20601,0.267995],[0.483952,0.0560399,0.244002,0.216006],[0.0300429,0.389973,0.501951,0.0780333],[0.0300429,0.0160479,0.0140483,0.939861],[0.0460397,0.0640383,0.00804953,0.881872],[0.0420405,0.160019,0.0420427,0.755898],[0.0180453,0.85588,0.0200471,0.106028],[0.501948,0.178016,0.120027,0.200009],[0.210007,0.182015,0.218008,0.389971],[0.230003,0.0420427,0.0640383,0.663916],[0.481952,0.198012,0.0560399,0.263996],[0.00804725,5.11298e-05,0.0100491,0.981852],[0.0120465,0.0240463,0.809889,0.154018],[0.863876,0.00604993,0.0420427,0.0880313],[0.100029,0.461959,0.317988,0.120025],[0.251998,0.120027,0.146022,0.481952],[0.242,0.385974,0.186014,0.186012]]},{"db":2,"id":"BC11A_HUMAN.H11MO.0.A","len":17,"ltrim":1,"rtrim":1,"nsites":500,"evalue":"1.0e+000","url":"http://hocomoco.autosome.ru/motif/BC11A_HUMAN.H11MO.0.A","pwm":[[0.375729,0.184626,0.286196,0.153449],[0.550579,0.0994716,0.224095,0.125854],[0.500163,0.142364,0.230715,0.126758],[0.589981,0.0166175,0.226052,0.16735],[0.187434,0.160797,0.580418,0.0713509],[0.66451,0.0145828,0.269378,0.0515299],[0.104036,0.0144896,0.828552,0.0529227],[0.200416,0.0327728,0.758548,0.00826379],[0.880097,0.0431264,0.0485986,0.0281784],[0.867863,0.00584078,0.0555453,0.0707512],[0.248398,0.226048,0.502142,0.0234128],[0.150157,0.154993,0.0315597,0.66329],[0.117831,0.0724935,0.76019,0.0494854],[0.658748,0.0644142,0.250664,0.0261737],[0.458784,0.143454,0.310167,0.0875949],[0.622701,0.0788461,0.157295,0.141158],[0.358984,0.204701,0.318077,0.118237]]},{"db":2,"id":"CEBPD_HUMAN.H11MO.0.C","len":11,"ltrim":0,"rtrim":0,"nsites":500,"evalue":"1.0e+000","url":"http://hocomoco.autosome.ru/motif/CEBPD_HUMAN.H11MO.0.C","pwm":[[0.454458,0.232505,0.268497,0.04454],[0.00254835,0.130525,0.020547,0.84638],[0.00654755,0.0285454,0.0185474,0.94636],[0.0425404,0.0265458,0.812389,0.118525],[0.0165456,0.960359,0.010549,0.0125464],[0.458457,0.120527,0.278495,0.14252],[0.122524,0.580435,0.0265458,0.270495],[0.590431,0.382475,0.00455023,0.0225444],[0.828383,0.0645382,0.0445422,0.0625364],[0.0240441,0.481955,0.178016,0.315986],[0.208007,0.487954,0.0720367,0.232002]]},{"db":2,"id":"COE1_HUMAN.H11MO.0.A","len":15,"ltrim":3,"rtrim":2,"nsites":500,"evalue":"1.0e+000","url":"http://hocomoco.autosome.ru/motif/COE1_HUMAN.H11MO.0.A","pwm":[[0.417965,0.202011,0.200011,0.180013],[0.419965,0.0900331,0.271997,0.218005],[0.118025,0.256,0.413968,0.212006],[0.0580373,0.202011,0.0240463,0.715906],[0.00204845,0.989853,0.00205073,0.00604765],[0.0140461,0.813888,5.11298e-05,0.172014],[0.00604765,0.945862,0.00205073,0.0460397],[0.249999,0.623926,0.0400431,0.0860317],[0.673914,0.0140483,0.0120487,0.299989],[0.0180453,5.11298e-05,0.981855,4.88502e-05],[0.247999,0.00205073,0.723906,0.0260437],[0.00604765,0.00405033,0.989853,4.88502e-05],[0.657917,0.0460419,0.256,0.0400409],[0.220005,0.433964,0.254,0.0920305],[0.212006,0.351981,0.0920327,0.34398]]},{"db":2,"id":"CRX_HUMAN.H11MO.0.B","len":13,"ltrim":1,"rtrim":1,"nsites":500,"evalue":"1.0e+000","url":"http://hocomoco.autosome.ru/motif/CRX_HUMAN.H11MO.0.B","pwm":[[0.247999,0.164018,0.152021,0.435962],[0.533942,0.10403,0.261999,0.100029],[0.573934,0.0460419,0.275996,0.104028],[0.172014,0.0920327,0.565938,0.170015],[0.497949,0.164018,0.261999,0.0760337],[0.19201,0.00604993,0.775896,0.0260437],[0.0320425,0.0100491,0.935864,0.0220445],[0.763896,0.218008,0.0160479,0.00204845],[4.88502e-05,5.11298e-05,5.11298e-05,0.999849],[0.0220445,0.0580395,0.0240463,0.89587],[0.879873,0.00405033,0.0340443,0.0820325],[0.269995,0.0660379,0.525946,0.138021],[0.234002,0.323986,0.343982,0.0980293]]},{"db":2,"id":"DLX3_HUMAN.H11MO.0.C","len":10,"ltrim":0,"rtrim":1,"nsites":34,"evalue":"1.0e+000","url":"http://hocomoco.autosome.ru/motif/DLX3_HUMAN.H11MO.0.C","pwm":[[0.17329,0.128569,0.659114,0.0390271],[0.412006,0.403826,0.183451,0.000716422],[0.000716422,0.023127,0.000749853,0.975407],[0.975407,0.000749853,0.023127,0.000716422],[0.997784,0.000749853,0.000749853,0.000716422],[0.000716422,0.000749853,0.000749853,0.997784],[0.000716422,0.000749853,0.0455041,0.95303],[0.541452,0.000749853,0.363888,0.0939095],[0.161041,0.515711,0.277777,0.0454707],[0.4455,0.154631,0.102795,0.297074]]},{"db":2,"id":"E2F1_HUMAN.H11MO.0.A","len":14,"ltrim":4,"rtrim":2,"nsites":500,"evalue":"1.0e+000","url":"http://hocomoco.autosome.ru/motif/E2F1_HUMAN.H11MO.0.A","pwm":[[0.327983,0.160019,0.377976,0.134022],[0.236002,0.200011,0.451961,0.112026],[0.271994,0.210009,0.289993,0.228003],[0.190011,0.102031,0.465958,0.242],[0.0820325,0.200011,0.70391,0.0140461],[0.0180453,0.00604993,0.965858,0.0100469],[0.0560377,0.921867,0.00405033,0.0180453],[0.0160457,0.00804953,0.95786,0.0180453],[0.0220445,0.0820347,0.889873,0.00604765],[0.0680353,0.0340443,0.889873,0.00804725],[0.855878,0.0200471,0.0900331,0.0340421],[0.653918,0.0640383,0.271997,0.0100469],[0.399969,0.140023,0.365978,0.0940301],[0.271994,0.164018,0.395972,0.168015]]},{"db":2,"id":"E2F3_HUMAN.H11MO.0.A","len":11,"ltrim":2,"rtrim":0,"nsites":500,"evalue":"1.0e+000","url":"http://hocomoco.autosome.ru/motif/E2F3_HUMAN.H11MO.0.A","pwm":[[0.375974,0.140023,0.20801,0.275994],[0.261996,0.0460419,0.409969,0.281992],[0.126024,0.124026,0.675916,0.0740341],[0.0340421,0.00604993,0.95586,0.00404805],[0.124024,0.769897,0.0200471,0.0860317],[0.152018,0.00405033,0.683914,0.160017],[0.0960297,0.0200471,0.867878,0.0160457],[0.0180453,0.0100491,0.95786,0.0140461],[0.833882,0.0380435,0.118028,0.0100469],[0.711906,0.0620387,0.200011,0.0260437],[0.533942,0.110029,0.250001,0.106028]]},{"db":2,"id":"E2F6_HUMAN.H11MO.0.A","len":13,"ltrim":1,"rtrim":2,"nsites":500,"evalue":"1.0e+000","url":"http://hocomoco.autosome.ru/motif/E2F6_HUMAN.H11MO.0.A","pwm":[[0.337981,0.148022,0.341983,0.172014],[0.261996,0.0340443,0.55594,0.148019],[0.154018,0.126026,0.699911,0.0200449],[0.0100469,0.0160479,0.963858,0.0100469],[0.214006,0.70791,0.0120487,0.0660357],[0.0400409,0.0180475,0.893872,0.0480393],[0.0240441,0.0480415,0.895872,0.0320425],[0.0720345,0.0440423,0.871877,0.0120465],[0.94186,0.0320447,0.0140483,0.0120465],[0.511946,0.0360439,0.435964,0.0160457],[0.383972,0.10803,0.437964,0.0700349],[0.277993,0.218008,0.377976,0.126024],[0.275994,0.162019,0.425966,0.136022]]},{"db":2,"id":"E2F7_HUMAN.H11MO.0.B","len":13,"ltrim":0,"rtrim":3,"nsites":500,"evalue":"1.0e+000","url":"http://hocomoco.autosome.ru/motif/E2F7_HUMAN.H11MO.0.B","pwm":[[0.19601,0.148022,0.529945,0.126024],[0.337981,0.0320447,0.415968,0.214006],[0.14202,0.0820347,0.771897,0.00404805],[0.0440401,0.00405033,0.941863,0.0100469],[0.0840321,0.85388,0.00405033,0.0580373],[0.140021,0.0160479,0.813888,0.0300429],[0.0220445,0.0120487,0.95786,0.00804725],[0.204008,0.00604993,0.775896,0.0140461],[0.713906,0.00405033,0.275996,0.00604765],[0.603928,0.138024,0.240003,0.0180453],[0.427963,0.192013,0.224006,0.156018],[0.34398,0.0860339,0.35598,0.214006],[0.259997,0.152021,0.485954,0.102028]]},{"db":2,"id":"ELF1_HUMAN.H11MO.0.A","len":14,"ltrim":2,"rtrim":0,"nsites":500,"evalue":"1.0e+000","url":"http://hocomoco.autosome.ru/motif/ELF1_HUMAN.H11MO.0.A","pwm":[[0.249999,0.252001,0.401971,0.0960297],[0.457957,0.152021,0.267998,0.122024],[0.573934,0.0880335,0.128026,0.210007],[0.218005,0.461959,0.190013,0.130023],[0.102028,0.677916,0.20801,0.0120465],[0.299989,0.673916,0.0160479,0.0100469],[4.88502e-05,5.11298e-05,0.999851,4.88502e-05],[0.00604765,5.11298e-05,0.993852,4.88502e-05],[0.997849,5.11298e-05,5.11298e-05,0.00204845],[0.987851,5.11298e-05,0.00205073,0.0100469],[0.116026,0.0320447,0.839883,0.0120465],[0.136022,0.164018,0.0440423,0.655918],[0.158017,0.15602,0.577936,0.108027],[0.126024,0.339983,0.461959,0.0720345]]},{"db":2,"id":"ELF2_HUMAN.H11MO.0.C","len":13,"ltrim":3,"rtrim":0,"nsites":500,"evalue":"1.0e+000","url":"http://hocomoco.autosome.ru/motif/ELF2_HUMAN.H11MO.0.C","pwm":[[0.39197,0.152021,0.317988,0.138021],[0.489951,0.102031,0.218008,0.190011],[0.311986,0.317988,0.297992,0.0720345],[0.0720345,0.615928,0.291993,0.0200449],[0.232002,0.739903,0.0140483,0.0140461],[0.00804725,5.11298e-05,0.985854,0.00604765],[0.0120465,0.00804953,0.977856,0.00204845],[0.973854,0.0100491,0.00804953,0.00804725],[0.979853,0.00205073,0.00804953,0.0100469],[0.0860317,0.0140483,0.889873,0.0100469],[0.130023,0.20801,0.10403,0.557937],[0.19601,0.142023,0.551941,0.110027],[0.313986,0.192013,0.433964,0.0600369]]},{"db":2,"id":"ELF5_HUMAN.H11MO.0.A","len":15,"ltrim":3,"rtrim":2,"nsites":500,"evalue":"1.0e+000","url":"http://hocomoco.autosome.ru/motif/ELF5_HUMAN.H11MO.0.A","pwm":[[0.253998,0.222007,0.40597,0.118025],[0.216006,0.202011,0.491953,0.0900309],[0.467955,0.168018,0.263998,0.100029],[0.799889,0.0220467,0.0740363,0.104028],[0.14402,0.30799,0.369977,0.178013],[0.184012,0.365978,0.443962,0.00604765],[0.683912,0.258,0.0500411,0.00804725],[4.88502e-05,5.11298e-05,0.999851,4.88502e-05],[0.00604765,0.00205073,0.991853,4.88502e-05],[0.99185,5.11298e-05,0.00604993,0.00204845],[0.981852,0.00604993,0.00604993,0.00604765],[0.150019,0.0180475,0.827886,0.00404805],[0.158017,0.15402,0.124026,0.563936],[0.257997,0.120027,0.475956,0.14602],[0.279993,0.220007,0.395972,0.104028]]},{"db":2,"id":"ERG_HUMAN.H11MO.0.A","len":13,"ltrim":1,"rtrim":0,"nsites":500,"evalue":"1.0e+000","url":"http://hocomoco.autosome.ru/motif/ERG_HUMAN.H11MO.0.A","pwm":[[0.337981,0.152021,0.359979,0.150019],[0.307987,0.15602,0.45796,0.0780333],[0.435962,0.0520407,0.45596,0.0560377],[0.102028,0.559939,0.333984,0.00404805],[0.865876,0.116028,0.0160479,0.00204845],[0.00404805,0.00405033,0.985854,0.00604765],[0.00604765,0.00405033,0.989853,4.88502e-05],[0.975854,0.0100491,0.0100491,0.00404805],[0.935862,0.00205073,0.0220467,0.0400409],[0.204008,0.0160479,0.777896,0.00204845],[0.102028,0.309989,0.174016,0.413966],[0.224004,0.160019,0.513948,0.102028],[0.261996,0.134024,0.539943,0.0640361]]},{"db":2,"id":"ESR1_HUMAN.H11MO.0.A","len":15,"ltrim":0,"rtrim":0,"nsites":500,"evalue":"1.0e+000","url":"http://hocomoco.autosome.ru/motif/ESR1_HUMAN.H11MO.0.A","pwm":[[0.637921,0.0480415,0.259999,0.0540381],[0.0740341,0.00604993,0.80789,0.112026],[0.0460397,0.0180475,0.90787,0.0280433],[0.0940301,0.0720367,0.178016,0.655918],[0.00204845,0.887874,0.0480415,0.0620365],[0.855878,0.00604993,0.112029,0.0260437],[0.108027,0.441963,0.311989,0.138021],[0.39597,0.60393,5.11298e-05,4.88502e-05],[0.182012,0.375976,0.285994,0.156018],[0.104028,0.0780355,0.0440423,0.773894],[0.0540381,0.0340443,0.90787,0.00404805],[0.617925,0.198012,0.0700371,0.114026],[0.0400409,0.883874,0.0140483,0.0620365],[0.0900309,0.821887,0.00804953,0.0800329],[0.0580373,0.329985,0.0660379,0.54594]]},{"db":2,"id":"ESR2_HUMAN.H11MO.0.A","len":15,"ltrim":0,"rtrim":0,"nsites":497,"evalue":"1.0e+000","url":"http://hocomoco.autosome.ru/motif/ESR2_HUMAN.H11MO.0.A","pwm":[[0.494919,0.0966115,0.362152,0.0463175],[0.114714,0.0121214,0.790637,0.0825275],[0.0463175,0.0262031,0.859034,0.0684458],[0.0966092,0.116728,0.229382,0.557281],[0.0161425,0.798684,0.0523548,0.132819],[0.621654,0.0342498,0.247487,0.0966092],[0.0925859,0.511015,0.265592,0.130808],[4.9145e-05,0.667925,5.14383e-05,0.331974],[0.122761,0.422502,0.267603,0.187134],[0.0402825,0.23944,0.0302265,0.690051],[0.0825275,0.0262031,0.89122,4.9145e-05],[0.521071,0.273638,0.0865531,0.118738],[0.0241892,0.844952,0.0221798,0.108679],[0.0825275,0.846964,0.0121214,0.0583875],[0.0724692,0.356117,0.0362615,0.535153]]},{"db":2,"id":"ETS1_HUMAN.H11MO.0.A","len":13,"ltrim":2,"rtrim":0,"nsites":500,"evalue":"1.0e+000","url":"http://hocomoco.autosome.ru/motif/ETS1_HUMAN.H11MO.0.A","pwm":[[0.367975,0.178016,0.341983,0.112026],[0.259997,0.182015,0.471957,0.0860317],[0.479953,0.0680375,0.423966,0.0280433],[0.128023,0.637924,0.228006,0.00604765],[0.615926,0.349981,0.0340443,4.88502e-05],[0.00404805,5.11298e-05,0.993852,0.00204845],[0.0120465,0.00604993,0.979855,0.00204845],[0.99185,0.00604993,5.11298e-05,0.00204845],[0.827883,0.0100491,0.00405033,0.158017],[0.184012,0.0100491,0.80589,4.88502e-05],[0.0840321,0.188014,0.0580395,0.669915],[0.130023,0.112029,0.633924,0.124024],[0.138021,0.126026,0.627926,0.108027]]},{"db":2,"id":"ETV2_HUMAN.H11MO.0.B","len":16,"ltrim":2,"rtrim":1,"nsites":229,"evalue":"1.0e+000","url":"http://hocomoco.autosome.ru/motif/ETV2_HUMAN.H11MO.0.B","pwm":[[0.32311,0.174708,0.353669,0.148513],[0.301285,0.174708,0.436602,0.0874048],[0.580639,0.135424,0.205262,0.0786749],[0.52826,0.0612203,0.384223,0.0262961],[0.56318,0.0393958,0.388588,0.00883645],[0.0262961,0.873093,0.0917746,0.00883645],[0.890547,0.104869,0.000111611,0.00447154],[0.000106635,0.000111611,0.999675,0.000106635],[0.000106635,0.00447652,0.99531,0.000106635],[0.986575,0.000111611,0.0132063,0.000106635],[0.929832,0.000111611,0.000111611,0.0699451],[0.475881,0.0175712,0.506441,0.000106635],[0.0568504,0.323115,0.0568554,0.56318],[0.349299,0.135424,0.406048,0.109229],[0.109229,0.262006,0.567549,0.0612153],[0.174703,0.288195,0.436602,0.100499]]},{"db":2,"id":"ETV4_HUMAN.H11MO.0.B","len":11,"ltrim":2,"rtrim":2,"nsites":500,"evalue":"1.0e+000","url":"http://hocomoco.autosome.ru/motif/ETV4_HUMAN.H11MO.0.B","pwm":[[0.335982,0.234004,0.329985,0.100029],[0.383972,0.134024,0.319987,0.162016],[0.136022,0.609929,0.234004,0.0200449],[0.955858,0.0100491,0.0200471,0.0140461],[0.00604765,0.00205073,0.975856,0.0160457],[0.0160457,0.0260459,0.95786,4.88502e-05],[0.923864,0.0160479,0.0500411,0.0100469],[0.869875,0.0140483,0.0460419,0.0700349],[0.307987,0.0220467,0.587934,0.0820325],[0.138021,0.178016,0.345982,0.337981],[0.287991,0.132025,0.413968,0.166016]]},{"db":2,"id":"ETV5_HUMAN.H11MO.0.C","len":14,"ltrim":1,"rtrim":1,"nsites":500,"evalue":"1.0e+000","url":"http://hocomoco.autosome.ru/motif/ETV5_HUMAN.H11MO.0.C","pwm":[[0.327983,0.180015,0.381975,0.110027],[0.455958,0.0880335,0.327986,0.128023],[0.297989,0.0980315,0.493952,0.110027],[0.200009,0.417968,0.345982,0.0360417],[0.839881,0.0360439,0.0840343,0.0400409],[0.0160457,0.00604993,0.961859,0.0160457],[0.0440401,0.0160479,0.935864,0.00404805],[0.79389,0.0680375,0.102031,0.0360417],[0.94586,0.00604993,0.0120487,0.0360417],[0.371974,0.0620387,0.547942,0.0180453],[0.228003,0.100031,0.232005,0.439961],[0.218005,0.10603,0.537944,0.138021],[0.405968,0.120027,0.385974,0.0880313],[0.271994,0.216008,0.373976,0.138021]]},{"db":2,"id":"FEV_HUMAN.H11MO.0.B","len":10,"ltrim":0,"rtrim":0,"nsites":498,"evalue":"1.0e+000","url":"http://hocomoco.autosome.ru/motif/FEV_HUMAN.H11MO.0.B","pwm":[[0.224903,0.204829,0.520027,0.0502398],[0.255018,0.530065,0.134562,0.0803542],[0.281117,0.321272,0.355402,0.0422093],[0.317254,0.0120971,0.658554,0.0120948],[0.0321711,0.00607422,0.947652,0.0141024],[0.967726,0.0221353,0.00406659,0.00607193],[0.672605,0.0582726,0.251005,0.0181177],[0.186759,0.132555,0.60234,0.0783466],[0.154636,0.387524,0.088387,0.369453],[0.0723237,0.230929,0.584271,0.112476]]},{"db":2,"id":"FLI1_HUMAN.H11MO.0.A","len":18,"ltrim":2,"rtrim":1,"nsites":497,"evalue":"1.0e+000","url":"http://hocomoco.autosome.ru/motif/FLI1_HUMAN.H11MO.0.A","pwm":[[0.209263,0.22737,0.440607,0.122761],[0.315881,0.148915,0.43256,0.102644],[0.446639,0.0865531,0.374222,0.0925859],[0.201216,0.0543665,0.653843,0.0905742],[0.299788,0.0362615,0.635738,0.0282125],[0.422499,0.388303,0.183113,0.00608415],[0.915358,0.0342498,0.0402848,0.0101075],[0.00407248,0.00407477,0.981745,0.0101075],[0.00206081,0.0121214,0.985769,4.9145e-05],[0.937486,0.0181564,0.0443081,4.9145e-05],[0.957603,0.00206311,0.0262031,0.0141308],[0.146901,0.0282148,0.822824,0.00206081],[0.134831,0.171043,0.500957,0.193169],[0.410429,0.124775,0.402385,0.0624108],[0.394336,0.0764948,0.474805,0.0543642],[0.301799,0.120751,0.509003,0.0684458],[0.241449,0.150927,0.52912,0.0785042],[0.388301,0.13081,0.364163,0.116726]]},{"db":2,"id":"FOSB_HUMAN.H11MO.0.A","len":9,"ltrim":1,"rtrim":1,"nsites":500,"evalue":"1.0e+000","url":"http://hocomoco.autosome.ru/motif/FOSB_HUMAN.H11MO.0.A","pwm":[[0.413966,0.20601,0.291993,0.0880313],[0.0100469,0.0120487,0.00205073,0.975854],[0.0120465,0.0140483,0.917868,0.0560377],[0.89587,0.0120487,0.0180475,0.0740341],[0.204008,5.11298e-05,0.795892,4.88502e-05],[0.0180453,0.0300451,0.10603,0.84588],[0.0540381,0.90387,0.0280455,0.0140461],[0.965856,0.0100491,0.00604993,0.0180453],[0.0720345,0.329985,0.230005,0.367975]]},{"db":2,"id":"FOXJ3_HUMAN.H11MO.0.A","len":13,"ltrim":1,"rtrim":0,"nsites":626,"evalue":"1.0e+000","url":"http://hocomoco.autosome.ru/motif/FOXJ3_HUMAN.H11MO.0.A","pwm":[[0.194104,0.146489,0.164705,0.494703],[3.90193e-05,4.08401e-05,4.08401e-05,0.999879],[0.0829608,4.08401e-05,0.914275,0.00272314],[0.00111267,4.08401e-05,4.08401e-05,0.998806],[3.90193e-05,4.08401e-05,4.08401e-05,0.999879],[0.00887182,4.08401e-05,0.175706,0.815382],[0.81815,4.08401e-05,0.0369619,0.144847],[3.90193e-05,0.0711421,4.08401e-05,0.928778],[0.113303,4.08401e-05,0.430182,0.456474],[0.0440537,4.08401e-05,0.325668,0.630237],[0.0528122,4.08401e-05,0.0291576,0.917989],[0.00590373,0.0101747,0.0168457,0.967076],[0.358503,0.0704084,0.138477,0.432612]]},{"db":2,"id":"FOXP1_HUMAN.H11MO.0.A","len":9,"ltrim":0,"rtrim":0,"nsites":295,"evalue":"1.0e+000","url":"http://hocomoco.autosome.ru/motif/FOXP1_HUMAN.H11MO.0.A","pwm":[[0.0576904,0.139023,0.176298,0.626989],[0.0136375,0.281347,0.311845,0.39317],[0.00686015,0.0204187,0.0305848,0.942136],[0.0204149,0.0407508,0.84048,0.0983546],[8.27855e-05,0.0170301,0.0576942,0.925193],[0.00686015,0.0949697,0.0407508,0.857419],[0.0102488,0.0136414,0.081415,0.894695],[0.525328,0.345732,0.0373621,0.0915772],[0.0170262,0.484668,0.0102527,0.488053]]},{"db":2,"id":"GFI1_HUMAN.H11MO.0.C","len":10,"ltrim":0,"rtrim":0,"nsites":150,"evalue":"1.0e+000","url":"http://hocomoco.autosome.ru/motif/GFI1_HUMAN.H11MO.0.C","pwm":[[0.291437,0.0696386,0.587358,0.0515656],[0.0778602,0.68427,0.139396,0.0984741],[0.405077,0.100484,0.0757651,0.418673],[0.0521431,0.285494,0.562928,0.0994346],[0.239212,0.0171373,0.0800836,0.663567],[0.000162758,0.000170353,0.999504,0.000162758],[0.999497,0.000170353,0.000170353,0.000162758],[0.000162758,0.000170353,0.000170353,0.999497],[0.000162758,0.000170353,0.000170353,0.999497],[0.103596,0.118154,0.190868,0.587382]]},{"db":2,"id":"HINFP_HUMAN.H11MO.0.C","len":16,"ltrim":2,"rtrim":1,"nsites":42,"evalue":"1.0e+000","url":"http://hocomoco.autosome.ru/motif/HINFP_HUMAN.H11MO.0.C","pwm":[[0.327109,0.0662264,0.397724,0.208941],[0.333644,0.381252,0.141783,0.143322],[0.0465944,0.405825,0.476413,0.0711679],[0.190902,0.358245,0.166356,0.284497],[0.238483,0.23851,0.0711949,0.451812],[0.473253,0.310664,0.167922,0.0481608],[0.166329,0.118775,0.57314,0.141755],[0.0711679,0.927644,0.000607363,0.000580285],[0.000580285,0.000607363,0.998232,0.000580285],[0.0481608,0.0236144,0.927644,0.000580285],[0.973632,0.0251808,0.000607363,0.000580285],[0.000580285,0.950652,0.0481879,0.000580285],[0.000580285,0.0711949,0.85549,0.0727343],[0.0235873,0.000607363,0.000607363,0.975198],[0.192469,0.0236144,0.117209,0.666708],[0.385801,0.269227,0.26766,0.0773112]]},{"db":2,"id":"HNF1A_HUMAN.H11MO.0.C","len":15,"ltrim":0,"rtrim":0,"nsites":500,"evalue":"1.0e+000","url":"http://hocomoco.autosome.ru/motif/HNF1A_HUMAN.H11MO.0.C","pwm":[[0.319985,0.0460419,0.399971,0.234002],[0.14602,0.0340443,0.719907,0.100029],[0.0460397,0.0660379,0.114028,0.773894],[0.128023,0.102031,0.0900331,0.679913],[0.913866,0.00405033,0.0480415,0.0340421],[0.79189,0.138024,0.0180475,0.0520385],[0.210007,0.0100491,0.0280455,0.751898],[4.88502e-05,5.11298e-05,0.585934,0.413966],[0.725904,0.0100491,0.0480415,0.216006],[0.0800329,0.0240463,0.0640383,0.831882],[0.0240441,0.0660379,0.0120487,0.897869],[0.723904,0.0400431,0.0720367,0.164016],[0.773894,0.0800351,0.0820347,0.0640361],[0.108027,0.721907,0.0360439,0.134022],[0.216006,0.339983,0.0320447,0.411966]]},{"db":2,"id":"IRF1_HUMAN.H11MO.0.A","len":20,"ltrim":1,"rtrim":1,"nsites":499,"evalue":"1.0e+000","url":"http://hocomoco.autosome.ru/motif/IRF1_HUMAN.H11MO.0.A","pwm":[[0.338658,0.176369,0.356693,0.12828],[0.605138,0.098228,0.192397,0.104236],[0.657232,0.0962243,0.128282,0.118262],[0.735373,0.0741847,0.0781919,0.112251],[0.310608,0.228462,0.266531,0.194399],[0.298586,0.1383,0.152325,0.410788],[0.166348,0.00806566,0.82153,0.00405616],[0.93373,0.0100693,0.0461342,0.010067],[0.987827,0.00205484,5.12322e-05,0.010067],[0.98382,0.00205484,0.00606205,0.00806337],[0.136294,0.364708,0.468895,0.030103],[0.20041,0.100232,0.0220909,0.677268],[0.10624,0.00405845,0.887649,0.00205255],[0.937737,0.0160801,0.042127,0.00405616],[0.96178,5.12322e-05,0.0281017,0.010067],[0.985823,0.00405845,0.00405845,0.00605977],[0.0441283,0.3607,0.547036,0.0481355],[0.196402,0.242488,0.0761883,0.484922],[0.468893,0.124275,0.308607,0.0982257],[0.436835,0.16034,0.268535,0.134291]]},{"db":2,"id":"IRF3_HUMAN.H11MO.0.B","len":20,"ltrim":0,"rtrim":0,"nsites":500,"evalue":"1.0e+000","url":"http://hocomoco.autosome.ru/motif/IRF3_HUMAN.H11MO.0.B","pwm":[[0.299989,0.0780355,0.513948,0.108027],[0.603928,0.0440423,0.299991,0.0520385],[0.677913,0.0660379,0.214008,0.0420405],[0.719905,0.0740363,0.110029,0.0960297],[0.305988,0.10803,0.45596,0.130023],[0.224004,0.0540403,0.55794,0.164016],[0.202008,0.0540403,0.731905,0.0120465],[0.819885,0.0180475,0.148022,0.0140461],[0.815886,0.0360439,0.126026,0.0220445],[0.899869,0.0160479,0.0300451,0.0540381],[0.224004,0.261999,0.445962,0.0680353],[0.29199,0.0880335,0.401971,0.218005],[0.200009,0.00604993,0.783894,0.0100469],[0.673914,0.0240463,0.289993,0.0120465],[0.879873,0.0360439,0.0720367,0.0120465],[0.94186,0.00405033,0.0400431,0.0140461],[0.0960297,0.313988,0.547942,0.0420405],[0.265996,0.142023,0.273996,0.317985],[0.228003,0.122027,0.585934,0.0640361],[0.681912,0.0700371,0.178016,0.0700349]]},{"db":2,"id":"IRF7_HUMAN.H11MO.0.C","len":10,"ltrim":0,"rtrim":0,"nsites":40,"evalue":"1.0e+000","url":"http://hocomoco.autosome.ru/motif/IRF7_HUMAN.H11MO.0.C","pwm":[[0.215173,0.0645804,0.658537,0.06171],[0.895807,0.102946,0.000637656,0.000609227],[0.998115,0.000637656,0.000637656,0.000609227],[0.895807,0.0262147,0.000637656,0.0773405],[0.102918,0.353033,0.415555,0.128495],[0.0233444,0.401345,0.1541,0.42121],[0.245012,0.0489499,0.679851,0.0261863],[0.921384,0.000637656,0.0262147,0.0517634],[0.793499,0.205254,0.000637656,0.000609227],[0.668455,0.000637656,0.0773689,0.253538]]},{"db":2,"id":"KLF5_HUMAN.H11MO.0.A","len":14,"ltrim":0,"rtrim":2,"nsites":500,"evalue":"1.0e+000","url":"http://hocomoco.autosome.ru/motif/KLF5_HUMAN.H11MO.0.A","pwm":[[0.421964,0.0340443,0.20401,0.339981],[0.0460397,0.00405033,0.943862,0.00604765],[0.00804725,0.00804953,0.967858,0.0160457],[0.0240441,0.0360439,0.929865,0.0100469],[0.178013,0.184014,0.00804953,0.629923],[0.0460397,0.00205073,0.941863,0.0100469],[0.0400409,0.0100491,0.543942,0.405968],[0.0160457,5.11298e-05,0.963858,0.0200449],[0.0500389,0.0300451,0.829885,0.0900309],[0.106028,0.633924,0.110029,0.150019],[0.247999,0.182015,0.192013,0.377973],[0.104028,0.136024,0.60593,0.154018],[0.154018,0.124026,0.501951,0.220005],[0.148019,0.210009,0.493952,0.148019]]},{"db":2,"id":"KLF6_HUMAN.H11MO.0.A","len":19,"ltrim":1,"rtrim":0,"nsites":496,"evalue":"1.0e+000","url":"http://hocomoco.autosome.ru/motif/KLF6_HUMAN.H11MO.0.A","pwm":[[0.15526,0.185498,0.510029,0.149213],[0.221779,0.247985,0.479794,0.0504423],[0.445524,0.189529,0.280237,0.0847096],[0.459634,0.018193,0.368929,0.153244],[0.0484266,0.00609871,0.814403,0.131071],[0.0242379,5.1542e-05,0.955504,0.0202065],[0.0443951,0.0524603,0.891001,0.0121436],[0.260077,0.457621,5.1542e-05,0.28225],[0.116961,0.00609871,0.854718,0.0222222],[0.0282694,0.0222245,0.689429,0.260077],[0.209684,0.0645547,0.683382,0.0423794],[0.0867253,0.0302874,0.836576,0.0464109],[0.229842,0.453589,0.207671,0.108898],[0.294345,0.318536,0.137121,0.249999],[0.0625366,0.157278,0.522124,0.258062],[0.147197,0.127042,0.6088,0.116961],[0.161307,0.171388,0.602753,0.0645524],[0.348769,0.110916,0.433432,0.106883],[0.258062,0.233875,0.455605,0.052458]]},{"db":2,"id":"LEF1_HUMAN.H11MO.0.A","len":14,"ltrim":1,"rtrim":1,"nsites":456,"evalue":"1.0e+000","url":"http://hocomoco.autosome.ru/motif/LEF1_HUMAN.H11MO.0.A","pwm":[[0.076