prim_db	prim_id	prim_alt	sec_db	sec_id	sec_alt	trim_left	trim_right	red_db	red_id	red_alt	E-value	gap	orient	count	total	adj_p-value	p-value
HOCOMOCOv11_core_HUMAN_mono_meme_format	TGIF1_HUMAN.H11MO.0.A	.	meme.xml	3	MEME	0	0	.	.	.	4.13e-107	1	1	67	301	1.00e-113	9.02e-113
HOCOMOCOv11_core_HUMAN_mono_meme_format	TGIF1_HUMAN.H11MO.0.A	.	meme.xml	3	MEME	0	0	.	.	.	4.13e-107	1	4	67	301	9.17e-94	8.26e-93
HOCOMOCOv11_core_HUMAN_mono_meme_format	TGIF1_HUMAN.H11MO.0.A	.	meme.xml	3	MEME	0	0	.	.	.	4.13e-107	1	6	67	301	9.17e-94	8.26e-93
HOCOMOCOv11_core_HUMAN_mono_meme_format	TGIF1_HUMAN.H11MO.0.A	.	meme.xml	3	MEME	0	0	.	.	.	4.13e-107	1	8	67	301	5.19e-74	4.67e-73
HOCOMOCOv11_core_HUMAN_mono_meme_format	TGIF1_HUMAN.H11MO.0.A	.	meme.xml	3	MEME	0	0	.	.	.	4.13e-107	16	2	27	301	4.79e-36	4.31e-35
HOCOMOCOv11_core_HUMAN_mono_meme_format	TGIF1_HUMAN.H11MO.0.A	.	meme.xml	3	MEME	0	0	.	.	.	4.13e-107	16	6	27	301	3.72e-28	3.35e-27
HOCOMOCOv11_core_HUMAN_mono_meme_format	TGIF1_HUMAN.H11MO.0.A	.	meme.xml	3	MEME	0	0	.	.	.	4.13e-107	16	7	27	301	3.72e-28	3.35e-27
HOCOMOCOv11_core_HUMAN_mono_meme_format	TGIF1_HUMAN.H11MO.0.A	.	meme.xml	3	MEME	0	0	.	.	.	4.13e-107	16	8	27	301	1.67e-20	1.50e-19
HOCOMOCOv11_core_HUMAN_mono_meme_format	TGIF1_HUMAN.H11MO.0.A	.	meme.xml	3	MEME	0	0	.	.	.	4.13e-107	14	2	10	301	1.32e-10	1.19e-09
HOCOMOCOv11_core_HUMAN_mono_meme_format	TGIF1_HUMAN.H11MO.0.A	.	meme.xml	3	MEME	0	0	.	.	.	4.13e-107	17	2	9	301	2.20e-09	1.98e-08
HOCOMOCOv11_core_HUMAN_mono_meme_format	TGIF1_HUMAN.H11MO.0.A	.	meme.xml	3	MEME	0	0	.	.	.	4.13e-107	14	6	10	301	7.84e-08	7.06e-07
HOCOMOCOv11_core_HUMAN_mono_meme_format	TGIF1_HUMAN.H11MO.0.A	.	meme.xml	3	MEME	0	0	.	.	.	4.13e-107	17	6	10	301	7.84e-08	7.06e-07
HOCOMOCOv11_core_HUMAN_mono_meme_format	TGIF1_HUMAN.H11MO.0.A	.	meme.xml	3	MEME	0	0	.	.	.	4.13e-107	14	7	10	301	7.84e-08	7.06e-07
HOCOMOCOv11_core_HUMAN_mono_meme_format	TGIF1_HUMAN.H11MO.0.A	.	meme.xml	3	MEME	0	0	.	.	.	4.13e-107	17	7	10	301	7.84e-08	7.06e-07
HOCOMOCOv11_core_HUMAN_mono_meme_format	TGIF1_HUMAN.H11MO.0.A	.	meme.xml	3	MEME	0	0	.	.	.	4.13e-107	98	7	8	301	4.93e-06	4.43e-05
HOCOMOCOv11_core_HUMAN_mono_meme_format	TGIF1_HUMAN.H11MO.0.A	.	meme.xml	3	MEME	0	0	.	.	.	4.13e-107	98	2	6	301	5.05e-06	4.54e-05
HOCOMOCOv11_core_HUMAN_mono_meme_format	TGIF1_HUMAN.H11MO.0.A	.	HOCOMOCOv11_core_HUMAN_mono_meme_format	NKX21_HUMAN.H11MO.0.A	.	1	1	HOCOMOCOv11_core_HUMAN_mono_meme_format	3	MEME	2.35e-25	7	1	72	7123	4.83e-32	4.34e-31
HOCOMOCOv11_core_HUMAN_mono_meme_format	TGIF1_HUMAN.H11MO.0.A	.	HOCOMOCOv11_core_HUMAN_mono_meme_format	NKX21_HUMAN.H11MO.0.A	.	1	1	HOCOMOCOv11_core_HUMAN_mono_meme_format	3	MEME	2.35e-25	7	4	91	7123	1.46e-25	1.32e-24
HOCOMOCOv11_core_HUMAN_mono_meme_format	TGIF1_HUMAN.H11MO.0.A	.	HOCOMOCOv11_core_HUMAN_mono_meme_format	NKX21_HUMAN.H11MO.0.A	.	1	1	HOCOMOCOv11_core_HUMAN_mono_meme_format	3	MEME	2.35e-25	7	6	90	7123	5.42e-25	4.87e-24
HOCOMOCOv11_core_HUMAN_mono_meme_format	TGIF1_HUMAN.H11MO.0.A	.	HOCOMOCOv11_core_HUMAN_mono_meme_format	NKX21_HUMAN.H11MO.0.A	.	1	1	HOCOMOCOv11_core_HUMAN_mono_meme_format	3	MEME	2.35e-25	7	8	116	7123	7.53e-17	6.78e-16
HOCOMOCOv11_core_HUMAN_mono_meme_format	TGIF1_HUMAN.H11MO.0.A	.	HOCOMOCOv11_core_HUMAN_mono_meme_format	NKX21_HUMAN.H11MO.0.A	.	1	1	HOCOMOCOv11_core_HUMAN_mono_meme_format	3	MEME	2.35e-25	22	2	41	7123	1.40e-11	1.26e-10
HOCOMOCOv11_core_HUMAN_mono_meme_format	TGIF1_HUMAN.H11MO.0.A	.	HOCOMOCOv11_core_HUMAN_mono_meme_format	NKX21_HUMAN.H11MO.0.A	.	1	1	HOCOMOCOv11_core_HUMAN_mono_meme_format	3	MEME	2.35e-25	22	6	50	7123	6.70e-07	6.03e-06
HOCOMOCOv11_core_HUMAN_mono_meme_format	TGIF1_HUMAN.H11MO.0.A	.	HOCOMOCOv11_core_HUMAN_mono_meme_format	NKX21_HUMAN.H11MO.0.A	.	1	1	HOCOMOCOv11_core_HUMAN_mono_meme_format	3	MEME	2.35e-25	22	7	50	7123	6.70e-07	6.03e-06
HOCOMOCOv11_core_HUMAN_mono_meme_format	TGIF1_HUMAN.H11MO.0.A	.	HOCOMOCOv11_core_HUMAN_mono_meme_format	SMCA5_HUMAN.H11MO.0.C	.	0	0	HOCOMOCOv11_core_HUMAN_mono_meme_format	3	MEME	1.85e-24	4	1	55	3861	3.99e-31	3.59e-30
HOCOMOCOv11_core_HUMAN_mono_meme_format	TGIF1_HUMAN.H11MO.0.A	.	HOCOMOCOv11_core_HUMAN_mono_meme_format	SMCA5_HUMAN.H11MO.0.C	.	0	0	HOCOMOCOv11_core_HUMAN_mono_meme_format	3	MEME	1.85e-24	4	4	64	3861	3.03e-23	2.73e-22
HOCOMOCOv11_core_HUMAN_mono_meme_format	TGIF1_HUMAN.H11MO.0.A	.	HOCOMOCOv11_core_HUMAN_mono_meme_format	SMCA5_HUMAN.H11MO.0.C	.	0	0	HOCOMOCOv11_core_HUMAN_mono_meme_format	3	MEME	1.85e-24	4	6	63	3861	1.39e-22	1.25e-21
HOCOMOCOv11_core_HUMAN_mono_meme_format	TGIF1_HUMAN.H11MO.0.A	.	HOCOMOCOv11_core_HUMAN_mono_meme_format	SMCA5_HUMAN.H11MO.0.C	.	0	0	HOCOMOCOv11_core_HUMAN_mono_meme_format	3	MEME	1.85e-24	4	8	77	3861	3.23e-15	2.91e-14
HOCOMOCOv11_core_HUMAN_mono_meme_format	TGIF1_HUMAN.H11MO.0.A	.	HOCOMOCOv11_core_HUMAN_mono_meme_format	SMCA5_HUMAN.H11MO.0.C	.	0	0	HOCOMOCOv11_core_HUMAN_mono_meme_format	3	MEME	1.85e-24	19	2	29	3861	6.14e-11	5.53e-10
HOCOMOCOv11_core_HUMAN_mono_meme_format	TGIF1_HUMAN.H11MO.0.A	.	HOCOMOCOv11_core_HUMAN_mono_meme_format	SMCA5_HUMAN.H11MO.0.C	.	0	0	HOCOMOCOv11_core_HUMAN_mono_meme_format	3	MEME	1.85e-24	19	6	35	3861	2.40e-07	2.16e-06
HOCOMOCOv11_core_HUMAN_mono_meme_format	TGIF1_HUMAN.H11MO.0.A	.	HOCOMOCOv11_core_HUMAN_mono_meme_format	SMCA5_HUMAN.H11MO.0.C	.	0	0	HOCOMOCOv11_core_HUMAN_mono_meme_format	3	MEME	1.85e-24	19	7	35	3861	2.40e-07	2.16e-06
HOCOMOCOv11_core_HUMAN_mono_meme_format	TGIF1_HUMAN.H11MO.0.A	.	HOCOMOCOv11_core_HUMAN_mono_meme_format	SMCA5_HUMAN.H11MO.0.C	.	0	0	HOCOMOCOv11_core_HUMAN_mono_meme_format	3	MEME	1.85e-24	19	8	52	3861	4.63e-06	4.17e-05
HOCOMOCOv11_core_HUMAN_mono_meme_format	TGIF1_HUMAN.H11MO.0.A	.	HOCOMOCOv11_core_HUMAN_mono_meme_format	ZSC31_HUMAN.H11MO.0.C	.	0	0	HOCOMOCOv11_core_HUMAN_mono_meme_format	3	MEME	2.54e-21	4	1	55	4394	5.62e-28	5.06e-27
HOCOMOCOv11_core_HUMAN_mono_meme_format	TGIF1_HUMAN.H11MO.0.A	.	HOCOMOCOv11_core_HUMAN_mono_meme_format	ZSC31_HUMAN.H11MO.0.C	.	0	0	HOCOMOCOv11_core_HUMAN_mono_meme_format	3	MEME	2.54e-21	4	4	67	4394	8.12e-22	7.31e-21
HOCOMOCOv11_core_HUMAN_mono_meme_format	TGIF1_HUMAN.H11MO.0.A	.	HOCOMOCOv11_core_HUMAN_mono_meme_format	ZSC31_HUMAN.H11MO.0.C	.	0	0	HOCOMOCOv11_core_HUMAN_mono_meme_format	3	MEME	2.54e-21	4	6	65	4394	1.36e-20	1.22e-19
HOCOMOCOv11_core_HUMAN_mono_meme_format	TGIF1_HUMAN.H11MO.0.A	.	HOCOMOCOv11_core_HUMAN_mono_meme_format	ZSC31_HUMAN.H11MO.0.C	.	0	0	HOCOMOCOv11_core_HUMAN_mono_meme_format	3	MEME	2.54e-21	4	8	87	4394	3.85e-16	3.47e-15
HOCOMOCOv11_core_HUMAN_mono_meme_format	TGIF1_HUMAN.H11MO.0.A	.	HOCOMOCOv11_core_HUMAN_mono_meme_format	ZSC31_HUMAN.H11MO.0.C	.	0	0	HOCOMOCOv11_core_HUMAN_mono_meme_format	3	MEME	2.54e-21	19	2	32	4394	3.00e-11	2.70e-10
HOCOMOCOv11_core_HUMAN_mono_meme_format	TGIF1_HUMAN.H11MO.0.A	.	HOCOMOCOv11_core_HUMAN_mono_meme_format	ZSC31_HUMAN.H11MO.0.C	.	0	0	HOCOMOCOv11_core_HUMAN_mono_meme_format	3	MEME	2.54e-21	19	7	43	4394	4.27e-09	3.84e-08
HOCOMOCOv11_core_HUMAN_mono_meme_format	TGIF1_HUMAN.H11MO.0.A	.	HOCOMOCOv11_core_HUMAN_mono_meme_format	ZSC31_HUMAN.H11MO.0.C	.	0	0	HOCOMOCOv11_core_HUMAN_mono_meme_format	3	MEME	2.54e-21	19	8	65	4394	5.78e-08	5.20e-07
HOCOMOCOv11_core_HUMAN_mono_meme_format	TGIF1_HUMAN.H11MO.0.A	.	HOCOMOCOv11_core_HUMAN_mono_meme_format	ZSC31_HUMAN.H11MO.0.C	.	0	0	HOCOMOCOv11_core_HUMAN_mono_meme_format	3	MEME	2.54e-21	19	6	38	4394	4.44e-07	4.00e-06
HOCOMOCOv11_core_HUMAN_mono_meme_format	TGIF1_HUMAN.H11MO.0.A	.	HOCOMOCOv11_core_HUMAN_mono_meme_format	TEAD1_HUMAN.H11MO.0.A	.	0	3	HOCOMOCOv11_core_HUMAN_mono_meme_format	3	MEME	3.49e-19	6	0	56	5408	7.23e-26	6.50e-25
HOCOMOCOv11_core_HUMAN_mono_meme_format	TGIF1_HUMAN.H11MO.0.A	.	HOCOMOCOv11_core_HUMAN_mono_meme_format	TEAD1_HUMAN.H11MO.0.A	.	0	3	HOCOMOCOv11_core_HUMAN_mono_meme_format	3	MEME	3.49e-19	6	4	68	5408	2.79e-19	2.51e-18
HOCOMOCOv11_core_HUMAN_mono_meme_format	TGIF1_HUMAN.H11MO.0.A	.	HOCOMOCOv11_core_HUMAN_mono_meme_format	TEAD1_HUMAN.H11MO.0.A	.	0	3	HOCOMOCOv11_core_HUMAN_mono_meme_format	3	MEME	3.49e-19	6	5	67	5408	1.01e-18	9.10e-18
HOCOMOCOv11_core_HUMAN_mono_meme_format	TGIF1_HUMAN.H11MO.0.A	.	HOCOMOCOv11_core_HUMAN_mono_meme_format	TEAD1_HUMAN.H11MO.0.A	.	0	3	HOCOMOCOv11_core_HUMAN_mono_meme_format	3	MEME	3.49e-19	6	8	86	5408	1.66e-12	1.50e-11
HOCOMOCOv11_core_HUMAN_mono_meme_format	TGIF1_HUMAN.H11MO.0.A	.	HOCOMOCOv11_core_HUMAN_mono_meme_format	TEAD1_HUMAN.H11MO.0.A	.	0	3	HOCOMOCOv11_core_HUMAN_mono_meme_format	3	MEME	3.49e-19	21	3	30	5408	9.73e-09	8.76e-08
HOCOMOCOv11_core_HUMAN_mono_meme_format	TGIF1_HUMAN.H11MO.0.A	.	HOCOMOCOv11_core_HUMAN_mono_meme_format	TEAD1_HUMAN.H11MO.0.A	.	0	3	HOCOMOCOv11_core_HUMAN_mono_meme_format	3	MEME	3.49e-19	21	7	41	5408	9.05e-07	8.15e-06
HOCOMOCOv11_core_HUMAN_mono_meme_format	TGIF1_HUMAN.H11MO.0.A	.	dreme.xml	CHGCCTS	DREME	0	0	dreme.xml	3	MEME	4.76e-16	2	0	56	6410	9.72e-23	8.75e-22
HOCOMOCOv11_core_HUMAN_mono_meme_format	TGIF1_HUMAN.H11MO.0.A	.	dreme.xml	CHGCCTS	DREME	0	0	dreme.xml	3	MEME	4.76e-16	2	4	68	6410	5.13e-16	4.62e-15
HOCOMOCOv11_core_HUMAN_mono_meme_format	TGIF1_HUMAN.H11MO.0.A	.	dreme.xml	CHGCCTS	DREME	0	0	dreme.xml	3	MEME	4.76e-16	17	3	43	6410	3.31e-14	2.98e-13
HOCOMOCOv11_core_HUMAN_mono_meme_format	TGIF1_HUMAN.H11MO.0.A	.	dreme.xml	CHGCCTS	DREME	0	0	dreme.xml	3	MEME	4.76e-16	2	5	62	6410	3.62e-13	3.26e-12
HOCOMOCOv11_core_HUMAN_mono_meme_format	TGIF1_HUMAN.H11MO.0.A	.	dreme.xml	CHGCCTS	DREME	0	0	dreme.xml	3	MEME	4.76e-16	17	7	56	6410	1.44e-10	1.30e-09
HOCOMOCOv11_core_HUMAN_mono_meme_format	TGIF1_HUMAN.H11MO.0.A	.	dreme.xml	CHGCCTS	DREME	0	0	dreme.xml	3	MEME	4.76e-16	76	1	33	6410	9.12e-09	8.21e-08
HOCOMOCOv11_core_HUMAN_mono_meme_format	TGIF1_HUMAN.H11MO.0.A	.	dreme.xml	CHGCCTS	DREME	0	0	dreme.xml	3	MEME	4.76e-16	44	1	32	6410	2.75e-08	2.48e-07
HOCOMOCOv11_core_HUMAN_mono_meme_format	TGIF1_HUMAN.H11MO.0.A	.	dreme.xml	CHGCCTS	DREME	0	0	dreme.xml	3	MEME	4.76e-16	2	8	81	6410	5.84e-08	5.25e-07
HOCOMOCOv11_core_HUMAN_mono_meme_format	TGIF1_HUMAN.H11MO.0.A	.	dreme.xml	CHGCCTS	DREME	0	0	dreme.xml	3	MEME	4.76e-16	17	5	49	6410	7.05e-08	6.34e-07
HOCOMOCOv11_core_HUMAN_mono_meme_format	TGIF1_HUMAN.H11MO.0.A	.	dreme.xml	CHGCCTS	DREME	0	0	dreme.xml	3	MEME	4.76e-16	76	6	46	6410	7.51e-07	6.76e-06
HOCOMOCOv11_core_HUMAN_mono_meme_format	TGIF1_HUMAN.H11MO.0.A	.	dreme.xml	CHGCCTS	DREME	0	0	dreme.xml	3	MEME	4.76e-16	44	6	45	6410	1.59e-06	1.43e-05
HOCOMOCOv11_core_HUMAN_mono_meme_format	TGIF1_HUMAN.H11MO.0.A	.	HOCOMOCOv11_core_HUMAN_mono_meme_format	ZN274_HUMAN.H11MO.0.A	.	0	0	HOCOMOCOv11_core_HUMAN_mono_meme_format	3	MEME	5.65e-14	2	1	33	2079	1.27e-20	1.14e-19
HOCOMOCOv11_core_HUMAN_mono_meme_format	TGIF1_HUMAN.H11MO.0.A	.	HOCOMOCOv11_core_HUMAN_mono_meme_format	ZN274_HUMAN.H11MO.0.A	.	0	0	HOCOMOCOv11_core_HUMAN_mono_meme_format	3	MEME	5.65e-14	2	4	35	2079	1.26e-13	1.14e-12
HOCOMOCOv11_core_HUMAN_mono_meme_format	TGIF1_HUMAN.H11MO.0.A	.	HOCOMOCOv11_core_HUMAN_mono_meme_format	ZN274_HUMAN.H11MO.0.A	.	0	0	HOCOMOCOv11_core_HUMAN_mono_meme_format	3	MEME	5.65e-14	2	6	35	2079	1.26e-13	1.14e-12
HOCOMOCOv11_core_HUMAN_mono_meme_format	TGIF1_HUMAN.H11MO.0.A	.	HOCOMOCOv11_core_HUMAN_mono_meme_format	ZN274_HUMAN.H11MO.0.A	.	0	0	HOCOMOCOv11_core_HUMAN_mono_meme_format	3	MEME	5.65e-14	2	8	38	2079	1.69e-07	1.52e-06
HOCOMOCOv11_core_HUMAN_mono_meme_format	TGIF1_HUMAN.H11MO.0.A	.	HOCOMOCOv11_core_HUMAN_mono_meme_format	ZN274_HUMAN.H11MO.0.A	.	0	0	HOCOMOCOv11_core_HUMAN_mono_meme_format	3	MEME	5.65e-14	17	2	16	2079	4.76e-07	4.28e-06
HOCOMOCOv11_core_HUMAN_mono_meme_format	TGIF1_HUMAN.H11MO.0.A	.	HOCOMOCOv11_core_HUMAN_mono_meme_format	E2F3_HUMAN.H11MO.0.A	.	2	0	HOCOMOCOv11_core_HUMAN_mono_meme_format	3	MEME	1.22e-10	4	1	68	11838	2.52e-17	2.27e-16
HOCOMOCOv11_core_HUMAN_mono_meme_format	TGIF1_HUMAN.H11MO.0.A	.	HOCOMOCOv11_core_HUMAN_mono_meme_format	E2F3_HUMAN.H11MO.0.A	.	2	0	HOCOMOCOv11_core_HUMAN_mono_meme_format	3	MEME	1.22e-10	4	4	91	11838	2.77e-12	2.49e-11
HOCOMOCOv11_core_HUMAN_mono_meme_format	TGIF1_HUMAN.H11MO.0.A	.	HOCOMOCOv11_core_HUMAN_mono_meme_format	E2F3_HUMAN.H11MO.0.A	.	2	0	HOCOMOCOv11_core_HUMAN_mono_meme_format	3	MEME	1.22e-10	4	6	89	11838	1.34e-11	1.21e-10
HOCOMOCOv11_core_HUMAN_mono_meme_format	TGIF1_HUMAN.H11MO.0.A	.	HOCOMOCOv11_core_HUMAN_mono_meme_format	E2F3_HUMAN.H11MO.0.A	.	2	0	HOCOMOCOv11_core_HUMAN_mono_meme_format	3	MEME	1.22e-10	66	0	52	11838	7.38e-10	6.65e-09
HOCOMOCOv11_core_HUMAN_mono_meme_format	TGIF1_HUMAN.H11MO.0.A	.	HOCOMOCOv11_core_HUMAN_mono_meme_format	E2F3_HUMAN.H11MO.0.A	.	2	0	HOCOMOCOv11_core_HUMAN_mono_meme_format	3	MEME	1.22e-10	4	8	131	11838	8.80e-08	7.92e-07
HOCOMOCOv11_core_HUMAN_mono_meme_format	TGIF1_HUMAN.H11MO.0.A	.	HOCOMOCOv11_core_HUMAN_mono_meme_format	E2F3_HUMAN.H11MO.0.A	.	2	0	HOCOMOCOv11_core_HUMAN_mono_meme_format	3	MEME	1.22e-10	66	5	76	11838	1.24e-07	1.12e-06
HOCOMOCOv11_core_HUMAN_mono_meme_format	TGIF1_HUMAN.H11MO.0.A	.	HOCOMOCOv11_core_HUMAN_mono_meme_format	E2F3_HUMAN.H11MO.0.A	.	2	0	HOCOMOCOv11_core_HUMAN_mono_meme_format	3	MEME	1.22e-10	19	2	45	11838	3.27e-07	2.94e-06
HOCOMOCOv11_core_HUMAN_mono_meme_format	TGIF1_HUMAN.H11MO.0.A	.	HOCOMOCOv11_core_HUMAN_mono_meme_format	E2F6_HUMAN.H11MO.0.A	.	1	2	HOCOMOCOv11_core_HUMAN_mono_meme_format	3	MEME	2.70e-10	3	1	64	10776	5.62e-17	5.06e-16
HOCOMOCOv11_core_HUMAN_mono_meme_format	TGIF1_HUMAN.H11MO.0.A	.	HOCOMOCOv11_core_HUMAN_mono_meme_format	E2F6_HUMAN.H11MO.0.A	.	1	2	HOCOMOCOv11_core_HUMAN_mono_meme_format	3	MEME	2.70e-10	3	6	87	10776	9.44e-13	8.50e-12
HOCOMOCOv11_core_HUMAN_mono_meme_format	TGIF1_HUMAN.H11MO.0.A	.	HOCOMOCOv11_core_HUMAN_mono_meme_format	E2F6_HUMAN.H11MO.0.A	.	1	2	HOCOMOCOv11_core_HUMAN_mono_meme_format	3	MEME	2.70e-10	3	4	86	10776	2.18e-12	1.96e-11
HOCOMOCOv11_core_HUMAN_mono_meme_format	TGIF1_HUMAN.H11MO.0.A	.	HOCOMOCOv11_core_HUMAN_mono_meme_format	E2F6_HUMAN.H11MO.0.A	.	1	2	HOCOMOCOv11_core_HUMAN_mono_meme_format	3	MEME	2.70e-10	18	2	51	10776	1.18e-10	1.07e-09
HOCOMOCOv11_core_HUMAN_mono_meme_format	TGIF1_HUMAN.H11MO.0.A	.	HOCOMOCOv11_core_HUMAN_mono_meme_format	E2F6_HUMAN.H11MO.0.A	.	1	2	HOCOMOCOv11_core_HUMAN_mono_meme_format	3	MEME	2.70e-10	3	8	128	10776	4.49e-09	4.04e-08
HOCOMOCOv11_core_HUMAN_mono_meme_format	TGIF1_HUMAN.H11MO.0.A	.	HOCOMOCOv11_core_HUMAN_mono_meme_format	E2F6_HUMAN.H11MO.0.A	.	1	2	HOCOMOCOv11_core_HUMAN_mono_meme_format	3	MEME	2.70e-10	18	7	70	10776	2.72e-07	2.44e-06
HOCOMOCOv11_core_HUMAN_mono_meme_format	TGIF1_HUMAN.H11MO.0.A	.	HOCOMOCOv11_core_HUMAN_mono_meme_format	NKX25_HUMAN.H11MO.0.B	.	1	0	HOCOMOCOv11_core_HUMAN_mono_meme_format	3	MEME	3.06e-07	8	1	68	14231	6.24e-14	5.61e-13
HOCOMOCOv11_core_HUMAN_mono_meme_format	TGIF1_HUMAN.H11MO.0.A	.	HOCOMOCOv11_core_HUMAN_mono_meme_format	NKX25_HUMAN.H11MO.0.B	.	1	0	HOCOMOCOv11_core_HUMAN_mono_meme_format	3	MEME	3.06e-07	8	6	107	14231	8.93e-14	8.03e-13
HOCOMOCOv11_core_HUMAN_mono_meme_format	TGIF1_HUMAN.H11MO.0.A	.	HOCOMOCOv11_core_HUMAN_mono_meme_format	NKX25_HUMAN.H11MO.0.B	.	1	0	HOCOMOCOv11_core_HUMAN_mono_meme_format	3	MEME	3.06e-07	8	4	100	14231	1.77e-11	1.60e-10
HOCOMOCOv11_core_HUMAN_mono_meme_format	TGIF1_HUMAN.H11MO.0.A	.	HOCOMOCOv11_core_HUMAN_mono_meme_format	NKX25_HUMAN.H11MO.0.B	.	1	0	HOCOMOCOv11_core_HUMAN_mono_meme_format	3	MEME	3.06e-07	8	8	157	14231	4.16e-09	3.74e-08
HOCOMOCOv11_core_HUMAN_mono_meme_format	TGIF1_HUMAN.H11MO.0.A	.	HOCOMOCOv11_core_HUMAN_mono_meme_format	NKX25_HUMAN.H11MO.0.B	.	1	0	HOCOMOCOv11_core_HUMAN_mono_meme_format	3	MEME	3.06e-07	0	2	52	14231	1.23e-07	1.11e-06
HOCOMOCOv11_core_HUMAN_mono_meme_format	TGIF1_HUMAN.H11MO.0.A	.	HOCOMOCOv11_core_HUMAN_mono_meme_format	NKX25_HUMAN.H11MO.0.B	.	1	0	HOCOMOCOv11_core_HUMAN_mono_meme_format	3	MEME	3.06e-07	10	2	49	14231	1.15e-06	1.03e-05
HOCOMOCOv11_core_HUMAN_mono_meme_format	TGIF1_HUMAN.H11MO.0.A	.	HOCOMOCOv11_core_HUMAN_mono_meme_format	NKX25_HUMAN.H11MO.0.B	.	1	0	HOCOMOCOv11_core_HUMAN_mono_meme_format	3	MEME	3.06e-07	23	2	48	14231	2.32e-06	2.09e-05
HOCOMOCOv11_core_HUMAN_mono_meme_format	TGIF1_HUMAN.H11MO.0.A	.	HOCOMOCOv11_core_HUMAN_mono_meme_format	PAX6_HUMAN.H11MO.0.C	.	0	0	HOCOMOCOv11_core_HUMAN_mono_meme_format	3	MEME	3.29e-07	25	1	39	5290	6.97e-14	6.27e-13
HOCOMOCOv11_core_HUMAN_mono_meme_format	TGIF1_HUMAN.H11MO.0.A	.	HOCOMOCOv11_core_HUMAN_mono_meme_format	PAX6_HUMAN.H11MO.0.C	.	0	0	HOCOMOCOv11_core_HUMAN_mono_meme_format	3	MEME	3.29e-07	68	1	33	5290	2.40e-10	2.16e-09
HOCOMOCOv11_core_HUMAN_mono_meme_format	TGIF1_HUMAN.H11MO.0.A	.	HOCOMOCOv11_core_HUMAN_mono_meme_format	PAX6_HUMAN.H11MO.0.C	.	0	0	HOCOMOCOv11_core_HUMAN_mono_meme_format	3	MEME	3.29e-07	25	4	49	5290	7.20e-10	6.48e-09
HOCOMOCOv11_core_HUMAN_mono_meme_format	TGIF1_HUMAN.H11MO.0.A	.	HOCOMOCOv11_core_HUMAN_mono_meme_format	PAX6_HUMAN.H11MO.0.C	.	0	0	HOCOMOCOv11_core_HUMAN_mono_meme_format	3	MEME	3.29e-07	68	4	45	5290	3.00e-08	2.70e-07
HOCOMOCOv11_core_HUMAN_mono_meme_format	TGIF1_HUMAN.H11MO.0.A	.	HOCOMOCOv11_core_HUMAN_mono_meme_format	PAX6_HUMAN.H11MO.0.C	.	0	0	HOCOMOCOv11_core_HUMAN_mono_meme_format	3	MEME	3.29e-07	25	6	45	5290	3.00e-08	2.70e-07
HOCOMOCOv11_core_HUMAN_mono_meme_format	TGIF1_HUMAN.H11MO.0.A	.	HOCOMOCOv11_core_HUMAN_mono_meme_format	PAX6_HUMAN.H11MO.0.C	.	0	0	HOCOMOCOv11_core_HUMAN_mono_meme_format	3	MEME	3.29e-07	68	6	40	5290	1.96e-06	1.76e-05
HOCOMOCOv11_core_HUMAN_mono_meme_format	TGIF1_HUMAN.H11MO.0.A	.	HOCOMOCOv11_core_HUMAN_mono_meme_format	PAX6_HUMAN.H11MO.0.C	.	0	0	HOCOMOCOv11_core_HUMAN_mono_meme_format	3	MEME	3.29e-07	83	2	25	5290	2.32e-06	2.09e-05
HOCOMOCOv11_core_HUMAN_mono_meme_format	TGIF1_HUMAN.H11MO.0.A	.	HOCOMOCOv11_core_HUMAN_mono_meme_format	ZN140_HUMAN.H11MO.0.C	.	2	1	HOCOMOCOv11_core_HUMAN_mono_meme_format	3	MEME	2.04e-06	7	0	15	634	4.61e-13	4.15e-12
HOCOMOCOv11_core_HUMAN_mono_meme_format	TGIF1_HUMAN.H11MO.0.A	.	HOCOMOCOv11_core_HUMAN_mono_meme_format	ZN140_HUMAN.H11MO.0.C	.	2	1	HOCOMOCOv11_core_HUMAN_mono_meme_format	3	MEME	2.04e-06	7	5	17	634	1.02e-10	9.21e-10
HOCOMOCOv11_core_HUMAN_mono_meme_format	TGIF1_HUMAN.H11MO.0.A	.	HOCOMOCOv11_core_HUMAN_mono_meme_format	ZN140_HUMAN.H11MO.0.C	.	2	1	HOCOMOCOv11_core_HUMAN_mono_meme_format	3	MEME	2.04e-06	7	4	15	634	4.98e-09	4.48e-08
HOCOMOCOv11_core_HUMAN_mono_meme_format	TGIF1_HUMAN.H11MO.0.A	.	HOCOMOCOv11_core_HUMAN_mono_meme_format	ZN140_HUMAN.H11MO.0.C	.	2	1	HOCOMOCOv11_core_HUMAN_mono_meme_format	3	MEME	2.04e-06	7	8	19	634	9.35e-08	8.42e-07
HOCOMOCOv11_core_HUMAN_mono_meme_format	TGIF1_HUMAN.H11MO.0.A	.	HOCOMOCOv11_core_HUMAN_mono_meme_format	SALL4_HUMAN.H11MO.0.B	.	2	0	HOCOMOCOv11_core_HUMAN_mono_meme_format	3	MEME	5.33e-04	3	1	66	16174	1.09e-10	9.85e-10
HOCOMOCOv11_core_HUMAN_mono_meme_format	TGIF1_HUMAN.H11MO.0.A	.	HOCOMOCOv11_core_HUMAN_mono_meme_format	SALL4_HUMAN.H11MO.0.B	.	2	0	HOCOMOCOv11_core_HUMAN_mono_meme_format	3	MEME	5.33e-04	3	4	101	16174	6.71e-09	6.04e-08
HOCOMOCOv11_core_HUMAN_mono_meme_format	TGIF1_HUMAN.H11MO.0.A	.	HOCOMOCOv11_core_HUMAN_mono_meme_format	SALL4_HUMAN.H11MO.0.B	.	2	0	HOCOMOCOv11_core_HUMAN_mono_meme_format	3	MEME	5.33e-04	3	6	97	16174	6.82e-08	6.14e-07
HOCOMOCOv11_core_HUMAN_mono_meme_format	TGIF1_HUMAN.H11MO.0.A	.	HOCOMOCOv11_core_HUMAN_mono_meme_format	SALL4_HUMAN.H11MO.0.B	.	2	0	HOCOMOCOv11_core_HUMAN_mono_meme_format	3	MEME	5.33e-04	74	0	56	16174	2.98e-07	2.68e-06
HOCOMOCOv11_core_HUMAN_mono_meme_format	TGIF1_HUMAN.H11MO.0.A	.	HOCOMOCOv11_core_HUMAN_mono_meme_format	SALL4_HUMAN.H11MO.0.B	.	2	0	HOCOMOCOv11_core_HUMAN_mono_meme_format	3	MEME	5.33e-04	65	2	54	16174	1.19e-06	1.07e-05
HOCOMOCOv11_core_HUMAN_mono_meme_format	TGIF1_HUMAN.H11MO.0.A	.	HOCOMOCOv11_core_HUMAN_mono_meme_format	SALL4_HUMAN.H11MO.0.B	.	2	0	HOCOMOCOv11_core_HUMAN_mono_meme_format	3	MEME	5.33e-04	18	2	53	16174	2.32e-06	2.09e-05
HOCOMOCOv11_core_HUMAN_mono_meme_format	TGIF1_HUMAN.H11MO.0.A	.	HOCOMOCOv11_core_HUMAN_mono_meme_format	ESR1_HUMAN.H11MO.0.A	.	0	0	HOCOMOCOv11_core_HUMAN_mono_meme_format	3	MEME	3.38e-02	29	0	21	2693	7.31e-09	6.58e-08
HOCOMOCOv11_core_HUMAN_mono_meme_format	TGIF1_HUMAN.H11MO.0.A	.	HOCOMOCOv11_core_HUMAN_mono_meme_format	ESR1_HUMAN.H11MO.0.A	.	0	0	HOCOMOCOv11_core_HUMAN_mono_meme_format	3	MEME	3.38e-02	29	4	27	2693	5.68e-07	5.11e-06
HOCOMOCOv11_core_HUMAN_mono_meme_format	TGIF1_HUMAN.H11MO.0.A	.	HOCOMOCOv11_core_HUMAN_mono_meme_format	ESR1_HUMAN.H11MO.0.A	.	0	0	HOCOMOCOv11_core_HUMAN_mono_meme_format	3	MEME	3.38e-02	29	5	25	2693	4.28e-06	3.85e-05
HOCOMOCOv11_core_HUMAN_mono_meme_format	TGIF1_HUMAN.H11MO.0.A	.	HOCOMOCOv11_core_HUMAN_mono_meme_format	SRBP2_HUMAN.H11MO.0.B	.	2	2	HOCOMOCOv11_core_HUMAN_mono_meme_format	3	MEME	2.86e-01	16	1	45	11075	5.92e-08	5.32e-07
HOCOMOCOv11_core_HUMAN_mono_meme_format	TGIF1_HUMAN.H11MO.0.A	.	HOCOMOCOv11_core_HUMAN_mono_meme_format	SRBP2_HUMAN.H11MO.0.B	.	2	2	HOCOMOCOv11_core_HUMAN_mono_meme_format	3	MEME	2.86e-01	16	4	67	11075	3.10e-06	2.79e-05
HOCOMOCOv11_core_HUMAN_mono_meme_format	TGIF1_HUMAN.H11MO.0.A	.	HOCOMOCOv11_core_HUMAN_mono_meme_format	ATF3_HUMAN.H11MO.0.A	.	0	1	HOCOMOCOv11_core_HUMAN_mono_meme_format	3	MEME	1.57e+00	17	0	19	2978	3.28e-07	2.95e-06
HOCOMOCOv11_core_HUMAN_mono_meme_format	TGIF1_HUMAN.H11MO.0.A	.	HOCOMOCOv11_core_HUMAN_mono_meme_format	ATF3_HUMAN.H11MO.0.A	.	0	1	HOCOMOCOv11_core_HUMAN_mono_meme_format	3	MEME	1.57e+00	17	5	27	2978	1.75e-06	1.58e-05
HOCOMOCOv11_core_HUMAN_mono_meme_format	TGIF1_HUMAN.H11MO.0.A	.	HOCOMOCOv11_core_HUMAN_mono_meme_format	ESR2_HUMAN.H11MO.0.A	.	0	0	HOCOMOCOv11_core_HUMAN_mono_meme_format	3	MEME	3.24e+00	29	1	23	4198	7.02e-07	6.32e-06
HOCOMOCOv11_core_HUMAN_mono_meme_format	TGIF1_HUMAN.H11MO.0.A	.	HOCOMOCOv11_core_HUMAN_mono_meme_format	ZN121_HUMAN.H11MO.0.C	.	0	0	.	.	.	6.75e-50	0	3	47	695	1.52e-56	1.36e-55
HOCOMOCOv11_core_HUMAN_mono_meme_format	TGIF1_HUMAN.H11MO.0.A	.	HOCOMOCOv11_core_HUMAN_mono_meme_format	ZN121_HUMAN.H11MO.0.C	.	0	0	.	.	.	6.75e-50	0	5	49	695	1.65e-45	1.49e-44
HOCOMOCOv11_core_HUMAN_mono_meme_format	TGIF1_HUMAN.H11MO.0.A	.	HOCOMOCOv11_core_HUMAN_mono_meme_format	ZN121_HUMAN.H11MO.0.C	.	0	0	.	.	.	6.75e-50	0	7	47	695	6.34e-43	5.70e-42
HOCOMOCOv11_core_HUMAN_mono_meme_format	TGIF1_HUMAN.H11MO.0.A	.	HOCOMOCOv11_core_HUMAN_mono_meme_format	ZN121_HUMAN.H11MO.0.C	.	0	0	.	.	.	6.75e-50	0	8	49	695	8.23e-32	7.41e-31
HOCOMOCOv11_core_HUMAN_mono_meme_format	TGIF1_HUMAN.H11MO.0.A	.	HOCOMOCOv11_core_HUMAN_mono_meme_format	PAX5_HUMAN.H11MO.0.A	.	0	0	.	.	.	3.96e-23	1	3	49	2997	8.94e-30	8.05e-29
HOCOMOCOv11_core_HUMAN_mono_meme_format	TGIF1_HUMAN.H11MO.0.A	.	HOCOMOCOv11_core_HUMAN_mono_meme_format	PAX5_HUMAN.H11MO.0.A	.	0	0	.	.	.	3.96e-23	1	7	53	2997	4.57e-20	4.11e-19
HOCOMOCOv11_core_HUMAN_mono_meme_format	TGIF1_HUMAN.H11MO.0.A	.	HOCOMOCOv11_core_HUMAN_mono_meme_format	PAX5_HUMAN.H11MO.0.A	.	0	0	.	.	.	3.96e-23	1	5	52	2997	2.14e-19	1.93e-18
HOCOMOCOv11_core_HUMAN_mono_meme_format	TGIF1_HUMAN.H11MO.0.A	.	HOCOMOCOv11_core_HUMAN_mono_meme_format	PAX5_HUMAN.H11MO.0.A	.	0	0	.	.	.	3.96e-23	1	8	61	2997	3.55e-12	3.20e-11
HOCOMOCOv11_core_HUMAN_mono_meme_format	TGIF1_HUMAN.H11MO.0.A	.	meme.xml	4	MEME	0	0	.	.	.	2.01e-21	91	0	23	349	4.84e-28	4.35e-27
HOCOMOCOv11_core_HUMAN_mono_meme_format	TGIF1_HUMAN.H11MO.0.A	.	meme.xml	4	MEME	0	0	.	.	.	2.01e-21	91	4	24	349	1.19e-22	1.07e-21
HOCOMOCOv11_core_HUMAN_mono_meme_format	TGIF1_HUMAN.H11MO.0.A	.	meme.xml	4	MEME	0	0	.	.	.	2.01e-21	91	5	24	349	1.19e-22	1.07e-21
HOCOMOCOv11_core_HUMAN_mono_meme_format	TGIF1_HUMAN.H11MO.0.A	.	meme.xml	4	MEME	0	0	.	.	.	2.01e-21	91	8	26	349	6.08e-18	5.47e-17
HOCOMOCOv11_core_HUMAN_mono_meme_format	TGIF1_HUMAN.H11MO.0.A	.	meme.xml	4	MEME	0	0	.	.	.	2.01e-21	106	3	10	349	5.01e-10	4.51e-09
HOCOMOCOv11_core_HUMAN_mono_meme_format	TGIF1_HUMAN.H11MO.0.A	.	meme.xml	4	MEME	0	0	.	.	.	2.01e-21	106	8	15	349	3.40e-08	3.06e-07
HOCOMOCOv11_core_HUMAN_mono_meme_format	TGIF1_HUMAN.H11MO.0.A	.	meme.xml	4	MEME	0	0	.	.	.	2.01e-21	106	7	11	349	3.43e-08	3.09e-07
HOCOMOCOv11_core_HUMAN_mono_meme_format	TGIF1_HUMAN.H11MO.0.A	.	meme.xml	4	MEME	0	0	.	.	.	2.01e-21	75	3	8	349	9.36e-08	8.43e-07
HOCOMOCOv11_core_HUMAN_mono_meme_format	TGIF1_HUMAN.H11MO.0.A	.	meme.xml	4	MEME	0	0	.	.	.	2.01e-21	106	5	10	349	2.74e-07	2.46e-06
HOCOMOCOv11_core_HUMAN_mono_meme_format	TGIF1_HUMAN.H11MO.0.A	.	meme.xml	4	MEME	0	0	.	.	.	2.01e-21	104	3	7	349	1.08e-06	9.70e-06
HOCOMOCOv11_core_HUMAN_mono_meme_format	TGIF1_HUMAN.H11MO.0.A	.	meme.xml	4	MEME	0	0	.	.	.	2.01e-21	107	3	7	349	1.08e-06	9.70e-06
HOCOMOCOv11_core_HUMAN_mono_meme_format	TGIF1_HUMAN.H11MO.0.A	.	meme.xml	4	MEME	0	0	.	.	.	2.01e-21	75	7	9	349	1.99e-06	1.79e-05
HOCOMOCOv11_core_HUMAN_mono_meme_format	TGIF1_HUMAN.H11MO.0.A	.	HOCOMOCOv11_core_HUMAN_mono_meme_format	TFE2_HUMAN.H11MO.0.A	.	0	1	HOCOMOCOv11_core_HUMAN_mono_meme_format	4	MEME	1.63e-03	86	0	27	3793	3.40e-10	3.06e-09
HOCOMOCOv11_core_HUMAN_mono_meme_format	TGIF1_HUMAN.H11MO.0.A	.	HOCOMOCOv11_core_HUMAN_mono_meme_format	TFE2_HUMAN.H11MO.0.A	.	0	1	HOCOMOCOv11_core_HUMAN_mono_meme_format	4	MEME	1.63e-03	86	4	38	3793	3.35e-09	3.01e-08
HOCOMOCOv11_core_HUMAN_mono_meme_format	TGIF1_HUMAN.H11MO.0.A	.	HOCOMOCOv11_core_HUMAN_mono_meme_format	DLX3_HUMAN.H11MO.0.C	.	0	1	.	.	.	4.65e-11	122	1	32	2644	9.62e-18	8.66e-17
HOCOMOCOv11_core_HUMAN_mono_meme_format	TGIF1_HUMAN.H11MO.0.A	.	HOCOMOCOv11_core_HUMAN_mono_meme_format	DLX3_HUMAN.H11MO.0.C	.	0	1	.	.	.	4.65e-11	122	6	39	2644	3.35e-14	3.01e-13
HOCOMOCOv11_core_HUMAN_mono_meme_format	TGIF1_HUMAN.H11MO.0.A	.	HOCOMOCOv11_core_HUMAN_mono_meme_format	DLX3_HUMAN.H11MO.0.C	.	0	1	.	.	.	4.65e-11	122	4	37	2644	5.94e-13	5.35e-12
HOCOMOCOv11_core_HUMAN_mono_meme_format	TGIF1_HUMAN.H11MO.0.A	.	HOCOMOCOv11_core_HUMAN_mono_meme_format	DLX3_HUMAN.H11MO.0.C	.	0	1	.	.	.	4.65e-11	122	8	50	2644	1.23e-10	1.10e-09
HOCOMOCOv11_core_HUMAN_mono_meme_format	TGIF1_HUMAN.H11MO.0.A	.	HOCOMOCOv11_core_HUMAN_mono_meme_format	PRRX2_HUMAN.H11MO.0.C	.	1	0	HOCOMOCOv11_core_HUMAN_mono_meme_format	DLX3_HUMAN.H11MO.0.C	.	2.00e-10	124	1	35	3458	4.05e-17	3.65e-16
HOCOMOCOv11_core_HUMAN_mono_meme_format	TGIF1_HUMAN.H11MO.0.A	.	HOCOMOCOv11_core_HUMAN_mono_meme_format	PRRX2_HUMAN.H11MO.0.C	.	1	0	HOCOMOCOv11_core_HUMAN_mono_meme_format	DLX3_HUMAN.H11MO.0.C	.	2.00e-10	124	4	48	3458	3.03e-16	2.73e-15
HOCOMOCOv11_core_HUMAN_mono_meme_format	TGIF1_HUMAN.H11MO.0.A	.	HOCOMOCOv11_core_HUMAN_mono_meme_format	PRRX2_HUMAN.H11MO.0.C	.	1	0	HOCOMOCOv11_core_HUMAN_mono_meme_format	DLX3_HUMAN.H11MO.0.C	.	2.00e-10	124	8	66	3458	8.76e-14	7.88e-13
HOCOMOCOv11_core_HUMAN_mono_meme_format	TGIF1_HUMAN.H11MO.0.A	.	HOCOMOCOv11_core_HUMAN_mono_meme_format	PRRX2_HUMAN.H11MO.0.C	.	1	0	HOCOMOCOv11_core_HUMAN_mono_meme_format	DLX3_HUMAN.H11MO.0.C	.	2.00e-10	124	6	42	3458	1.03e-12	9.28e-12
HOCOMOCOv11_core_HUMAN_mono_meme_format	TGIF1_HUMAN.H11MO.0.A	.	HOCOMOCOv11_core_HUMAN_mono_meme_format	PRRX2_HUMAN.H11MO.0.C	.	1	0	HOCOMOCOv11_core_HUMAN_mono_meme_format	DLX3_HUMAN.H11MO.0.C	.	2.00e-10	137	7	29	3458	2.16e-06	1.94e-05
HOCOMOCOv11_core_HUMAN_mono_meme_format	TGIF1_HUMAN.H11MO.0.A	.	HOCOMOCOv11_core_HUMAN_mono_meme_format	LHX2_HUMAN.H11MO.0.A	.	2	3	HOCOMOCOv11_core_HUMAN_mono_meme_format	DLX3_HUMAN.H11MO.0.C	.	2.17e-06	123	1	40	6108	4.43e-13	3.99e-12
HOCOMOCOv11_core_HUMAN_mono_meme_format	TGIF1_HUMAN.H11MO.0.A	.	HOCOMOCOv11_core_HUMAN_mono_meme_format	LHX2_HUMAN.H11MO.0.A	.	2	3	HOCOMOCOv11_core_HUMAN_mono_meme_format	DLX3_HUMAN.H11MO.0.C	.	2.17e-06	123	6	54	6108	1.88e-10	1.69e-09
HOCOMOCOv11_core_HUMAN_mono_meme_format	TGIF1_HUMAN.H11MO.0.A	.	HOCOMOCOv11_core_HUMAN_mono_meme_format	LHX2_HUMAN.H11MO.0.A	.	2	3	HOCOMOCOv11_core_HUMAN_mono_meme_format	DLX3_HUMAN.H11MO.0.C	.	2.17e-06	123	4	52	6108	1.24e-09	1.11e-08
HOCOMOCOv11_core_HUMAN_mono_meme_format	TGIF1_HUMAN.H11MO.0.A	.	HOCOMOCOv11_core_HUMAN_mono_meme_format	LHX2_HUMAN.H11MO.0.A	.	2	3	HOCOMOCOv11_core_HUMAN_mono_meme_format	DLX3_HUMAN.H11MO.0.C	.	2.17e-06	123	8	74	6108	7.24e-07	6.52e-06
HOCOMOCOv11_core_HUMAN_mono_meme_format	TGIF1_HUMAN.H11MO.0.A	.	HOCOMOCOv11_core_HUMAN_mono_meme_format	LHX2_HUMAN.H11MO.0.A	.	2	3	HOCOMOCOv11_core_HUMAN_mono_meme_format	DLX3_HUMAN.H11MO.0.C	.	2.17e-06	136	2	27	6108	1.92e-06	1.73e-05
HOCOMOCOv11_core_HUMAN_mono_meme_format	TGIF1_HUMAN.H11MO.0.A	.	HOCOMOCOv11_core_HUMAN_mono_meme_format	ZN770_HUMAN.H11MO.0.C	.	0	1	.	.	.	2.84e-09	64	0	51	7055	6.43e-16	5.78e-15
HOCOMOCOv11_core_HUMAN_mono_meme_format	TGIF1_HUMAN.H11MO.0.A	.	HOCOMOCOv11_core_HUMAN_mono_meme_format	ZN770_HUMAN.H11MO.0.C	.	0	1	.	.	.	2.84e-09	64	4	64	7055	1.24e-10	1.12e-09
HOCOMOCOv11_core_HUMAN_mono_meme_format	TGIF1_HUMAN.H11MO.0.A	.	HOCOMOCOv11_core_HUMAN_mono_meme_format	ZN770_HUMAN.H11MO.0.C	.	0	1	.	.	.	2.84e-09	64	5	59	7055	8.37e-09	7.54e-08
HOCOMOCOv11_core_HUMAN_mono_meme_format	TGIF1_HUMAN.H11MO.0.A	.	HOCOMOCOv11_core_HUMAN_mono_meme_format	ZN770_HUMAN.H11MO.0.C	.	0	1	.	.	.	2.84e-09	32	0	37	7055	1.23e-08	1.10e-07
HOCOMOCOv11_core_HUMAN_mono_meme_format	TGIF1_HUMAN.H11MO.0.A	.	HOCOMOCOv11_core_HUMAN_mono_meme_format	ZN770_HUMAN.H11MO.0.C	.	0	1	.	.	.	2.84e-09	79	3	33	7055	6.19e-07	5.57e-06
HOCOMOCOv11_core_HUMAN_mono_meme_format	TGIF1_HUMAN.H11MO.0.A	.	HOCOMOCOv11_core_HUMAN_mono_meme_format	ZN770_HUMAN.H11MO.0.C	.	0	1	.	.	.	2.84e-09	32	5	52	7055	1.52e-06	1.37e-05
HOCOMOCOv11_core_HUMAN_mono_meme_format	TGIF1_HUMAN.H11MO.0.A	.	HOCOMOCOv11_core_HUMAN_mono_meme_format	ZN770_HUMAN.H11MO.0.C	.	0	1	.	.	.	2.84e-09	64	8	86	7055	4.42e-06	3.98e-05
HOCOMOCOv11_core_HUMAN_mono_meme_format	TGIF1_HUMAN.H11MO.0.A	.	meme.xml	8	MEME	0	0	meme.xml	ZN770_HUMAN.H11MO.0.C	.	7.39e-07	74	0	48	7941	1.55e-13	1.40e-12
HOCOMOCOv11_core_HUMAN_mono_meme_format	TGIF1_HUMAN.H11MO.0.A	.	meme.xml	8	MEME	0	0	meme.xml	ZN770_HUMAN.H11MO.0.C	.	7.39e-07	74	5	67	7941	4.89e-11	4.40e-10
HOCOMOCOv11_core_HUMAN_mono_meme_format	TGIF1_HUMAN.H11MO.0.A	.	meme.xml	8	MEME	0	0	meme.xml	ZN770_HUMAN.H11MO.0.C	.	7.39e-07	74	4	57	7941	1.55e-07	1.39e-06
HOCOMOCOv11_core_HUMAN_mono_meme_format	TGIF1_HUMAN.H11MO.0.A	.	HOCOMOCOv11_core_HUMAN_mono_meme_format	CRX_HUMAN.H11MO.0.B	.	1	1	HOCOMOCOv11_core_HUMAN_mono_meme_format	ZN770_HUMAN.H11MO.0.C	.	2.92e-02	74	0	29	4922	6.13e-09	5.52e-08
HOCOMOCOv11_core_HUMAN_mono_meme_format	TGIF1_HUMAN.H11MO.0.A	.	HOCOMOCOv11_core_HUMAN_mono_meme_format	CRX_HUMAN.H11MO.0.B	.	1	1	HOCOMOCOv11_core_HUMAN_mono_meme_format	ZN770_HUMAN.H11MO.0.C	.	2.92e-02	89	3	26	4922	2.09e-07	1.88e-06
HOCOMOCOv11_core_HUMAN_mono_meme_format	TGIF1_HUMAN.H11MO.0.A	.	HOCOMOCOv11_core_HUMAN_mono_meme_format	CRX_HUMAN.H11MO.0.B	.	1	1	HOCOMOCOv11_core_HUMAN_mono_meme_format	ZN770_HUMAN.H11MO.0.C	.	2.92e-02	89	5	40	4922	3.27e-07	2.95e-06
HOCOMOCOv11_core_HUMAN_mono_meme_format	TGIF1_HUMAN.H11MO.0.A	.	HOCOMOCOv11_core_HUMAN_mono_meme_format	CRX_HUMAN.H11MO.0.B	.	1	1	HOCOMOCOv11_core_HUMAN_mono_meme_format	ZN770_HUMAN.H11MO.0.C	.	2.92e-02	74	4	38	4922	1.73e-06	1.56e-05
HOCOMOCOv11_core_HUMAN_mono_meme_format	TGIF1_HUMAN.H11MO.0.A	.	HOCOMOCOv11_core_HUMAN_mono_meme_format	CRX_HUMAN.H11MO.0.B	.	1	1	HOCOMOCOv11_core_HUMAN_mono_meme_format	ZN770_HUMAN.H11MO.0.C	.	2.92e-02	89	7	37	4922	3.83e-06	3.45e-05
HOCOMOCOv11_core_HUMAN_mono_meme_format	TGIF1_HUMAN.H11MO.0.A	.	HOCOMOCOv11_core_HUMAN_mono_meme_format	ATF6A_HUMAN.H11MO.0.B	.	0	0	HOCOMOCOv11_core_HUMAN_mono_meme_format	ZN770_HUMAN.H11MO.0.C	.	4.35e-01	70	0	9	539	9.21e-08	8.29e-07
HOCOMOCOv11_core_HUMAN_mono_meme_format	TGIF1_HUMAN.H11MO.0.A	.	HOCOMOCOv11_core_HUMAN_mono_meme_format	ATF6A_HUMAN.H11MO.0.B	.	0	0	HOCOMOCOv11_core_HUMAN_mono_meme_format	ZN770_HUMAN.H11MO.0.C	.	4.35e-01	70	5	11	539	6.47e-07	5.82e-06
HOCOMOCOv11_core_HUMAN_mono_meme_format	TGIF1_HUMAN.H11MO.0.A	.	HOCOMOCOv11_core_HUMAN_mono_meme_format	ATF6A_HUMAN.H11MO.0.B	.	0	0	HOCOMOCOv11_core_HUMAN_mono_meme_format	ZN770_HUMAN.H11MO.0.C	.	4.35e-01	70	4	10	539	3.79e-06	3.41e-05
HOCOMOCOv11_core_HUMAN_mono_meme_format	TGIF1_HUMAN.H11MO.0.A	.	dreme.xml	BTTCCB	DREME	0	0	.	.	.	3.75e-08	0	1	90	21225	7.60e-15	6.84e-14
HOCOMOCOv11_core_HUMAN_mono_meme_format	TGIF1_HUMAN.H11MO.0.A	.	dreme.xml	BTTCCB	DREME	0	0	.	.	.	3.75e-08	0	8	227	21225	3.98e-11	3.59e-10
HOCOMOCOv11_core_HUMAN_mono_meme_format	TGIF1_HUMAN.H11MO.0.A	.	dreme.xml	BTTCCB	DREME	0	0	.	.	.	3.75e-08	0	6	130	21225	1.40e-10	1.26e-09
HOCOMOCOv11_core_HUMAN_mono_meme_format	TGIF1_HUMAN.H11MO.0.A	.	dreme.xml	BTTCCB	DREME	0	0	.	.	.	3.75e-08	0	4	127	21225	7.92e-10	7.13e-09
HOCOMOCOv11_core_HUMAN_mono_meme_format	TGIF1_HUMAN.H11MO.0.A	.	dreme.xml	BTTCCB	DREME	0	0	.	.	.	3.75e-08	3	1	66	21225	8.48e-07	7.64e-06
HOCOMOCOv11_core_HUMAN_mono_meme_format	TGIF1_HUMAN.H11MO.0.A	.	meme.xml	1	MEME	0	1	meme.xml	BTTCCB	DREME	8.30e-04	0	0	56	12603	1.73e-10	1.56e-09
HOCOMOCOv11_core_HUMAN_mono_meme_format	TGIF1_HUMAN.H11MO.0.A	.	meme.xml	1	MEME	0	1	meme.xml	BTTCCB	DREME	8.30e-04	0	5	77	12603	7.66e-07	6.90e-06
HOCOMOCOv11_core_HUMAN_mono_meme_format	TGIF1_HUMAN.H11MO.0.A	.	meme.xml	1	MEME	0	1	meme.xml	BTTCCB	DREME	8.30e-04	3	0	45	12603	1.78e-06	1.60e-05
HOCOMOCOv11_core_HUMAN_mono_meme_format	TGIF1_HUMAN.H11MO.0.A	.	HOCOMOCOv11_core_HUMAN_mono_meme_format	STAT2_HUMAN.H11MO.0.A	.	1	1	.	.	.	2.15e-07	16	2	51	8163	4.72e-14	4.24e-13
HOCOMOCOv11_core_HUMAN_mono_meme_format	TGIF1_HUMAN.H11MO.0.A	.	HOCOMOCOv11_core_HUMAN_mono_meme_format	STAT2_HUMAN.H11MO.0.A	.	1	1	.	.	.	2.15e-07	17	2	44	8163	1.59e-10	1.43e-09
HOCOMOCOv11_core_HUMAN_mono_meme_format	TGIF1_HUMAN.H11MO.0.A	.	HOCOMOCOv11_core_HUMAN_mono_meme_format	STAT2_HUMAN.H11MO.0.A	.	1	1	.	.	.	2.15e-07	16	6	67	8163	7.64e-10	6.88e-09
HOCOMOCOv11_core_HUMAN_mono_meme_format	TGIF1_HUMAN.H11MO.0.A	.	HOCOMOCOv11_core_HUMAN_mono_meme_format	STAT2_HUMAN.H11MO.0.A	.	1	1	.	.	.	2.15e-07	16	7	67	8163	7.64e-10	6.88e-09
HOCOMOCOv11_core_HUMAN_mono_meme_format	TGIF1_HUMAN.H11MO.0.A	.	HOCOMOCOv11_core_HUMAN_mono_meme_format	STAT2_HUMAN.H11MO.0.A	.	1	1	.	.	.	2.15e-07	16	8	106	8163	1.04e-08	9.37e-08
HOCOMOCOv11_core_HUMAN_mono_meme_format	TGIF1_HUMAN.H11MO.0.A	.	HOCOMOCOv11_core_HUMAN_mono_meme_format	STAT2_HUMAN.H11MO.0.A	.	1	1	.	.	.	2.15e-07	17	6	62	8163	3.67e-08	3.31e-07
HOCOMOCOv11_core_HUMAN_mono_meme_format	TGIF1_HUMAN.H11MO.0.A	.	HOCOMOCOv11_core_HUMAN_mono_meme_format	STAT2_HUMAN.H11MO.0.A	.	1	1	.	.	.	2.15e-07	18	2	38	8163	7.12e-08	6.41e-07
HOCOMOCOv11_core_HUMAN_mono_meme_format	TGIF1_HUMAN.H11MO.0.A	.	HOCOMOCOv11_core_HUMAN_mono_meme_format	STAT2_HUMAN.H11MO.0.A	.	1	1	.	.	.	2.15e-07	15	2	37	8163	1.81e-07	1.63e-06
HOCOMOCOv11_core_HUMAN_mono_meme_format	TGIF1_HUMAN.H11MO.0.A	.	HOCOMOCOv11_core_HUMAN_mono_meme_format	STAT2_HUMAN.H11MO.0.A	.	1	1	.	.	.	2.15e-07	2	1	36	8163	4.48e-07	4.04e-06
HOCOMOCOv11_core_HUMAN_mono_meme_format	TGIF1_HUMAN.H11MO.0.A	.	HOCOMOCOv11_core_HUMAN_mono_meme_format	STAT2_HUMAN.H11MO.0.A	.	1	1	.	.	.	2.15e-07	19	2	35	8163	1.08e-06	9.74e-06
HOCOMOCOv11_core_HUMAN_mono_meme_format	TGIF1_HUMAN.H11MO.0.A	.	HOCOMOCOv11_core_HUMAN_mono_meme_format	STAT2_HUMAN.H11MO.0.A	.	1	1	.	.	.	2.15e-07	3	1	35	8163	1.08e-06	9.74e-06
HOCOMOCOv11_core_HUMAN_mono_meme_format	TGIF1_HUMAN.H11MO.0.A	.	HOCOMOCOv11_core_HUMAN_mono_meme_format	STAT2_HUMAN.H11MO.0.A	.	1	1	.	.	.	2.15e-07	15	6	57	8163	1.20e-06	1.08e-05
HOCOMOCOv11_core_HUMAN_mono_meme_format	TGIF1_HUMAN.H11MO.0.A	.	HOCOMOCOv11_core_HUMAN_mono_meme_format	STAT2_HUMAN.H11MO.0.A	.	1	1	.	.	.	2.15e-07	17	7	57	8163	1.20e-06	1.08e-05
HOCOMOCOv11_core_HUMAN_mono_meme_format	TGIF1_HUMAN.H11MO.0.A	.	HOCOMOCOv11_core_HUMAN_mono_meme_format	IRF3_HUMAN.H11MO.0.B	.	0	0	HOCOMOCOv11_core_HUMAN_mono_meme_format	STAT2_HUMAN.H11MO.0.A	.	1.11e-06	17	2	80	17175	2.49e-13	2.24e-12
HOCOMOCOv11_core_HUMAN_mono_meme_format	TGIF1_HUMAN.H11MO.0.A	.	HOCOMOCOv11_core_HUMAN_mono_meme_format	IRF3_HUMAN.H11MO.0.B	.	0	0	HOCOMOCOv11_core_HUMAN_mono_meme_format	STAT2_HUMAN.H11MO.0.A	.	1.11e-06	19	2	75	17175	2.01e-11	1.81e-10
HOCOMOCOv11_core_HUMAN_mono_meme_format	TGIF1_HUMAN.H11MO.0.A	.	HOCOMOCOv11_core_HUMAN_mono_meme_format	IRF3_HUMAN.H11MO.0.B	.	0	0	HOCOMOCOv11_core_HUMAN_mono_meme_format	STAT2_HUMAN.H11MO.0.A	.	1.11e-06	16	2	73	17175	1.06e-10	9.58e-10
HOCOMOCOv11_core_HUMAN_mono_meme_format	TGIF1_HUMAN.H11MO.0.A	.	HOCOMOCOv11_core_HUMAN_mono_meme_format	IRF3_HUMAN.H11MO.0.B	.	0	0	HOCOMOCOv11_core_HUMAN_mono_meme_format	STAT2_HUMAN.H11MO.0.A	.	1.11e-06	18	2	67	17175	1.14e-08	1.03e-07
HOCOMOCOv11_core_HUMAN_mono_meme_format	TGIF1_HUMAN.H11MO.0.A	.	HOCOMOCOv11_core_HUMAN_mono_meme_format	IRF3_HUMAN.H11MO.0.B	.	0	0	HOCOMOCOv11_core_HUMAN_mono_meme_format	STAT2_HUMAN.H11MO.0.A	.	1.11e-06	19	7	109	17175	6.13e-08	5.51e-07
HOCOMOCOv11_core_HUMAN_mono_meme_format	TGIF1_HUMAN.H11MO.0.A	.	HOCOMOCOv11_core_HUMAN_mono_meme_format	IRF3_HUMAN.H11MO.0.B	.	0	0	HOCOMOCOv11_core_HUMAN_mono_meme_format	STAT2_HUMAN.H11MO.0.A	.	1.11e-06	17	6	108	17175	1.03e-07	9.31e-07
HOCOMOCOv11_core_HUMAN_mono_meme_format	TGIF1_HUMAN.H11MO.0.A	.	HOCOMOCOv11_core_HUMAN_mono_meme_format	IRF3_HUMAN.H11MO.0.B	.	0	0	HOCOMOCOv11_core_HUMAN_mono_meme_format	STAT2_HUMAN.H11MO.0.A	.	1.11e-06	17	7	108	17175	1.03e-07	9.31e-07
HOCOMOCOv11_core_HUMAN_mono_meme_format	TGIF1_HUMAN.H11MO.0.A	.	HOCOMOCOv11_core_HUMAN_mono_meme_format	IRF3_HUMAN.H11MO.0.B	.	0	0	HOCOMOCOv11_core_HUMAN_mono_meme_format	STAT2_HUMAN.H11MO.0.A	.	1.11e-06	16	6	105	17175	4.72e-07	4.24e-06
HOCOMOCOv11_core_HUMAN_mono_meme_format	TGIF1_HUMAN.H11MO.0.A	.	HOCOMOCOv11_core_HUMAN_mono_meme_format	IRF3_HUMAN.H11MO.0.B	.	0	0	HOCOMOCOv11_core_HUMAN_mono_meme_format	STAT2_HUMAN.H11MO.0.A	.	1.11e-06	18	7	104	17175	7.68e-07	6.91e-06
HOCOMOCOv11_core_HUMAN_mono_meme_format	TGIF1_HUMAN.H11MO.0.A	.	HOCOMOCOv11_core_HUMAN_mono_meme_format	IRF3_HUMAN.H11MO.0.B	.	0	0	HOCOMOCOv11_core_HUMAN_mono_meme_format	STAT2_HUMAN.H11MO.0.A	.	1.11e-06	72	0	59	17175	2.59e-06	2.33e-05
HOCOMOCOv11_core_HUMAN_mono_meme_format	TGIF1_HUMAN.H11MO.0.A	.	HOCOMOCOv11_core_HUMAN_mono_meme_format	IRF3_HUMAN.H11MO.0.B	.	0	0	HOCOMOCOv11_core_HUMAN_mono_meme_format	STAT2_HUMAN.H11MO.0.A	.	1.11e-06	21	2	59	17175	2.59e-06	2.33e-05
HOCOMOCOv11_core_HUMAN_mono_meme_format	TGIF1_HUMAN.H11MO.0.A	.	HOCOMOCOv11_core_HUMAN_mono_meme_format	IRF3_HUMAN.H11MO.0.B	.	0	0	HOCOMOCOv11_core_HUMAN_mono_meme_format	STAT2_HUMAN.H11MO.0.A	.	1.11e-06	15	2	58	17175	4.75e-06	4.28e-05
HOCOMOCOv11_core_HUMAN_mono_meme_format	TGIF1_HUMAN.H11MO.0.A	.	HOCOMOCOv11_core_HUMAN_mono_meme_format	FOXP1_HUMAN.H11MO.0.A	.	0	0	HOCOMOCOv11_core_HUMAN_mono_meme_format	STAT2_HUMAN.H11MO.0.A	.	6.69e-04	17	3	65	15797	1.38e-10	1.25e-09
HOCOMOCOv11_core_HUMAN_mono_meme_format	TGIF1_HUMAN.H11MO.0.A	.	HOCOMOCOv11_core_HUMAN_mono_meme_format	FOXP1_HUMAN.H11MO.0.A	.	0	0	HOCOMOCOv11_core_HUMAN_mono_meme_format	STAT2_HUMAN.H11MO.0.A	.	6.69e-04	16	3	60	15797	8.84e-09	7.95e-08
HOCOMOCOv11_core_HUMAN_mono_meme_format	TGIF1_HUMAN.H11MO.0.A	.	HOCOMOCOv11_core_HUMAN_mono_meme_format	FOXP1_HUMAN.H11MO.0.A	.	0	0	HOCOMOCOv11_core_HUMAN_mono_meme_format	STAT2_HUMAN.H11MO.0.A	.	6.69e-04	20	3	60	15797	8.84e-09	7.95e-08
HOCOMOCOv11_core_HUMAN_mono_meme_format	TGIF1_HUMAN.H11MO.0.A	.	HOCOMOCOv11_core_HUMAN_mono_meme_format	FOXP1_HUMAN.H11MO.0.A	.	0	0	HOCOMOCOv11_core_HUMAN_mono_meme_format	STAT2_HUMAN.H11MO.0.A	.	6.69e-04	19	3	59	15797	1.94e-08	1.74e-07
HOCOMOCOv11_core_HUMAN_mono_meme_format	TGIF1_HUMAN.H11MO.0.A	.	HOCOMOCOv11_core_HUMAN_mono_meme_format	FOXP1_HUMAN.H11MO.0.A	.	0	0	HOCOMOCOv11_core_HUMAN_mono_meme_format	STAT2_HUMAN.H11MO.0.A	.	6.69e-04	20	5	94	15797	1.82e-07	1.64e-06
HOCOMOCOv11_core_HUMAN_mono_meme_format	TGIF1_HUMAN.H11MO.0.A	.	HOCOMOCOv11_core_HUMAN_mono_meme_format	FOXP1_HUMAN.H11MO.0.A	.	0	0	HOCOMOCOv11_core_HUMAN_mono_meme_format	STAT2_HUMAN.H11MO.0.A	.	6.69e-04	17	5	93	15797	3.13e-07	2.82e-06
HOCOMOCOv11_core_HUMAN_mono_meme_format	TGIF1_HUMAN.H11MO.0.A	.	HOCOMOCOv11_core_HUMAN_mono_meme_format	FOXP1_HUMAN.H11MO.0.A	.	0	0	HOCOMOCOv11_core_HUMAN_mono_meme_format	STAT2_HUMAN.H11MO.0.A	.	6.69e-04	16	5	92	15797	5.32e-07	4.79e-06
HOCOMOCOv11_core_HUMAN_mono_meme_format	TGIF1_HUMAN.H11MO.0.A	.	HOCOMOCOv11_core_HUMAN_mono_meme_format	FOXP1_HUMAN.H11MO.0.A	.	0	0	HOCOMOCOv11_core_HUMAN_mono_meme_format	STAT2_HUMAN.H11MO.0.A	.	6.69e-04	1	0	54	15797	7.61e-07	6.85e-06
HOCOMOCOv11_core_HUMAN_mono_meme_format	TGIF1_HUMAN.H11MO.0.A	.	HOCOMOCOv11_core_HUMAN_mono_meme_format	FOXP1_HUMAN.H11MO.0.A	.	0	0	HOCOMOCOv11_core_HUMAN_mono_meme_format	STAT2_HUMAN.H11MO.0.A	.	6.69e-04	4	5	90	15797	1.49e-06	1.34e-05
HOCOMOCOv11_core_HUMAN_mono_meme_format	TGIF1_HUMAN.H11MO.0.A	.	HOCOMOCOv11_core_HUMAN_mono_meme_format	FOXP1_HUMAN.H11MO.0.A	.	0	0	HOCOMOCOv11_core_HUMAN_mono_meme_format	STAT2_HUMAN.H11MO.0.A	.	6.69e-04	16	7	89	15797	2.46e-06	2.21e-05
HOCOMOCOv11_core_HUMAN_mono_meme_format	TGIF1_HUMAN.H11MO.0.A	.	HOCOMOCOv11_core_HUMAN_mono_meme_format	FOXP1_HUMAN.H11MO.0.A	.	0	0	HOCOMOCOv11_core_HUMAN_mono_meme_format	STAT2_HUMAN.H11MO.0.A	.	6.69e-04	4	0	52	15797	2.93e-06	2.64e-05
HOCOMOCOv11_core_HUMAN_mono_meme_format	TGIF1_HUMAN.H11MO.0.A	.	HOCOMOCOv11_core_HUMAN_mono_meme_format	FOXP1_HUMAN.H11MO.0.A	.	0	0	HOCOMOCOv11_core_HUMAN_mono_meme_format	STAT2_HUMAN.H11MO.0.A	.	6.69e-04	16	8	156	15797	3.73e-06	3.36e-05
HOCOMOCOv11_core_HUMAN_mono_meme_format	TGIF1_HUMAN.H11MO.0.A	.	HOCOMOCOv11_core_HUMAN_mono_meme_format	FOXP1_HUMAN.H11MO.0.A	.	0	0	HOCOMOCOv11_core_HUMAN_mono_meme_format	STAT2_HUMAN.H11MO.0.A	.	6.69e-04	17	7	88	15797	4.01e-06	3.60e-05
HOCOMOCOv11_core_HUMAN_mono_meme_format	TGIF1_HUMAN.H11MO.0.A	.	HOCOMOCOv11_core_HUMAN_mono_meme_format	SOX4_HUMAN.H11MO.0.B	.	0	1	HOCOMOCOv11_core_HUMAN_mono_meme_format	STAT2_HUMAN.H11MO.0.A	.	2.02e-02	18	3	56	13774	4.23e-09	3.81e-08
HOCOMOCOv11_core_HUMAN_mono_meme_format	TGIF1_HUMAN.H11MO.0.A	.	HOCOMOCOv11_core_HUMAN_mono_meme_format	SOX4_HUMAN.H11MO.0.B	.	0	1	HOCOMOCOv11_core_HUMAN_mono_meme_format	STAT2_HUMAN.H11MO.0.A	.	2.02e-02	17	3	55	13774	9.78e-09	8.80e-08
HOCOMOCOv11_core_HUMAN_mono_meme_format	TGIF1_HUMAN.H11MO.0.A	.	HOCOMOCOv11_core_HUMAN_mono_meme_format	SOX4_HUMAN.H11MO.0.B	.	0	1	HOCOMOCOv11_core_HUMAN_mono_meme_format	STAT2_HUMAN.H11MO.0.A	.	2.02e-02	21	3	53	13774	4.96e-08	4.46e-07
HOCOMOCOv11_core_HUMAN_mono_meme_format	TGIF1_HUMAN.H11MO.0.A	.	HOCOMOCOv11_core_HUMAN_mono_meme_format	SOX4_HUMAN.H11MO.0.B	.	0	1	HOCOMOCOv11_core_HUMAN_mono_meme_format	STAT2_HUMAN.H11MO.0.A	.	2.02e-02	19	3	52	13774	1.09e-07	9.78e-07
HOCOMOCOv11_core_HUMAN_mono_meme_format	TGIF1_HUMAN.H11MO.0.A	.	HOCOMOCOv11_core_HUMAN_mono_meme_format	SOX4_HUMAN.H11MO.0.B	.	0	1	HOCOMOCOv11_core_HUMAN_mono_meme_format	STAT2_HUMAN.H11MO.0.A	.	2.02e-02	19	5	85	13774	2.42e-07	2.18e-06
HOCOMOCOv11_core_HUMAN_mono_meme_format	TGIF1_HUMAN.H11MO.0.A	.	HOCOMOCOv11_core_HUMAN_mono_meme_format	SOX4_HUMAN.H11MO.0.B	.	0	1	HOCOMOCOv11_core_HUMAN_mono_meme_format	STAT2_HUMAN.H11MO.0.A	.	2.02e-02	16	3	50	13774	4.94e-07	4.44e-06
HOCOMOCOv11_core_HUMAN_mono_meme_format	TGIF1_HUMAN.H11MO.0.A	.	HOCOMOCOv11_core_HUMAN_mono_meme_format	SOX4_HUMAN.H11MO.0.B	.	0	1	HOCOMOCOv11_core_HUMAN_mono_meme_format	STAT2_HUMAN.H11MO.0.A	.	2.02e-02	1	5	82	13774	1.27e-06	1.14e-05
HOCOMOCOv11_core_HUMAN_mono_meme_format	TGIF1_HUMAN.H11MO.0.A	.	HOCOMOCOv11_core_HUMAN_mono_meme_format	SOX4_HUMAN.H11MO.0.B	.	0	1	HOCOMOCOv11_core_HUMAN_mono_meme_format	STAT2_HUMAN.H11MO.0.A	.	2.02e-02	1	0	48	13774	2.08e-06	1.87e-05
HOCOMOCOv11_core_HUMAN_mono_meme_format	TGIF1_HUMAN.H11MO.0.A	.	HOCOMOCOv11_core_HUMAN_mono_meme_format	SOX4_HUMAN.H11MO.0.B	.	0	1	HOCOMOCOv11_core_HUMAN_mono_meme_format	STAT2_HUMAN.H11MO.0.A	.	2.02e-02	5	0	48	13774	2.08e-06	1.87e-05
HOCOMOCOv11_core_HUMAN_mono_meme_format	TGIF1_HUMAN.H11MO.0.A	.	HOCOMOCOv11_core_HUMAN_mono_meme_format	SOX4_HUMAN.H11MO.0.B	.	0	1	HOCOMOCOv11_core_HUMAN_mono_meme_format	STAT2_HUMAN.H11MO.0.A	.	2.02e-02	4	0	47	13774	4.14e-06	3.73e-05
HOCOMOCOv11_core_HUMAN_mono_meme_format	TGIF1_HUMAN.H11MO.0.A	.	HOCOMOCOv11_core_HUMAN_mono_meme_format	SOX4_HUMAN.H11MO.0.B	.	0	1	HOCOMOCOv11_core_HUMAN_mono_meme_format	STAT2_HUMAN.H11MO.0.A	.	2.02e-02	6	0	47	13774	4.14e-06	3.73e-05
HOCOMOCOv11_core_HUMAN_mono_meme_format	TGIF1_HUMAN.H11MO.0.A	.	HOCOMOCOv11_core_HUMAN_mono_meme_format	FOXJ3_HUMAN.H11MO.0.A	.	1	0	.	.	.	1.89e-06	15	3	35	4586	3.99e-13	3.59e-12
HOCOMOCOv11_core_HUMAN_mono_meme_format	TGIF1_HUMAN.H11MO.0.A	.	HOCOMOCOv11_core_HUMAN_mono_meme_format	FOXJ3_HUMAN.H11MO.0.A	.	1	0	.	.	.	1.89e-06	15	5	48	4586	2.25e-11	2.02e-10
HOCOMOCOv11_core_HUMAN_mono_meme_format	TGIF1_HUMAN.H11MO.0.A	.	HOCOMOCOv11_core_HUMAN_mono_meme_format	FOXJ3_HUMAN.H11MO.0.A	.	1	0	.	.	.	1.89e-06	3	0	31	4586	1.15e-10	1.03e-09
HOCOMOCOv11_core_HUMAN_mono_meme_format	TGIF1_HUMAN.H11MO.0.A	.	HOCOMOCOv11_core_HUMAN_mono_meme_format	FOXJ3_HUMAN.H11MO.0.A	.	1	0	.	.	.	1.89e-06	1	0	30	4586	4.38e-10	3.94e-09
HOCOMOCOv11_core_HUMAN_mono_meme_format	TGIF1_HUMAN.H11MO.0.A	.	HOCOMOCOv11_core_HUMAN_mono_meme_format	FOXJ3_HUMAN.H11MO.0.A	.	1	0	.	.	.	1.89e-06	16	3	30	4586	4.38e-10	3.94e-09
HOCOMOCOv11_core_HUMAN_mono_meme_format	TGIF1_HUMAN.H11MO.0.A	.	HOCOMOCOv11_core_HUMAN_mono_meme_format	FOXJ3_HUMAN.H11MO.0.A	.	1	0	.	.	.	1.89e-06	19	3	29	4586	1.62e-09	1.46e-08
HOCOMOCOv11_core_HUMAN_mono_meme_format	TGIF1_HUMAN.H11MO.0.A	.	HOCOMOCOv11_core_HUMAN_mono_meme_format	FOXJ3_HUMAN.H11MO.0.A	.	1	0	.	.	.	1.89e-06	18	5	43	4586	4.13e-09	3.72e-08
HOCOMOCOv11_core_HUMAN_mono_meme_format	TGIF1_HUMAN.H11MO.0.A	.	HOCOMOCOv11_core_HUMAN_mono_meme_format	FOXJ3_HUMAN.H11MO.0.A	.	1	0	.	.	.	1.89e-06	18	3	28	4586	5.79e-09	5.21e-08
HOCOMOCOv11_core_HUMAN_mono_meme_format	TGIF1_HUMAN.H11MO.0.A	.	HOCOMOCOv11_core_HUMAN_mono_meme_format	FOXJ3_HUMAN.H11MO.0.A	.	1	0	.	.	.	1.89e-06	2	0	27	4586	2.00e-08	1.80e-07
HOCOMOCOv11_core_HUMAN_mono_meme_format	TGIF1_HUMAN.H11MO.0.A	.	HOCOMOCOv11_core_HUMAN_mono_meme_format	FOXJ3_HUMAN.H11MO.0.A	.	1	0	.	.	.	1.89e-06	16	5	41	4586	2.85e-08	2.56e-07
HOCOMOCOv11_core_HUMAN_mono_meme_format	TGIF1_HUMAN.H11MO.0.A	.	HOCOMOCOv11_core_HUMAN_mono_meme_format	FOXJ3_HUMAN.H11MO.0.A	.	1	0	.	.	.	1.89e-06	15	8	64	4586	1.12e-07	1.01e-06
HOCOMOCOv11_core_HUMAN_mono_meme_format	TGIF1_HUMAN.H11MO.0.A	.	HOCOMOCOv11_core_HUMAN_mono_meme_format	FOXJ3_HUMAN.H11MO.0.A	.	1	0	.	.	.	1.89e-06	19	5	39	4586	1.79e-07	1.61e-06
HOCOMOCOv11_core_HUMAN_mono_meme_format	TGIF1_HUMAN.H11MO.0.A	.	HOCOMOCOv11_core_HUMAN_mono_meme_format	FOXJ3_HUMAN.H11MO.0.A	.	1	0	.	.	.	1.89e-06	15	7	39	4586	1.79e-07	1.61e-06
HOCOMOCOv11_core_HUMAN_mono_meme_format	TGIF1_HUMAN.H11MO.0.A	.	HOCOMOCOv11_core_HUMAN_mono_meme_format	FOXJ3_HUMAN.H11MO.0.A	.	1	0	.	.	.	1.89e-06	3	5	38	4586	4.32e-07	3.89e-06
HOCOMOCOv11_core_HUMAN_mono_meme_format	TGIF1_HUMAN.H11MO.0.A	.	HOCOMOCOv11_core_HUMAN_mono_meme_format	FOXJ3_HUMAN.H11MO.0.A	.	1	0	.	.	.	1.89e-06	16	7	38	4586	4.32e-07	3.89e-06
HOCOMOCOv11_core_HUMAN_mono_meme_format	TGIF1_HUMAN.H11MO.0.A	.	HOCOMOCOv11_core_HUMAN_mono_meme_format	FOXJ3_HUMAN.H11MO.0.A	.	1	0	.	.	.	1.89e-06	0	0	24	4586	6.64e-07	5.98e-06
HOCOMOCOv11_core_HUMAN_mono_meme_format	TGIF1_HUMAN.H11MO.0.A	.	HOCOMOCOv11_core_HUMAN_mono_meme_format	FOXJ3_HUMAN.H11MO.0.A	.	1	0	.	.	.	1.89e-06	5	0	24	4586	6.64e-07	5.98e-06
HOCOMOCOv11_core_HUMAN_mono_meme_format	TGIF1_HUMAN.H11MO.0.A	.	HOCOMOCOv11_core_HUMAN_mono_meme_format	FOXJ3_HUMAN.H11MO.0.A	.	1	0	.	.	.	1.89e-06	17	3	24	4586	6.64e-07	5.98e-06
HOCOMOCOv11_core_HUMAN_mono_meme_format	TGIF1_HUMAN.H11MO.0.A	.	HOCOMOCOv11_core_HUMAN_mono_meme_format	SP4_HUMAN.H11MO.0.A	.	2	1	.	.	.	4.13e-06	38	0	67	13769	9.06e-13	8.15e-12
HOCOMOCOv11_core_HUMAN_mono_meme_format	TGIF1_HUMAN.H11MO.0.A	.	HOCOMOCOv11_core_HUMAN_mono_meme_format	SP4_HUMAN.H11MO.0.A	.	2	1	.	.	.	4.13e-06	38	5	95	13769	3.46e-09	3.11e-08
HOCOMOCOv11_core_HUMAN_mono_meme_format	TGIF1_HUMAN.H11MO.0.A	.	HOCOMOCOv11_core_HUMAN_mono_meme_format	SP4_HUMAN.H11MO.0.A	.	2	1	.	.	.	4.13e-06	38	4	91	13769	4.03e-08	3.63e-07
HOCOMOCOv11_core_HUMAN_mono_meme_format	TGIF1_HUMAN.H11MO.0.A	.	HOCOMOCOv11_core_HUMAN_mono_meme_format	SP4_HUMAN.H11MO.0.A	.	2	1	.	.	.	4.13e-06	38	8	150	13769	7.60e-07	6.84e-06
HOCOMOCOv11_core_HUMAN_mono_meme_format	TGIF1_HUMAN.H11MO.0.A	.	HOCOMOCOv11_core_HUMAN_mono_meme_format	SP3_HUMAN.H11MO.0.B	.	4	5	HOCOMOCOv11_core_HUMAN_mono_meme_format	SP4_HUMAN.H11MO.0.A	.	1.55e-03	41	0	63	15212	3.25e-10	2.92e-09
HOCOMOCOv11_core_HUMAN_mono_meme_format	TGIF1_HUMAN.H11MO.0.A	.	HOCOMOCOv11_core_HUMAN_mono_meme_format	SP3_HUMAN.H11MO.0.B	.	4	5	HOCOMOCOv11_core_HUMAN_mono_meme_format	SP4_HUMAN.H11MO.0.A	.	1.55e-03	41	5	89	15212	1.06e-06	9.55e-06
HOCOMOCOv11_core_HUMAN_mono_meme_format	TGIF1_HUMAN.H11MO.0.A	.	HOCOMOCOv11_core_HUMAN_mono_meme_format	HINFP_HUMAN.H11MO.0.C	.	2	1	HOCOMOCOv11_core_HUMAN_mono_meme_format	SP4_HUMAN.H11MO.0.A	.	9.11e-02	39	0	10	584	1.94e-08	1.75e-07
HOCOMOCOv11_core_HUMAN_mono_meme_format	TGIF1_HUMAN.H11MO.0.A	.	HOCOMOCOv11_core_HUMAN_mono_meme_format	HINFP_HUMAN.H11MO.0.C	.	2	1	HOCOMOCOv11_core_HUMAN_mono_meme_format	SP4_HUMAN.H11MO.0.A	.	9.11e-02	54	3	9	584	1.88e-07	1.69e-06
HOCOMOCOv11_core_HUMAN_mono_meme_format	TGIF1_HUMAN.H11MO.0.A	.	HOCOMOCOv11_core_HUMAN_mono_meme_format	HINFP_HUMAN.H11MO.0.C	.	2	1	HOCOMOCOv11_core_HUMAN_mono_meme_format	SP4_HUMAN.H11MO.0.A	.	9.11e-02	39	4	11	584	1.45e-06	1.31e-05
HOCOMOCOv11_core_HUMAN_mono_meme_format	TGIF1_HUMAN.H11MO.0.A	.	HOCOMOCOv11_core_HUMAN_mono_meme_format	HINFP_HUMAN.H11MO.0.C	.	2	1	HOCOMOCOv11_core_HUMAN_mono_meme_format	SP4_HUMAN.H11MO.0.A	.	9.11e-02	39	5	11	584	1.45e-06	1.31e-05
HOCOMOCOv11_core_HUMAN_mono_meme_format	TGIF1_HUMAN.H11MO.0.A	.	HOCOMOCOv11_core_HUMAN_mono_meme_format	MEF2B_HUMAN.H11MO.0.A	.	2	0	.	.	.	4.57e-05	121	1	47	8615	9.66e-12	8.70e-11
HOCOMOCOv11_core_HUMAN_mono_meme_format	TGIF1_HUMAN.H11MO.0.A	.	HOCOMOCOv11_core_HUMAN_mono_meme_format	MEF2B_HUMAN.H11MO.0.A	.	2	0	.	.	.	4.57e-05	121	6	70	8615	1.26e-10	1.14e-09
HOCOMOCOv11_core_HUMAN_mono_meme_format	TGIF1_HUMAN.H11MO.0.A	.	HOCOMOCOv11_core_HUMAN_mono_meme_format	MEF2B_HUMAN.H11MO.0.A	.	2	0	.	.	.	4.57e-05	14	3	43	8615	7.59e-10	6.83e-09
HOCOMOCOv11_core_HUMAN_mono_meme_format	TGIF1_HUMAN.H11MO.0.A	.	HOCOMOCOv11_core_HUMAN_mono_meme_format	MEF2B_HUMAN.H11MO.0.A	.	2	0	.	.	.	4.57e-05	15	3	42	8615	2.14e-09	1.92e-08
HOCOMOCOv11_core_HUMAN_mono_meme_format	TGIF1_HUMAN.H11MO.0.A	.	HOCOMOCOv11_core_HUMAN_mono_meme_format	MEF2B_HUMAN.H11MO.0.A	.	2	0	.	.	.	4.57e-05	0	0	39	8615	4.16e-08	3.74e-07
HOCOMOCOv11_core_HUMAN_mono_meme_format	TGIF1_HUMAN.H11MO.0.A	.	HOCOMOCOv11_core_HUMAN_mono_meme_format	MEF2B_HUMAN.H11MO.0.A	.	2	0	.	.	.	4.57e-05	13	3	38	8615	1.07e-07	9.60e-07
HOCOMOCOv11_core_HUMAN_mono_meme_format	TGIF1_HUMAN.H11MO.0.A	.	HOCOMOCOv11_core_HUMAN_mono_meme_format	MEF2B_HUMAN.H11MO.0.A	.	2	0	.	.	.	4.57e-05	136	8	100	8615	5.61e-07	5.05e-06
HOCOMOCOv11_core_HUMAN_mono_meme_format	TGIF1_HUMAN.H11MO.0.A	.	HOCOMOCOv11_core_HUMAN_mono_meme_format	MEF2B_HUMAN.H11MO.0.A	.	2	0	.	.	.	4.57e-05	14	5	57	8615	1.93e-06	1.73e-05
HOCOMOCOv11_core_HUMAN_mono_meme_format	TGIF1_HUMAN.H11MO.0.A	.	HOCOMOCOv11_core_HUMAN_mono_meme_format	MEF2B_HUMAN.H11MO.0.A	.	2	0	.	.	.	4.57e-05	135	6	57	8615	1.93e-06	1.73e-05
HOCOMOCOv11_core_HUMAN_mono_meme_format	TGIF1_HUMAN.H11MO.0.A	.	HOCOMOCOv11_core_HUMAN_mono_meme_format	MEF2B_HUMAN.H11MO.0.A	.	2	0	.	.	.	4.57e-05	15	7	56	8615	3.62e-06	3.26e-05
HOCOMOCOv11_core_HUMAN_mono_meme_format	TGIF1_HUMAN.H11MO.0.A	.	HOCOMOCOv11_core_HUMAN_mono_meme_format	ZSC22_HUMAN.H11MO.0.C	.	1	0	.	.	.	1.74e-04	66	0	42	7303	3.77e-11	3.39e-10
HOCOMOCOv11_core_HUMAN_mono_meme_format	TGIF1_HUMAN.H11MO.0.A	.	HOCOMOCOv11_core_HUMAN_mono_meme_format	ZSC22_HUMAN.H11MO.0.C	.	1	0	.	.	.	1.74e-04	66	5	56	7303	6.30e-08	5.67e-07
HOCOMOCOv11_core_HUMAN_mono_meme_format	TGIF1_HUMAN.H11MO.0.A	.	HOCOMOCOv11_core_HUMAN_mono_meme_format	ZSC22_HUMAN.H11MO.0.C	.	1	0	.	.	.	1.74e-04	66	4	55	7303	1.34e-07	1.21e-06
HOCOMOCOv11_core_HUMAN_mono_meme_format	TGIF1_HUMAN.H11MO.0.A	.	HOCOMOCOv11_core_HUMAN_mono_meme_format	ZSC22_HUMAN.H11MO.0.C	.	1	0	.	.	.	1.74e-04	73	0	31	7303	3.07e-06	2.76e-05
HOCOMOCOv11_core_HUMAN_mono_meme_format	TGIF1_HUMAN.H11MO.0.A	.	HOCOMOCOv11_core_HUMAN_mono_meme_format	ZBT17_HUMAN.H11MO.0.A	.	2	0	HOCOMOCOv11_core_HUMAN_mono_meme_format	ZSC22_HUMAN.H11MO.0.C	.	7.65e+00	64	0	64	19273	1.69e-06	1.52e-05
HOCOMOCOv11_core_HUMAN_mono_meme_format	TGIF1_HUMAN.H11MO.0.A	.	HOCOMOCOv11_core_HUMAN_mono_meme_format	HNF1A_HUMAN.H11MO.0.C	.	0	0	.	.	.	5.20e-04	121	1	30	4223	1.12e-10	1.01e-09
HOCOMOCOv11_core_HUMAN_mono_meme_format	TGIF1_HUMAN.H11MO.0.A	.	HOCOMOCOv11_core_HUMAN_mono_meme_format	HNF1A_HUMAN.H11MO.0.C	.	0	0	.	.	.	5.20e-04	121	6	40	4223	1.61e-08	1.45e-07
HOCOMOCOv11_core_HUMAN_mono_meme_format	TGIF1_HUMAN.H11MO.0.A	.	HOCOMOCOv11_core_HUMAN_mono_meme_format	HNF1A_HUMAN.H11MO.0.C	.	0	0	.	.	.	5.20e-04	121	4	38	4223	1.08e-07	9.75e-07
HOCOMOCOv11_core_HUMAN_mono_meme_format	TGIF1_HUMAN.H11MO.0.A	.	HOCOMOCOv11_core_HUMAN_mono_meme_format	HNF1A_HUMAN.H11MO.0.C	.	0	0	.	.	.	5.20e-04	121	8	56	4223	3.67e-06	3.30e-05
HOCOMOCOv11_core_HUMAN_mono_meme_format	TGIF1_HUMAN.H11MO.0.A	.	HOCOMOCOv11_core_HUMAN_mono_meme_format	ZN384_HUMAN.H11MO.0.C	.	0	4	.	.	.	5.31e-04	14	2	32	4985	1.09e-10	9.82e-10
HOCOMOCOv11_core_HUMAN_mono_meme_format	TGIF1_HUMAN.H11MO.0.A	.	HOCOMOCOv11_core_HUMAN_mono_meme_format	ZN384_HUMAN.H11MO.0.C	.	0	4	.	.	.	5.31e-04	14	6	43	4985	1.81e-08	1.63e-07
HOCOMOCOv11_core_HUMAN_mono_meme_format	TGIF1_HUMAN.H11MO.0.A	.	HOCOMOCOv11_core_HUMAN_mono_meme_format	ZN384_HUMAN.H11MO.0.C	.	0	4	.	.	.	5.31e-04	14	7	39	4985	6.31e-07	5.68e-06
HOCOMOCOv11_core_HUMAN_mono_meme_format	TGIF1_HUMAN.H11MO.0.A	.	HOCOMOCOv11_core_HUMAN_mono_meme_format	ZN384_HUMAN.H11MO.0.C	.	0	4	.	.	.	5.31e-04	135	0	24	4985	1.61e-06	1.45e-05
HOCOMOCOv11_core_HUMAN_mono_meme_format	TGIF1_HUMAN.H11MO.0.A	.	HOCOMOCOv11_core_HUMAN_mono_meme_format	ZN384_HUMAN.H11MO.0.C	.	0	4	.	.	.	5.31e-04	14	8	61	4985	3.99e-06	3.59e-05
HOCOMOCOv11_core_HUMAN_mono_meme_format	TGIF1_HUMAN.H11MO.0.A	.	HOCOMOCOv11_core_HUMAN_mono_meme_format	TFE3_HUMAN.H11MO.0.B	.	0	0	.	.	.	8.17e-04	57	0	19	1809	1.70e-10	1.53e-09
HOCOMOCOv11_core_HUMAN_mono_meme_format	TGIF1_HUMAN.H11MO.0.A	.	HOCOMOCOv11_core_HUMAN_mono_meme_format	TFE3_HUMAN.H11MO.0.B	.	0	0	.	.	.	8.17e-04	57	5	21	1809	4.21e-07	3.79e-06
HOCOMOCOv11_core_HUMAN_mono_meme_format	TGIF1_HUMAN.H11MO.0.A	.	HOCOMOCOv11_core_HUMAN_mono_meme_format	TFE3_HUMAN.H11MO.0.B	.	0	0	.	.	.	8.17e-04	57	4	20	1809	1.42e-06	1.27e-05
HOCOMOCOv11_core_HUMAN_mono_meme_format	TGIF1_HUMAN.H11MO.0.A	.	HOCOMOCOv11_core_HUMAN_mono_meme_format	NKX28_HUMAN.H11MO.0.C	.	0	0	HOCOMOCOv11_core_HUMAN_mono_meme_format	TFE3_HUMAN.H11MO.0.B	.	1.79e-01	56	1	19	2580	3.71e-08	3.34e-07
HOCOMOCOv11_core_HUMAN_mono_meme_format	TGIF1_HUMAN.H11MO.0.A	.	HOCOMOCOv11_core_HUMAN_mono_meme_format	NKX28_HUMAN.H11MO.0.C	.	0	0	HOCOMOCOv11_core_HUMAN_mono_meme_format	TFE3_HUMAN.H11MO.0.B	.	1.79e-01	56	4	25	2580	1.07e-06	9.62e-06
HOCOMOCOv11_core_HUMAN_mono_meme_format	TGIF1_HUMAN.H11MO.0.A	.	HOCOMOCOv11_core_HUMAN_mono_meme_format	IRF1_HUMAN.H11MO.0.A	.	1	1	.	.	.	1.14e-03	18	2	39	6750	2.51e-10	2.26e-09
HOCOMOCOv11_core_HUMAN_mono_meme_format	TGIF1_HUMAN.H11MO.0.A	.	HOCOMOCOv11_core_HUMAN_mono_meme_format	IRF1_HUMAN.H11MO.0.A	.	1	1	.	.	.	1.14e-03	18	7	52	6750	2.53e-07	2.27e-06
HOCOMOCOv11_core_HUMAN_mono_meme_format	TGIF1_HUMAN.H11MO.0.A	.	HOCOMOCOv11_core_HUMAN_mono_meme_format	IRF1_HUMAN.H11MO.0.A	.	1	1	.	.	.	1.14e-03	17	2	32	6750	4.15e-07	3.74e-06
HOCOMOCOv11_core_HUMAN_mono_meme_format	TGIF1_HUMAN.H11MO.0.A	.	HOCOMOCOv11_core_HUMAN_mono_meme_format	IRF1_HUMAN.H11MO.0.A	.	1	1	.	.	.	1.14e-03	20	2	32	6750	4.15e-07	3.74e-06
HOCOMOCOv11_core_HUMAN_mono_meme_format	TGIF1_HUMAN.H11MO.0.A	.	HOCOMOCOv11_core_HUMAN_mono_meme_format	IRF1_HUMAN.H11MO.0.A	.	1	1	.	.	.	1.14e-03	18	6	50	6750	1.08e-06	9.76e-06
HOCOMOCOv11_core_HUMAN_mono_meme_format	TGIF1_HUMAN.H11MO.0.A	.	HOCOMOCOv11_core_HUMAN_mono_meme_format	IRF1_HUMAN.H11MO.0.A	.	1	1	.	.	.	1.14e-03	120	5	49	6750	2.18e-06	1.97e-05
HOCOMOCOv11_core_HUMAN_mono_meme_format	TGIF1_HUMAN.H11MO.0.A	.	HOCOMOCOv11_core_HUMAN_mono_meme_format	IRF1_HUMAN.H11MO.0.A	.	1	1	.	.	.	1.14e-03	0	1	30	6750	2.67e-06	2.40e-05
HOCOMOCOv11_core_HUMAN_mono_meme_format	TGIF1_HUMAN.H11MO.0.A	.	HOCOMOCOv11_core_HUMAN_mono_meme_format	IRF1_HUMAN.H11MO.0.A	.	1	1	.	.	.	1.14e-03	1	1	30	6750	2.67e-06	2.40e-05
HOCOMOCOv11_core_HUMAN_mono_meme_format	TGIF1_HUMAN.H11MO.0.A	.	HOCOMOCOv11_core_HUMAN_mono_meme_format	IRF1_HUMAN.H11MO.0.A	.	1	1	.	.	.	1.14e-03	15	6	48	6750	4.31e-06	3.88e-05
HOCOMOCOv11_core_HUMAN_mono_meme_format	TGIF1_HUMAN.H11MO.0.A	.	HOCOMOCOv11_core_HUMAN_mono_meme_format	ZN350_HUMAN.H11MO.0.C	.	1	2	HOCOMOCOv11_core_HUMAN_mono_meme_format	IRF1_HUMAN.H11MO.0.A	.	2.51e+00	19	3	51	13806	5.43e-07	4.89e-06
HOCOMOCOv11_core_HUMAN_mono_meme_format	TGIF1_HUMAN.H11MO.0.A	.	HOCOMOCOv11_core_HUMAN_mono_meme_format	ZN350_HUMAN.H11MO.0.C	.	1	2	HOCOMOCOv11_core_HUMAN_mono_meme_format	IRF1_HUMAN.H11MO.0.A	.	2.51e+00	18	3	50	13806	1.11e-06	1.00e-05
HOCOMOCOv11_core_HUMAN_mono_meme_format	TGIF1_HUMAN.H11MO.0.A	.	HOCOMOCOv11_core_HUMAN_mono_meme_format	ZN350_HUMAN.H11MO.0.C	.	1	2	HOCOMOCOv11_core_HUMAN_mono_meme_format	IRF1_HUMAN.H11MO.0.A	.	2.51e+00	16	3	49	13806	2.24e-06	2.01e-05
HOCOMOCOv11_core_HUMAN_mono_meme_format	TGIF1_HUMAN.H11MO.0.A	.	HOCOMOCOv11_core_HUMAN_mono_meme_format	ZN350_HUMAN.H11MO.0.C	.	1	2	HOCOMOCOv11_core_HUMAN_mono_meme_format	IRF1_HUMAN.H11MO.0.A	.	2.51e+00	17	3	48	13806	4.41e-06	3.97e-05
HOCOMOCOv11_core_HUMAN_mono_meme_format	TGIF1_HUMAN.H11MO.0.A	.	HOCOMOCOv11_core_HUMAN_mono_meme_format	MEF2C_HUMAN.H11MO.0.A	.	1	1	.	.	.	2.21e-03	14	3	35	6061	4.64e-10	4.17e-09
HOCOMOCOv11_core_HUMAN_mono_meme_format	TGIF1_HUMAN.H11MO.0.A	.	HOCOMOCOv11_core_HUMAN_mono_meme_format	MEF2C_HUMAN.H11MO.0.A	.	1	1	.	.	.	2.21e-03	14	7	45	6061	8.12e-07	7.31e-06
HOCOMOCOv11_core_HUMAN_mono_meme_format	TGIF1_HUMAN.H11MO.0.A	.	HOCOMOCOv11_core_HUMAN_mono_meme_format	MEF2C_HUMAN.H11MO.0.A	.	1	1	.	.	.	2.21e-03	136	7	45	6061	8.12e-07	7.31e-06
HOCOMOCOv11_core_HUMAN_mono_meme_format	TGIF1_HUMAN.H11MO.0.A	.	HOCOMOCOv11_core_HUMAN_mono_meme_format	MEF2C_HUMAN.H11MO.0.A	.	1	1	.	.	.	2.21e-03	122	1	27	6061	2.71e-06	2.44e-05
HOCOMOCOv11_core_HUMAN_mono_meme_format	TGIF1_HUMAN.H11MO.0.A	.	HOCOMOCOv11_core_HUMAN_mono_meme_format	MEF2C_HUMAN.H11MO.0.A	.	1	1	.	.	.	2.21e-03	14	5	43	6061	3.59e-06	3.23e-05
HOCOMOCOv11_core_HUMAN_mono_meme_format	TGIF1_HUMAN.H11MO.0.A	.	HOCOMOCOv11_core_HUMAN_mono_meme_format	MEF2C_HUMAN.H11MO.0.A	.	1	1	.	.	.	2.21e-03	136	8	72	6061	4.25e-06	3.82e-05
HOCOMOCOv11_core_HUMAN_mono_meme_format	TGIF1_HUMAN.H11MO.0.A	.	HOCOMOCOv11_core_HUMAN_mono_meme_format	MEF2A_HUMAN.H11MO.0.A	.	1	1	HOCOMOCOv11_core_HUMAN_mono_meme_format	MEF2C_HUMAN.H11MO.0.A	.	3.87e-03	14	3	35	6201	8.13e-10	7.31e-09
HOCOMOCOv11_core_HUMAN_mono_meme_format	TGIF1_HUMAN.H11MO.0.A	.	HOCOMOCOv11_core_HUMAN_mono_meme_format	MEF2A_HUMAN.H11MO.0.A	.	1	1	HOCOMOCOv11_core_HUMAN_mono_meme_format	MEF2C_HUMAN.H11MO.0.A	.	3.87e-03	13	3	31	6201	7.27e-08	6.54e-07
HOCOMOCOv11_core_HUMAN_mono_meme_format	TGIF1_HUMAN.H11MO.0.A	.	HOCOMOCOv11_core_HUMAN_mono_meme_format	MEF2A_HUMAN.H11MO.0.A	.	1	1	HOCOMOCOv11_core_HUMAN_mono_meme_format	MEF2C_HUMAN.H11MO.0.A	.	3.87e-03	13	7	46	6201	6.63e-07	5.97e-06
HOCOMOCOv11_core_HUMAN_mono_meme_format	TGIF1_HUMAN.H11MO.0.A	.	HOCOMOCOv11_core_HUMAN_mono_meme_format	MEF2A_HUMAN.H11MO.0.A	.	1	1	HOCOMOCOv11_core_HUMAN_mono_meme_format	MEF2C_HUMAN.H11MO.0.A	.	3.87e-03	14	7	46	6201	6.63e-07	5.97e-06
HOCOMOCOv11_core_HUMAN_mono_meme_format	TGIF1_HUMAN.H11MO.0.A	.	HOCOMOCOv11_core_HUMAN_mono_meme_format	MEF2A_HUMAN.H11MO.0.A	.	1	1	HOCOMOCOv11_core_HUMAN_mono_meme_format	MEF2C_HUMAN.H11MO.0.A	.	3.87e-03	14	5	44	6201	2.92e-06	2.63e-05
HOCOMOCOv11_core_HUMAN_mono_meme_format	TGIF1_HUMAN.H11MO.0.A	.	HOCOMOCOv11_core_HUMAN_mono_meme_format	MEF2A_HUMAN.H11MO.0.A	.	1	1	HOCOMOCOv11_core_HUMAN_mono_meme_format	MEF2C_HUMAN.H11MO.0.A	.	3.87e-03	136	7	44	6201	2.92e-06	2.63e-05
HOCOMOCOv11_core_HUMAN_mono_meme_format	TGIF1_HUMAN.H11MO.0.A	.	HOCOMOCOv11_core_HUMAN_mono_meme_format	ZFP28_HUMAN.H11MO.0.C	.	0	0	.	.	.	6.36e-03	10	3	27	3781	1.43e-09	1.28e-08
HOCOMOCOv11_core_HUMAN_mono_meme_format	TGIF1_HUMAN.H11MO.0.A	.	HOCOMOCOv11_core_HUMAN_mono_meme_format	ZFP28_HUMAN.H11MO.0.C	.	0	0	.	.	.	6.36e-03	10	5	39	3781	6.90e-09	6.21e-08
HOCOMOCOv11_core_HUMAN_mono_meme_format	TGIF1_HUMAN.H11MO.0.A	.	HOCOMOCOv11_core_HUMAN_mono_meme_format	ZFP28_HUMAN.H11MO.0.C	.	0	0	.	.	.	6.36e-03	16	3	23	3781	2.39e-07	2.15e-06
HOCOMOCOv11_core_HUMAN_mono_meme_format	TGIF1_HUMAN.H11MO.0.A	.	HOCOMOCOv11_core_HUMAN_mono_meme_format	ETV5_HUMAN.H11MO.0.C	.	1	1	.	.	.	7.82e-03	0	0	70	18388	1.65e-09	1.49e-08
HOCOMOCOv11_core_HUMAN_mono_meme_format	TGIF1_HUMAN.H11MO.0.A	.	HOCOMOCOv11_core_HUMAN_mono_meme_format	ETV5_HUMAN.H11MO.0.C	.	1	1	.	.	.	7.82e-03	1	2	65	18388	6.54e-08	5.88e-07
HOCOMOCOv11_core_HUMAN_mono_meme_format	TGIF1_HUMAN.H11MO.0.A	.	HOCOMOCOv11_core_HUMAN_mono_meme_format	ETV5_HUMAN.H11MO.0.C	.	1	1	.	.	.	7.82e-03	5	2	62	18388	4.98e-07	4.48e-06
HOCOMOCOv11_core_HUMAN_mono_meme_format	TGIF1_HUMAN.H11MO.0.A	.	HOCOMOCOv11_core_HUMAN_mono_meme_format	ERG_HUMAN.H11MO.0.A	.	1	0	HOCOMOCOv11_core_HUMAN_mono_meme_format	ETV5_HUMAN.H11MO.0.C	.	8.13e-02	0	0	45	10351	1.72e-08	1.55e-07
HOCOMOCOv11_core_HUMAN_mono_meme_format	TGIF1_HUMAN.H11MO.0.A	.	HOCOMOCOv11_core_HUMAN_mono_meme_format	ERG_HUMAN.H11MO.0.A	.	1	0	HOCOMOCOv11_core_HUMAN_mono_meme_format	ETV5_HUMAN.H11MO.0.C	.	8.13e-02	0	4	66	10351	1.40e-06	1.26e-05
HOCOMOCOv11_core_HUMAN_mono_meme_format	TGIF1_HUMAN.H11MO.0.A	.	HOCOMOCOv11_core_HUMAN_mono_meme_format	ETV2_HUMAN.H11MO.0.B	.	2	1	HOCOMOCOv11_core_HUMAN_mono_meme_format	ETV5_HUMAN.H11MO.0.C	.	2.64e+00	0	0	28	5779	5.64e-07	5.08e-06
HOCOMOCOv11_core_HUMAN_mono_meme_format	TGIF1_HUMAN.H11MO.0.A	.	HOCOMOCOv11_core_HUMAN_mono_meme_format	ETV2_HUMAN.H11MO.0.B	.	2	1	HOCOMOCOv11_core_HUMAN_mono_meme_format	ETV5_HUMAN.H11MO.0.C	.	2.64e+00	51	0	27	5779	1.54e-06	1.39e-05
HOCOMOCOv11_core_HUMAN_mono_meme_format	TGIF1_HUMAN.H11MO.0.A	.	HOCOMOCOv11_core_HUMAN_mono_meme_format	ETV2_HUMAN.H11MO.0.B	.	2	1	HOCOMOCOv11_core_HUMAN_mono_meme_format	ETV5_HUMAN.H11MO.0.C	.	2.64e+00	0	5	43	5779	1.69e-06	1.52e-05
HOCOMOCOv11_core_HUMAN_mono_meme_format	TGIF1_HUMAN.H11MO.0.A	.	HOCOMOCOv11_core_HUMAN_mono_meme_format	ETS1_HUMAN.H11MO.0.A	.	2	0	HOCOMOCOv11_core_HUMAN_mono_meme_format	ETV5_HUMAN.H11MO.0.C	.	2.81e+00	0	0	34	7930	5.92e-07	5.33e-06
HOCOMOCOv11_core_HUMAN_mono_meme_format	TGIF1_HUMAN.H11MO.0.A	.	HOCOMOCOv11_core_HUMAN_mono_meme_format	ETS1_HUMAN.H11MO.0.A	.	2	0	HOCOMOCOv11_core_HUMAN_mono_meme_format	ETV5_HUMAN.H11MO.0.C	.	2.81e+00	6	2	34	7930	5.92e-07	5.33e-06
HOCOMOCOv11_core_HUMAN_mono_meme_format	TGIF1_HUMAN.H11MO.0.A	.	HOCOMOCOv11_core_HUMAN_mono_meme_format	ETS1_HUMAN.H11MO.0.A	.	2	0	HOCOMOCOv11_core_HUMAN_mono_meme_format	ETV5_HUMAN.H11MO.0.C	.	2.81e+00	6	7	54	7930	1.22e-06	1.09e-05
HOCOMOCOv11_core_HUMAN_mono_meme_format	TGIF1_HUMAN.H11MO.0.A	.	HOCOMOCOv11_core_HUMAN_mono_meme_format	ELF2_HUMAN.H11MO.0.C	.	3	0	HOCOMOCOv11_core_HUMAN_mono_meme_format	ETV5_HUMAN.H11MO.0.C	.	6.64e+00	0	0	30	6905	1.40e-06	1.26e-05
HOCOMOCOv11_core_HUMAN_mono_meme_format	TGIF1_HUMAN.H11MO.0.A	.	HOCOMOCOv11_core_HUMAN_mono_meme_format	ELF2_HUMAN.H11MO.0.C	.	3	0	HOCOMOCOv11_core_HUMAN_mono_meme_format	ETV5_HUMAN.H11MO.0.C	.	6.64e+00	31	0	29	6905	3.50e-06	3.15e-05
HOCOMOCOv11_core_HUMAN_mono_meme_format	TGIF1_HUMAN.H11MO.0.A	.	HOCOMOCOv11_core_HUMAN_mono_meme_format	BACH1_HUMAN.H11MO.0.A	.	0	2	.	.	.	1.20e-02	70	0	28	4434	2.52e-09	2.27e-08
HOCOMOCOv11_core_HUMAN_mono_meme_format	TGIF1_HUMAN.H11MO.0.A	.	HOCOMOCOv11_core_HUMAN_mono_meme_format	BACH1_HUMAN.H11MO.0.A	.	0	2	.	.	.	1.20e-02	42	0	23	4434	1.05e-06	9.46e-06
HOCOMOCOv11_core_HUMAN_mono_meme_format	TGIF1_HUMAN.H11MO.0.A	.	HOCOMOCOv11_core_HUMAN_mono_meme_format	BACH1_HUMAN.H11MO.0.A	.	0	2	.	.	.	1.20e-02	70	5	35	4434	2.34e-06	2.10e-05
HOCOMOCOv11_core_HUMAN_mono_meme_format	TGIF1_HUMAN.H11MO.0.A	.	HOCOMOCOv11_core_HUMAN_mono_meme_format	BACH2_HUMAN.H11MO.0.A	.	0	1	HOCOMOCOv11_core_HUMAN_mono_meme_format	BACH1_HUMAN.H11MO.0.A	.	3.59e+00	71	0	23	4371	7.52e-07	6.76e-06
HOCOMOCOv11_core_HUMAN_mono_meme_format	TGIF1_HUMAN.H11MO.0.A	.	HOCOMOCOv11_core_HUMAN_mono_meme_format	BACH2_HUMAN.H11MO.0.A	.	0	1	HOCOMOCOv11_core_HUMAN_mono_meme_format	BACH1_HUMAN.H11MO.0.A	.	3.59e+00	71	4	34	4371	3.51e-06	3.16e-05
HOCOMOCOv11_core_HUMAN_mono_meme_format	TGIF1_HUMAN.H11MO.0.A	.	HOCOMOCOv11_core_HUMAN_mono_meme_format	TAF1_HUMAN.H11MO.0.A	.	0	0	.	.	.	1.58e-02	35	0	56	13198	3.44e-09	3.10e-08
HOCOMOCOv11_core_HUMAN_mono_meme_format	TGIF1_HUMAN.H11MO.0.A	.	HOCOMOCOv11_core_HUMAN_mono_meme_format	TAF1_HUMAN.H11MO.0.A	.	0	0	.	.	.	1.58e-02	67	0	49	13198	8.70e-07	7.83e-06
HOCOMOCOv11_core_HUMAN_mono_meme_format	TGIF1_HUMAN.H11MO.0.A	.	HOCOMOCOv11_core_HUMAN_mono_meme_format	ZN554_HUMAN.H11MO.0.C	.	0	1	.	.	.	2.98e-02	61	0	32	5505	6.64e-09	5.97e-08
HOCOMOCOv11_core_HUMAN_mono_meme_format	TGIF1_HUMAN.H11MO.0.A	.	HOCOMOCOv11_core_HUMAN_mono_meme_format	BC11A_HUMAN.H11MO.0.A	.	1	1	.	.	.	3.28e-02	17	2	71	19084	7.10e-09	6.39e-08
HOCOMOCOv11_core_HUMAN_mono_meme_format	TGIF1_HUMAN.H11MO.0.A	.	HOCOMOCOv11_core_HUMAN_mono_meme_format	BC11A_HUMAN.H11MO.0.A	.	1	1	.	.	.	3.28e-02	18	2	68	19084	5.90e-08	5.31e-07
HOCOMOCOv11_core_HUMAN_mono_meme_format	TGIF1_HUMAN.H11MO.0.A	.	HOCOMOCOv11_core_HUMAN_mono_meme_format	BC11A_HUMAN.H11MO.0.A	.	1	1	.	.	.	3.28e-02	20	2	63	19084	1.51e-06	1.36e-05
HOCOMOCOv11_core_HUMAN_mono_meme_format	TGIF1_HUMAN.H11MO.0.A	.	HOCOMOCOv11_core_HUMAN_mono_meme_format	BC11A_HUMAN.H11MO.0.A	.	1	1	.	.	.	3.28e-02	24	2	62	19084	2.77e-06	2.49e-05
HOCOMOCOv11_core_HUMAN_mono_meme_format	TGIF1_HUMAN.H11MO.0.A	.	HOCOMOCOv11_core_HUMAN_mono_meme_format	NF2L1_HUMAN.H11MO.0.C	.	1	1	.	.	.	5.38e-02	21	0	35	7208	1.08e-08	9.74e-08
HOCOMOCOv11_core_HUMAN_mono_meme_format	TGIF1_HUMAN.H11MO.0.A	.	HOCOMOCOv11_core_HUMAN_mono_meme_format	NF2L1_HUMAN.H11MO.0.C	.	1	1	.	.	.	5.38e-02	21	5	52	7208	1.17e-07	1.06e-06
HOCOMOCOv11_core_HUMAN_mono_meme_format	TGIF1_HUMAN.H11MO.0.A	.	HOCOMOCOv11_core_HUMAN_mono_meme_format	NF2L1_HUMAN.H11MO.0.C	.	1	1	.	.	.	5.38e-02	21	4	50	7208	5.31e-07	4.78e-06
HOCOMOCOv11_core_HUMAN_mono_meme_format	TGIF1_HUMAN.H11MO.0.A	.	HOCOMOCOv11_core_HUMAN_mono_meme_format	NF2L1_HUMAN.H11MO.0.C	.	1	1	.	.	.	5.38e-02	24	1	29	7208	4.03e-06	3.63e-05
HOCOMOCOv11_core_HUMAN_mono_meme_format	TGIF1_HUMAN.H11MO.0.A	.	meme.xml	5	MEME	0	0	.	.	.	9.29e-02	107	5	84	11820	2.10e-08	1.89e-07
HOCOMOCOv11_core_HUMAN_mono_meme_format	TGIF1_HUMAN.H11MO.0.A	.	meme.xml	5	MEME	0	0	.	.	.	9.29e-02	116	5	84	11820	2.10e-08	1.89e-07
HOCOMOCOv11_core_HUMAN_mono_meme_format	TGIF1_HUMAN.H11MO.0.A	.	meme.xml	5	MEME	0	0	.	.	.	9.29e-02	124	0	51	11820	2.52e-08	2.27e-07
HOCOMOCOv11_core_HUMAN_mono_meme_format	TGIF1_HUMAN.H11MO.0.A	.	meme.xml	5	MEME	0	0	.	.	.	9.29e-02	0	1	51	11820	2.52e-08	2.27e-07
HOCOMOCOv11_core_HUMAN_mono_meme_format	TGIF1_HUMAN.H11MO.0.A	.	meme.xml	5	MEME	0	0	.	.	.	9.29e-02	113	5	83	11820	3.95e-08	3.55e-07
HOCOMOCOv11_core_HUMAN_mono_meme_format	TGIF1_HUMAN.H11MO.0.A	.	meme.xml	5	MEME	0	0	.	.	.	9.29e-02	124	5	82	11820	7.32e-08	6.59e-07
HOCOMOCOv11_core_HUMAN_mono_meme_format	TGIF1_HUMAN.H11MO.0.A	.	meme.xml	5	MEME	0	0	.	.	.	9.29e-02	103	0	49	11820	1.29e-07	1.16e-06
HOCOMOCOv11_core_HUMAN_mono_meme_format	TGIF1_HUMAN.H11MO.0.A	.	meme.xml	5	MEME	0	0	.	.	.	9.29e-02	16	2	49	11820	1.29e-07	1.16e-06
HOCOMOCOv11_core_HUMAN_mono_meme_format	TGIF1_HUMAN.H11MO.0.A	.	meme.xml	5	MEME	0	0	.	.	.	9.29e-02	1	1	49	11820	1.29e-07	1.16e-06
HOCOMOCOv11_core_HUMAN_mono_meme_format	TGIF1_HUMAN.H11MO.0.A	.	meme.xml	5	MEME	0	0	.	.	.	9.29e-02	126	5	80	11820	2.44e-07	2.19e-06
HOCOMOCOv11_core_HUMAN_mono_meme_format	TGIF1_HUMAN.H11MO.0.A	.	meme.xml	5	MEME	0	0	.	.	.	9.29e-02	113	8	133	11820	2.17e-06	1.95e-05
HOCOMOCOv11_core_HUMAN_mono_meme_format	TGIF1_HUMAN.H11MO.0.A	.	meme.xml	5	MEME	0	0	.	.	.	9.29e-02	108	5	76	11820	2.33e-06	2.10e-05
HOCOMOCOv11_core_HUMAN_mono_meme_format	TGIF1_HUMAN.H11MO.0.A	.	meme.xml	5	MEME	0	0	.	.	.	9.29e-02	123	5	76	11820	2.33e-06	2.10e-05
HOCOMOCOv11_core_HUMAN_mono_meme_format	TGIF1_HUMAN.H11MO.0.A	.	meme.xml	5	MEME	0	0	.	.	.	9.29e-02	107	0	45	11820	2.65e-06	2.38e-05
HOCOMOCOv11_core_HUMAN_mono_meme_format	TGIF1_HUMAN.H11MO.0.A	.	meme.xml	5	MEME	0	0	.	.	.	9.29e-02	113	0	45	11820	2.65e-06	2.38e-05
HOCOMOCOv11_core_HUMAN_mono_meme_format	TGIF1_HUMAN.H11MO.0.A	.	meme.xml	5	MEME	0	0	.	.	.	9.29e-02	126	0	45	11820	2.65e-06	2.38e-05
HOCOMOCOv11_core_HUMAN_mono_meme_format	TGIF1_HUMAN.H11MO.0.A	.	meme.xml	5	MEME	0	0	.	.	.	9.29e-02	103	5	75	11820	3.98e-06	3.58e-05
HOCOMOCOv11_core_HUMAN_mono_meme_format	TGIF1_HUMAN.H11MO.0.A	.	HOCOMOCOv11_core_HUMAN_mono_meme_format	TBX21_HUMAN.H11MO.0.A	.	2	1	.	.	.	1.17e-01	73	0	48	11713	2.45e-08	2.20e-07
HOCOMOCOv11_core_HUMAN_mono_meme_format	TGIF1_HUMAN.H11MO.0.A	.	HOCOMOCOv11_core_HUMAN_mono_meme_format	TBX21_HUMAN.H11MO.0.A	.	2	1	.	.	.	1.17e-01	87	1	42	11713	3.02e-06	2.72e-05
HOCOMOCOv11_core_HUMAN_mono_meme_format	TGIF1_HUMAN.H11MO.0.A	.	HOCOMOCOv11_core_HUMAN_mono_meme_format	BATF3_HUMAN.H11MO.0.B	.	1	2	.	.	.	1.92e-01	0	2	30	5595	4.11e-08	3.70e-07
HOCOMOCOv11_core_HUMAN_mono_meme_format	TGIF1_HUMAN.H11MO.0.A	.	HOCOMOCOv11_core_HUMAN_mono_meme_format	BATF3_HUMAN.H11MO.0.B	.	1	2	.	.	.	1.92e-01	13	3	28	5595	3.57e-07	3.21e-06
HOCOMOCOv11_core_HUMAN_mono_meme_format	TGIF1_HUMAN.H11MO.0.A	.	HOCOMOCOv11_core_HUMAN_mono_meme_format	NKX31_HUMAN.H11MO.0.C	.	1	1	.	.	.	1.93e-01	83	1	33	6714	4.03e-08	3.62e-07
HOCOMOCOv11_core_HUMAN_mono_meme_format	TGIF1_HUMAN.H11MO.0.A	.	HOCOMOCOv11_core_HUMAN_mono_meme_format	NKX31_HUMAN.H11MO.0.C	.	1	1	.	.	.	1.93e-01	83	4	48	6714	9.08e-07	8.17e-06
HOCOMOCOv11_core_HUMAN_mono_meme_format	TGIF1_HUMAN.H11MO.0.A	.	HOCOMOCOv11_core_HUMAN_mono_meme_format	ZN257_HUMAN.H11MO.0.C	.	0	0	.	.	.	2.13e-01	66	1	25	4197	4.51e-08	4.06e-07
HOCOMOCOv11_core_HUMAN_mono_meme_format	TGIF1_HUMAN.H11MO.0.A	.	HOCOMOCOv11_core_HUMAN_mono_meme_format	ZN257_HUMAN.H11MO.0.C	.	0	0	.	.	.	2.13e-01	81	2	24	4197	1.52e-07	1.37e-06
HOCOMOCOv11_core_HUMAN_mono_meme_format	TGIF1_HUMAN.H11MO.0.A	.	HOCOMOCOv11_core_HUMAN_mono_meme_format	ZN257_HUMAN.H11MO.0.C	.	0	0	.	.	.	2.13e-01	81	6	36	4197	3.62e-07	3.26e-06
HOCOMOCOv11_core_HUMAN_mono_meme_format	TGIF1_HUMAN.H11MO.0.A	.	HOCOMOCOv11_core_HUMAN_mono_meme_format	ZN257_HUMAN.H11MO.0.C	.	0	0	.	.	.	2.13e-01	66	4	35	4197	8.84e-07	7.96e-06
HOCOMOCOv11_core_HUMAN_mono_meme_format	TGIF1_HUMAN.H11MO.0.A	.	HOCOMOCOv11_core_HUMAN_mono_meme_format	GFI1_HUMAN.H11MO.0.C	.	0	0	.	.	.	2.26e-01	22	0	26	4564	4.71e-08	4.24e-07
HOCOMOCOv11_core_HUMAN_mono_meme_format	TGIF1_HUMAN.H11MO.0.A	.	HOCOMOCOv11_core_HUMAN_mono_meme_format	GFI1_HUMAN.H11MO.0.C	.	0	0	.	.	.	2.26e-01	22	4	35	4564	3.60e-06	3.24e-05
HOCOMOCOv11_core_HUMAN_mono_meme_format	TGIF1_HUMAN.H11MO.0.A	.	HOCOMOCOv11_core_HUMAN_mono_meme_format	GFI1_HUMAN.H11MO.0.C	.	0	0	.	.	.	2.26e-01	74	2	22	4564	4.29e-06	3.86e-05
HOCOMOCOv11_core_HUMAN_mono_meme_format	TGIF1_HUMAN.H11MO.0.A	.	HOCOMOCOv11_core_HUMAN_mono_meme_format	ANDR_HUMAN.H11MO.0.A	.	0	0	.	.	.	2.30e-01	131	6	68	9299	5.08e-08	4.57e-07
HOCOMOCOv11_core_HUMAN_mono_meme_format	TGIF1_HUMAN.H11MO.0.A	.	HOCOMOCOv11_core_HUMAN_mono_meme_format	ANDR_HUMAN.H11MO.0.A	.	0	0	.	.	.	2.30e-01	16	3	40	9299	2.94e-07	2.65e-06
HOCOMOCOv11_core_HUMAN_mono_meme_format	TGIF1_HUMAN.H11MO.0.A	.	HOCOMOCOv11_core_HUMAN_mono_meme_format	ANDR_HUMAN.H11MO.0.A	.	0	0	.	.	.	2.30e-01	1	0	39	9299	6.86e-07	6.18e-06
HOCOMOCOv11_core_HUMAN_mono_meme_format	TGIF1_HUMAN.H11MO.0.A	.	HOCOMOCOv11_core_HUMAN_mono_meme_format	ANDR_HUMAN.H11MO.0.A	.	0	0	.	.	.	2.30e-01	17	3	38	9299	1.56e-06	1.41e-05
HOCOMOCOv11_core_HUMAN_mono_meme_format	TGIF1_HUMAN.H11MO.0.A	.	HOCOMOCOv11_core_HUMAN_mono_meme_format	ANDR_HUMAN.H11MO.0.A	.	0	0	.	.	.	2.30e-01	18	3	38	9299	1.56e-06	1.41e-05
HOCOMOCOv11_core_HUMAN_mono_meme_format	TGIF1_HUMAN.H11MO.0.A	.	HOCOMOCOv11_core_HUMAN_mono_meme_format	ANDR_HUMAN.H11MO.0.A	.	0	0	.	.	.	2.30e-01	1	5	62	9299	2.46e-06	2.21e-05
HOCOMOCOv11_core_HUMAN_mono_meme_format	TGIF1_HUMAN.H11MO.0.A	.	HOCOMOCOv11_core_HUMAN_mono_meme_format	ANDR_HUMAN.H11MO.0.A	.	0	0	.	.	.	2.30e-01	131	1	37	9299	3.47e-06	3.13e-05
HOCOMOCOv11_core_HUMAN_mono_meme_format	TGIF1_HUMAN.H11MO.0.A	.	HOCOMOCOv11_core_HUMAN_mono_meme_format	ZN394_HUMAN.H11MO.0.C	.	1	1	.	.	.	2.71e-01	15	2	67	18296	5.99e-08	5.39e-07
HOCOMOCOv11_core_HUMAN_mono_meme_format	TGIF1_HUMAN.H11MO.0.A	.	HOCOMOCOv11_core_HUMAN_mono_meme_format	ZN394_HUMAN.H11MO.0.C	.	1	1	.	.	.	2.71e-01	16	2	67	18296	5.99e-08	5.39e-07
HOCOMOCOv11_core_HUMAN_mono_meme_format	TGIF1_HUMAN.H11MO.0.A	.	HOCOMOCOv11_core_HUMAN_mono_meme_format	ZN394_HUMAN.H11MO.0.C	.	1	1	.	.	.	2.71e-01	19	2	66	18296	1.19e-07	1.07e-06
HOCOMOCOv11_core_HUMAN_mono_meme_format	TGIF1_HUMAN.H11MO.0.A	.	HOCOMOCOv11_core_HUMAN_mono_meme_format	ZN394_HUMAN.H11MO.0.C	.	1	1	.	.	.	2.71e-01	129	0	64	18296	4.45e-07	4.00e-06
HOCOMOCOv11_core_HUMAN_mono_meme_format	TGIF1_HUMAN.H11MO.0.A	.	HOCOMOCOv11_core_HUMAN_mono_meme_format	ZN394_HUMAN.H11MO.0.C	.	1	1	.	.	.	2.71e-01	104	0	63	18296	8.43e-07	7.58e-06
HOCOMOCOv11_core_HUMAN_mono_meme_format	TGIF1_HUMAN.H11MO.0.A	.	HOCOMOCOv11_core_HUMAN_mono_meme_format	ZN394_HUMAN.H11MO.0.C	.	1	1	.	.	.	2.71e-01	17	2	62	18296	1.57e-06	1.42e-05
HOCOMOCOv11_core_HUMAN_mono_meme_format	TGIF1_HUMAN.H11MO.0.A	.	HOCOMOCOv11_core_HUMAN_mono_meme_format	ZN394_HUMAN.H11MO.0.C	.	1	1	.	.	.	2.71e-01	18	2	61	18296	2.89e-06	2.60e-05
HOCOMOCOv11_core_HUMAN_mono_meme_format	TGIF1_HUMAN.H11MO.0.A	.	HOCOMOCOv11_core_HUMAN_mono_meme_format	ZN394_HUMAN.H11MO.0.C	.	1	1	.	.	.	2.71e-01	108	5	105	18296	3.17e-06	2.86e-05
HOCOMOCOv11_core_HUMAN_mono_meme_format	TGIF1_HUMAN.H11MO.0.A	.	HOCOMOCOv11_core_HUMAN_mono_meme_format	CEBPD_HUMAN.H11MO.0.C	.	0	0	.	.	.	3.37e-01	16	4	45	5503	7.07e-08	6.36e-07
HOCOMOCOv11_core_HUMAN_mono_meme_format	TGIF1_HUMAN.H11MO.0.A	.	HOCOMOCOv11_core_HUMAN_mono_meme_format	CEBPD_HUMAN.H11MO.0.C	.	0	0	.	.	.	3.37e-01	15	0	28	5503	1.76e-07	1.58e-06
HOCOMOCOv11_core_HUMAN_mono_meme_format	TGIF1_HUMAN.H11MO.0.A	.	HOCOMOCOv11_core_HUMAN_mono_meme_format	CEBPD_HUMAN.H11MO.0.C	.	0	0	.	.	.	3.37e-01	16	8	67	5503	3.77e-06	3.39e-05
HOCOMOCOv11_core_HUMAN_mono_meme_format	TGIF1_HUMAN.H11MO.0.A	.	HOCOMOCOv11_core_HUMAN_mono_meme_format	AP2C_HUMAN.H11MO.0.A	.	2	2	.	.	.	3.38e-01	72	0	31	6236	7.05e-08	6.35e-07
HOCOMOCOv11_core_HUMAN_mono_meme_format	TGIF1_HUMAN.H11MO.0.A	.	HOCOMOCOv11_core_HUMAN_mono_meme_format	AP2C_HUMAN.H11MO.0.A	.	2	2	.	.	.	3.38e-01	87	3	29	6236	5.58e-07	5.02e-06
HOCOMOCOv11_core_HUMAN_mono_meme_format	TGIF1_HUMAN.H11MO.0.A	.	HOCOMOCOv11_core_HUMAN_mono_meme_format	AP2C_HUMAN.H11MO.0.A	.	2	2	.	.	.	3.38e-01	72	4	46	6236	6.39e-07	5.75e-06
HOCOMOCOv11_core_HUMAN_mono_meme_format	TGIF1_HUMAN.H11MO.0.A	.	HOCOMOCOv11_core_HUMAN_mono_meme_format	AP2C_HUMAN.H11MO.0.A	.	2	2	.	.	.	3.38e-01	87	5	46	6236	6.39e-07	5.75e-06
HOCOMOCOv11_core_HUMAN_mono_meme_format	TGIF1_HUMAN.H11MO.0.A	.	HOCOMOCOv11_core_HUMAN_mono_meme_format	AP2C_HUMAN.H11MO.0.A	.	2	2	.	.	.	3.38e-01	72	5	45	6236	1.36e-06	1.22e-05
HOCOMOCOv11_core_HUMAN_mono_meme_format	TGIF1_HUMAN.H11MO.0.A	.	HOCOMOCOv11_core_HUMAN_mono_meme_format	AP2B_HUMAN.H11MO.0.B	.	0	1	HOCOMOCOv11_core_HUMAN_mono_meme_format	AP2C_HUMAN.H11MO.0.A	.	8.10e+00	72	0	40	10726	1.69e-06	1.52e-05
HOCOMOCOv11_core_HUMAN_mono_meme_format	TGIF1_HUMAN.H11MO.0.A	.	HOCOMOCOv11_core_HUMAN_mono_meme_format	AP2B_HUMAN.H11MO.0.B	.	0	1	HOCOMOCOv11_core_HUMAN_mono_meme_format	AP2C_HUMAN.H11MO.0.A	.	8.10e+00	72	5	65	10726	3.83e-06	3.45e-05
HOCOMOCOv11_core_HUMAN_mono_meme_format	TGIF1_HUMAN.H11MO.0.A	.	HOCOMOCOv11_core_HUMAN_mono_meme_format	SRBP1_HUMAN.H11MO.0.A	.	1	0	.	.	.	4.60e-01	26	0	32	6659	9.59e-08	8.63e-07
HOCOMOCOv11_core_HUMAN_mono_meme_format	TGIF1_HUMAN.H11MO.0.A	.	HOCOMOCOv11_core_HUMAN_mono_meme_format	ZN143_HUMAN.H11MO.0.A	.	1	0	.	.	.	4.85e-01	39	0	11	833	1.10e-07	9.88e-07
HOCOMOCOv11_core_HUMAN_mono_meme_format	TGIF1_HUMAN.H11MO.0.A	.	HOCOMOCOv11_core_HUMAN_mono_meme_format	ZN143_HUMAN.H11MO.0.A	.	1	0	.	.	.	4.85e-01	39	4	14	833	7.37e-07	6.63e-06
HOCOMOCOv11_core_HUMAN_mono_meme_format	TGIF1_HUMAN.H11MO.0.A	.	HOCOMOCOv11_core_HUMAN_mono_meme_format	ZN143_HUMAN.H11MO.0.A	.	1	0	.	.	.	4.85e-01	39	5	13	833	3.32e-06	2.99e-05
HOCOMOCOv11_core_HUMAN_mono_meme_format	TGIF1_HUMAN.H11MO.0.A	.	HOCOMOCOv11_core_HUMAN_mono_meme_format	THA11_HUMAN.H11MO.0.B	.	0	0	HOCOMOCOv11_core_HUMAN_mono_meme_format	ZN143_HUMAN.H11MO.0.A	.	9.66e-01	39	0	9	557	2.20e-07	1.98e-06
HOCOMOCOv11_core_HUMAN_mono_meme_format	TGIF1_HUMAN.H11MO.0.A	.	HOCOMOCOv11_core_HUMAN_mono_meme_format	THA11_HUMAN.H11MO.0.B	.	0	0	HOCOMOCOv11_core_HUMAN_mono_meme_format	ZN143_HUMAN.H11MO.0.A	.	9.66e-01	39	8	16	557	1.22e-06	1.10e-05
HOCOMOCOv11_core_HUMAN_mono_meme_format	TGIF1_HUMAN.H11MO.0.A	.	HOCOMOCOv11_core_HUMAN_mono_meme_format	THA11_HUMAN.H11MO.0.B	.	0	0	HOCOMOCOv11_core_HUMAN_mono_meme_format	ZN143_HUMAN.H11MO.0.A	.	9.66e-01	39	4	11	557	1.74e-06	1.57e-05
HOCOMOCOv11_core_HUMAN_mono_meme_format	TGIF1_HUMAN.H11MO.0.A	.	HOCOMOCOv11_core_HUMAN_mono_meme_format	ZN134_HUMAN.H11MO.0.C	.	0	0	.	.	.	7.65e-01	41	0	15	1666	1.75e-07	1.57e-06
HOCOMOCOv11_core_HUMAN_mono_meme_format	TGIF1_HUMAN.H11MO.0.A	.	HOCOMOCOv11_core_HUMAN_mono_meme_format	E2F7_HUMAN.H11MO.0.B	.	0	3	.	.	.	8.59e-01	67	0	51	13739	1.79e-07	1.61e-06
HOCOMOCOv11_core_HUMAN_mono_meme_format	TGIF1_HUMAN.H11MO.0.A	.	HOCOMOCOv11_core_HUMAN_mono_meme_format	KLF5_HUMAN.H11MO.0.A	.	0	2	.	.	.	8.74e-01	65	2	42	10242	1.85e-07	1.67e-06
HOCOMOCOv11_core_HUMAN_mono_meme_format	TGIF1_HUMAN.H11MO.0.A	.	HOCOMOCOv11_core_HUMAN_mono_meme_format	FEV_HUMAN.H11MO.0.B	.	0	0	.	.	.	9.31e-01	4	0	54	14935	1.94e-07	1.75e-06
HOCOMOCOv11_core_HUMAN_mono_meme_format	TGIF1_HUMAN.H11MO.0.A	.	HOCOMOCOv11_core_HUMAN_mono_meme_format	RXRB_HUMAN.H11MO.0.C	.	0	1	.	.	.	1.18e+00	27	1	31	6679	2.44e-07	2.20e-06
HOCOMOCOv11_core_HUMAN_mono_meme_format	TGIF1_HUMAN.H11MO.0.A	.	HOCOMOCOv11_core_HUMAN_mono_meme_format	RXRB_HUMAN.H11MO.0.C	.	0	1	.	.	.	1.18e+00	27	4	48	6679	6.65e-07	5.99e-06
HOCOMOCOv11_core_HUMAN_mono_meme_format	TGIF1_HUMAN.H11MO.0.A	.	HOCOMOCOv11_core_HUMAN_mono_meme_format	RXRB_HUMAN.H11MO.0.C	.	0	1	.	.	.	1.18e+00	27	6	46	6679	2.83e-06	2.55e-05
HOCOMOCOv11_core_HUMAN_mono_meme_format	TGIF1_HUMAN.H11MO.0.A	.	HOCOMOCOv11_core_HUMAN_mono_meme_format	E2F1_HUMAN.H11MO.0.A	.	4	2	.	.	.	1.18e+00	5	2	31	6724	2.43e-07	2.19e-06
HOCOMOCOv11_core_HUMAN_mono_meme_format	TGIF1_HUMAN.H11MO.0.A	.	HOCOMOCOv11_core_HUMAN_mono_meme_format	ZFP82_HUMAN.H11MO.0.C	.	0	0	.	.	.	1.19e+00	20	3	32	6315	2.75e-07	2.47e-06
HOCOMOCOv11_core_HUMAN_mono_meme_format	TGIF1_HUMAN.H11MO.0.A	.	HOCOMOCOv11_core_HUMAN_mono_meme_format	ZFP82_HUMAN.H11MO.0.C	.	0	0	.	.	.	1.19e+00	124	6	50	6315	6.37e-07	5.73e-06
HOCOMOCOv11_core_HUMAN_mono_meme_format	TGIF1_HUMAN.H11MO.0.A	.	HOCOMOCOv11_core_HUMAN_mono_meme_format	ZFP82_HUMAN.H11MO.0.C	.	0	0	.	.	.	1.19e+00	19	3	29	6315	4.55e-06	4.10e-05
HOCOMOCOv11_core_HUMAN_mono_meme_format	TGIF1_HUMAN.H11MO.0.A	.	HOCOMOCOv11_core_HUMAN_mono_meme_format	FOSB_HUMAN.H11MO.0.A	.	1	1	.	.	.	1.30e+00	71	0	31	6802	2.66e-07	2.40e-06
HOCOMOCOv11_core_HUMAN_mono_meme_format	TGIF1_HUMAN.H11MO.0.A	.	HOCOMOCOv11_core_HUMAN_mono_meme_format	SPI1_HUMAN.H11MO.0.A	.	1	2	.	.	.	1.43e+00	23	8	74	5665	3.06e-07	2.76e-06
HOCOMOCOv11_core_HUMAN_mono_meme_format	TGIF1_HUMAN.H11MO.0.A	.	HOCOMOCOv11_core_HUMAN_mono_meme_format	MTF1_HUMAN.H11MO.0.C	.	0	2	HOCOMOCOv11_core_HUMAN_mono_meme_format	SPI1_HUMAN.H11MO.0.A	.	4.11e+00	18	2	9	699	8.92e-07	8.03e-06
HOCOMOCOv11_core_HUMAN_mono_meme_format	TGIF1_HUMAN.H11MO.0.A	.	HOCOMOCOv11_core_HUMAN_mono_meme_format	MTF1_HUMAN.H11MO.0.C	.	0	2	HOCOMOCOv11_core_HUMAN_mono_meme_format	SPI1_HUMAN.H11MO.0.A	.	4.11e+00	18	7	12	699	1.72e-06	1.55e-05
HOCOMOCOv11_core_HUMAN_mono_meme_format	TGIF1_HUMAN.H11MO.0.A	.	HOCOMOCOv11_core_HUMAN_mono_meme_format	ETV4_HUMAN.H11MO.0.B	.	2	2	.	.	.	1.54e+00	47	0	50	13931	3.16e-07	2.84e-06
HOCOMOCOv11_core_HUMAN_mono_meme_format	TGIF1_HUMAN.H11MO.0.A	.	HOCOMOCOv11_core_HUMAN_mono_meme_format	ETV4_HUMAN.H11MO.0.B	.	2	2	.	.	.	1.54e+00	7	2	49	13931	6.65e-07	5.99e-06
HOCOMOCOv11_core_HUMAN_mono_meme_format	TGIF1_HUMAN.H11MO.0.A	.	HOCOMOCOv11_core_HUMAN_mono_meme_format	ETV4_HUMAN.H11MO.0.B	.	2	2	.	.	.	1.54e+00	0	0	48	13931	1.37e-06	1.24e-05
HOCOMOCOv11_core_HUMAN_mono_meme_format	TGIF1_HUMAN.H11MO.0.A	.	HOCOMOCOv11_core_HUMAN_mono_meme_format	IRF7_HUMAN.H11MO.0.C	.	0	0	.	.	.	1.66e+00	0	2	41	10294	3.46e-07	3.12e-06
HOCOMOCOv11_core_HUMAN_mono_meme_format	TGIF1_HUMAN.H11MO.0.A	.	HOCOMOCOv11_core_HUMAN_mono_meme_format	IRF7_HUMAN.H11MO.0.C	.	0	0	.	.	.	1.66e+00	121	5	65	10294	1.42e-06	1.28e-05
HOCOMOCOv11_core_HUMAN_mono_meme_format	TGIF1_HUMAN.H11MO.0.A	.	HOCOMOCOv11_core_HUMAN_mono_meme_format	ATOH1_HUMAN.H11MO.0.B	.	0	0	.	.	.	1.80e+00	2	7	39	4837	3.74e-07	3.36e-06
HOCOMOCOv11_core_HUMAN_mono_meme_format	TGIF1_HUMAN.H11MO.0.A	.	HOCOMOCOv11_core_HUMAN_mono_meme_format	ATOH1_HUMAN.H11MO.0.B	.	0	0	.	.	.	1.80e+00	2	6	37	4837	2.00e-06	1.80e-05
HOCOMOCOv11_core_HUMAN_mono_meme_format	TGIF1_HUMAN.H11MO.0.A	.	HOCOMOCOv11_core_HUMAN_mono_meme_format	ATOH1_HUMAN.H11MO.0.B	.	0	0	.	.	.	1.80e+00	1	2	23	4837	3.21e-06	2.89e-05
HOCOMOCOv11_core_HUMAN_mono_meme_format	TGIF1_HUMAN.H11MO.0.A	.	HOCOMOCOv11_core_HUMAN_mono_meme_format	ATOH1_HUMAN.H11MO.0.B	.	0	0	.	.	.	1.80e+00	2	8	60	4837	3.84e-06	3.45e-05
HOCOMOCOv11_core_HUMAN_mono_meme_format	TGIF1_HUMAN.H11MO.0.A	.	HOCOMOCOv11_core_HUMAN_mono_meme_format	NANOG_HUMAN.H11MO.0.A	.	1	1	.	.	.	1.90e+00	12	3	30	6242	4.13e-07	3.71e-06
HOCOMOCOv11_core_HUMAN_mono_meme_format	TGIF1_HUMAN.H11MO.0.A	.	HOCOMOCOv11_core_HUMAN_mono_meme_format	ZN263_HUMAN.H11MO.0.A	.	0	0	.	.	.	2.03e+00	65	0	44	10719	4.57e-07	4.11e-06
HOCOMOCOv11_core_HUMAN_mono_meme_format	TGIF1_HUMAN.H11MO.0.A	.	HOCOMOCOv11_core_HUMAN_mono_meme_format	ZBTB6_HUMAN.H11MO.0.C	.	0	1	.	.	.	2.14e+00	40	0	26	5107	4.53e-07	4.08e-06
HOCOMOCOv11_core_HUMAN_mono_meme_format	TGIF1_HUMAN.H11MO.0.A	.	HOCOMOCOv11_core_HUMAN_mono_meme_format	ZBTB6_HUMAN.H11MO.0.C	.	0	1	.	.	.	2.14e+00	5	3	25	5107	1.31e-06	1.18e-05
HOCOMOCOv11_core_HUMAN_mono_meme_format	TGIF1_HUMAN.H11MO.0.A	.	HOCOMOCOv11_core_HUMAN_mono_meme_format	ZBTB6_HUMAN.H11MO.0.C	.	0	1	.	.	.	2.14e+00	40	5	38	5107	4.35e-06	3.91e-05
HOCOMOCOv11_core_HUMAN_mono_meme_format	TGIF1_HUMAN.H11MO.0.A	.	HOCOMOCOv11_core_HUMAN_mono_meme_format	ELF5_HUMAN.H11MO.0.A	.	3	2	.	.	.	2.23e+00	5	2	36	8605	4.67e-07	4.20e-06
HOCOMOCOv11_core_HUMAN_mono_meme_format	TGIF1_HUMAN.H11MO.0.A	.	HOCOMOCOv11_core_HUMAN_mono_meme_format	ELF1_HUMAN.H11MO.0.A	.	2	0	HOCOMOCOv11_core_HUMAN_mono_meme_format	ELF5_HUMAN.H11MO.0.A	.	4.30e+00	5	2	28	5979	9.14e-07	8.23e-06
HOCOMOCOv11_core_HUMAN_mono_meme_format	TGIF1_HUMAN.H11MO.0.A	.	HOCOMOCOv11_core_HUMAN_mono_meme_format	LEF1_HUMAN.H11MO.0.A	.	1	1	.	.	.	2.50e+00	137	1	48	12949	5.30e-07	4.77e-06
HOCOMOCOv11_core_HUMAN_mono_meme_format	TGIF1_HUMAN.H11MO.0.A	.	HOCOMOCOv11_core_HUMAN_mono_meme_format	FLI1_HUMAN.H11MO.0.A	.	2	1	.	.	.	2.58e+00	4	2	46	11954	5.58e-07	5.03e-06
HOCOMOCOv11_core_HUMAN_mono_meme_format	TGIF1_HUMAN.H11MO.0.A	.	HOCOMOCOv11_core_HUMAN_mono_meme_format	ZN341_HUMAN.H11MO.0.C	.	1	0	.	.	.	2.83e+00	63	0	67	19241	6.43e-07	5.78e-06
HOCOMOCOv11_core_HUMAN_mono_meme_format	TGIF1_HUMAN.H11MO.0.A	.	HOCOMOCOv11_core_HUMAN_mono_meme_format	ZN341_HUMAN.H11MO.0.C	.	1	0	.	.	.	2.83e+00	21	2	66	19241	1.18e-06	1.07e-05
HOCOMOCOv11_core_HUMAN_mono_meme_format	TGIF1_HUMAN.H11MO.0.A	.	HOCOMOCOv11_core_HUMAN_mono_meme_format	PBX1_HUMAN.H11MO.0.A	.	0	0	.	.	.	3.30e+00	0	2	20	3434	6.91e-07	6.22e-06
HOCOMOCOv11_core_HUMAN_mono_meme_format	TGIF1_HUMAN.H11MO.0.A	.	HOCOMOCOv11_core_HUMAN_mono_meme_format	KLF6_HUMAN.H11MO.0.A	.	1	0	.	.	.	3.70e+00	35	0	58	16356	8.22e-07	7.40e-06
HOCOMOCOv11_core_HUMAN_mono_meme_format	TGIF1_HUMAN.H11MO.0.A	.	HOCOMOCOv11_core_HUMAN_mono_meme_format	SMCA1_HUMAN.H11MO.0.C	.	0	1	.	.	.	4.38e+00	15	2	41	10663	9.24e-07	8.31e-06
HOCOMOCOv11_core_HUMAN_mono_meme_format	TGIF1_HUMAN.H11MO.0.A	.	HOCOMOCOv11_core_HUMAN_mono_meme_format	ZN467_HUMAN.H11MO.0.C	.	0	0	.	.	.	4.57e+00	32	2	53	14156	1.05e-06	9.43e-06
HOCOMOCOv11_core_HUMAN_mono_meme_format	TGIF1_HUMAN.H11MO.0.A	.	HOCOMOCOv11_core_HUMAN_mono_meme_format	USF1_HUMAN.H11MO.0.A	.	1	0	.	.	.	4.79e+00	117	5	15	1051	1.01e-06	9.11e-06
HOCOMOCOv11_core_HUMAN_mono_meme_format	TGIF1_HUMAN.H11MO.0.A	.	HOCOMOCOv11_core_HUMAN_mono_meme_format	USF1_HUMAN.H11MO.0.A	.	1	0	.	.	.	4.79e+00	33	0	10	1051	2.97e-06	2.67e-05
HOCOMOCOv11_core_HUMAN_mono_meme_format	TGIF1_HUMAN.H11MO.0.A	.	HOCOMOCOv11_core_HUMAN_mono_meme_format	USF1_HUMAN.H11MO.0.A	.	1	0	.	.	.	4.79e+00	33	5	14	1051	4.16e-06	3.75e-05
HOCOMOCOv11_core_HUMAN_mono_meme_format	TGIF1_HUMAN.H11MO.0.A	.	HOCOMOCOv11_core_HUMAN_mono_meme_format	MAZ_HUMAN.H11MO.0.A	.	1	0	.	.	.	4.80e+00	8	0	82	25455	1.09e-06	9.83e-06
HOCOMOCOv11_core_HUMAN_mono_meme_format	TGIF1_HUMAN.H11MO.0.A	.	HOCOMOCOv11_core_HUMAN_mono_meme_format	MAZ_HUMAN.H11MO.0.A	.	1	0	.	.	.	4.80e+00	62	0	80	25455	3.14e-06	2.82e-05
HOCOMOCOv11_core_HUMAN_mono_meme_format	TGIF1_HUMAN.H11MO.0.A	.	HOCOMOCOv11_core_HUMAN_mono_meme_format	MAZ_HUMAN.H11MO.0.A	.	1	0	.	.	.	4.80e+00	15	2	80	25455	3.14e-06	2.82e-05
HOCOMOCOv11_core_HUMAN_mono_meme_format	TGIF1_HUMAN.H11MO.0.A	.	HOCOMOCOv11_core_HUMAN_mono_meme_format	SP2_HUMAN.H11MO.0.A	.	0	0	.	.	.	5.47e+00	35	0	62	17608	1.25e-06	1.13e-05
HOCOMOCOv11_core_HUMAN_mono_meme_format	TGIF1_HUMAN.H11MO.0.A	.	HOCOMOCOv11_core_HUMAN_mono_meme_format	COE1_HUMAN.H11MO.0.A	.	3	2	.	.	.	6.13e+00	47	1	23	4524	1.29e-06	1.16e-05
HOCOMOCOv11_core_HUMAN_mono_meme_format	TGIF1_HUMAN.H11MO.0.A	.	HOCOMOCOv11_core_HUMAN_mono_meme_format	ZNF41_HUMAN.H11MO.0.C	.	0	0	.	.	.	6.21e+00	32	0	16	2208	1.45e-06	1.30e-05
HOCOMOCOv11_core_HUMAN_mono_meme_format	TGIF1_HUMAN.H11MO.0.A	.	HOCOMOCOv11_core_HUMAN_mono_meme_format	SPIB_HUMAN.H11MO.0.A	.	1	0	.	.	.	6.34e+00	23	8	50	3465	1.39e-06	1.25e-05
HOCOMOCOv11_core_HUMAN_mono_meme_format	TGIF1_HUMAN.H11MO.0.A	.	HOCOMOCOv11_core_HUMAN_mono_meme_format	USF2_HUMAN.H11MO.0.A	.	1	6	.	.	.	6.83e+00	33	0	10	959	1.46e-06	1.31e-05
HOCOMOCOv11_core_HUMAN_mono_meme_format	TGIF1_HUMAN.H11MO.0.A	.	HOCOMOCOv11_core_HUMAN_mono_meme_format	USF2_HUMAN.H11MO.0.A	.	1	6	.	.	.	6.83e+00	33	5	14	959	1.67e-06	1.51e-05
HOCOMOCOv11_core_HUMAN_mono_meme_format	TGIF1_HUMAN.H11MO.0.A	.	HOCOMOCOv11_core_HUMAN_mono_meme_format	AP2A_HUMAN.H11MO.0.A	.	1	1	.	.	.	7.31e+00	1	4	46	6332	1.57e-06	1.41e-05
HOCOMOCOv11_core_HUMAN_mono_meme_format	TGIF1_HUMAN.H11MO.0.A	.	HOCOMOCOv11_core_HUMAN_mono_meme_format	AP2A_HUMAN.H11MO.0.A	.	1	1	.	.	.	7.31e+00	1	8	77	6332	1.76e-06	1.59e-05
HOCOMOCOv11_core_HUMAN_mono_meme_format	TGIF1_HUMAN.H11MO.0.A	.	HOCOMOCOv11_core_HUMAN_mono_meme_format	Z354A_HUMAN.H11MO.0.C	.	1	0	.	.	.	9.92e+00	14	3	32	7096	2.31e-06	2.08e-05
##
# Detailed descriptions of columns in this file:
#
# prim_db:	The name of the database (file name) that contains the primary motif.
# prim_id:	A name for the primary motif that is unique in the motif database file.
# prim_alt:	An alternate name of the primary motif that may be provided
#		in the motif database file.
# sec_db:	The name of the database (file name) that contains the secondary motif.
# sec_id:	A name for the motif that is unique in the motif database file.
# sec_alt:	An alternate name of the secondary motif that may be provided
#		in the motif database file.
# trim_left:	Number of positions trimmed from left of secondary motif
# trim_right:	Number of positions trimmed from right of secondary motif
# If the next three fields are not blank, the motif is redundant with a more significant ('parent') motif.
# red_db:	The database (file name) that contains the parent motif.
# red_id:	A name for the parent motif that is unique in the motif database file.
# red_alt:	An alternate name of the parent motif that may be provided
#		in the motif database file.
# E-value:	The expected number motifs that would have least one
#		spacing as enriched as the best spacing for this secondary.
#		The E-value is the best spacing p-value multiplied by the number of motifs in the
#		input database(s).
# gap:		The distance between the edge of the primary and the (trimmed) secondary motif.
# orient:	The (combination) of quadrants for which occurrences
#		of this spacing are combined.
# count:	The number of occurrences of the secondary motif with the
#		given spacing and orientation to the primary motif.
# total:	The total number of occurrences of the secondary motif within the
#		margins around the best primary motif occurrence.
# adj_p-value:	The p-value of the gap and orientation, adjusted for
#		nine combinations of quadrants times the number of gaps tested
#		(as controlled by the -range switch).
# p-value:	The p-value of the gap and orientation adjusted only for the number of gaps tested.
