<!DOCTYPE HTML>
<html>
  <head>
    <meta charset="UTF-8">
    <title>SpaMo - Spaced Motif Analysis</title>
    <script type="text/javascript">
      //@JSON_VAR data
      var data = {"program":"SpaMo","version":"4.11.3","revision":"c13e15f35e38483381a6e8a363f9137e303c0765","release":"Sat Mar 11 20:16:08 2017 -0800","host":"uger-c011.broadinstitute.org","when":"Sun Feb 28 17:25:06 2021","cmd":["spamo","-verbosity","1","-oc","/broad/sankaranlab/fyu/HemeMap/02262021-downMast_re-analysis/motif_denovo/all_mast0035_interactions_10x_hocomoco_meme-chip/spamo_out_19","-bgfile","/broad/sankaranlab/fyu/HemeMap/02262021-downMast_re-analysis/motif_denovo/all_mast0035_interactions_10x_hocomoco_meme-chip/background","-primary","RFX5_HUMAN.H11MO.0.A","/broad/sankaranlab/fyu/HemeMap/02262021-downMast_re-analysis/motif_denovo/all_mast0035_interactions_10x_hocomoco_meme-chip/20210227-deg_interactions_peaks_all_mast0035_fa_1based.fa","/broad/sankaranlab/fyu/motif_data/HOCOMOCOv11_core_HUMAN_mono_meme_format.meme","/broad/sankaranlab/fyu/HemeMap/02262021-downMast_re-analysis/motif_denovo/all_mast0035_interactions_10x_hocomoco_meme-chip/meme_out/meme.xml","/broad/sankaranlab/fyu/HemeMap/02262021-downMast_re-analysis/motif_denovo/all_mast0035_interactions_10x_hocomoco_meme-chip/dreme_out/dreme.xml","/broad/sankaranlab/fyu/motif_data/HOCOMOCOv11_core_HUMAN_mono_meme_format.meme"],"options":{"seq_min_hit_score":7,"margin":150,"bin_size":1,"bin_pvalue_calc_range":150,"use_best_secondary":0,"seq_max_shared_fract":0.5,"seq_odds_ratio":20,"bin_pvalue_cutoff":0.05,"motif_evalue_cutoff":10,"redundant_overlap":2,"redundant_joint":0.5,"motif_pseudocount":0.1,"bgfile":"/broad/sankaranlab/fyu/HemeMap/02262021-downMast_re-analysis/motif_denovo/all_mast0035_interactions_10x_hocomoco_meme-chip/background","motif_trim":0.25,"xalph":0,"seed":1,"bin_max":37},"alphabet":{"name":"DNA","like":"dna","ncore":4,"symbols":[{"symbol":"A","name":"Adenine","colour":"CC0000","complement":"T"},{"symbol":"C","name":"Cytosine","colour":"0000CC","complement":"G"},{"symbol":"G","name":"Guanine","colour":"FFB300","complement":"C"},{"symbol":"T","aliases":"U","name":"Thymine","colour":"008000","complement":"A"},{"symbol":"N","aliases":"X.","name":"Any base","equals":"ACGT"},{"symbol":"V","name":"Not T","equals":"ACG"},{"symbol":"H","name":"Not G","equals":"ACT"},{"symbol":"D","name":"Not C","equals":"AGT"},{"symbol":"B","name":"Not A","equals":"CGT"},{"symbol":"M","name":"Amino","equals":"AC"},{"symbol":"R","name":"Purine","equals":"AG"},{"symbol":"W","name":"Weak","equals":"AT"},{"symbol":"S","name":"Strong","equals":"CG"},{"symbol":"Y","name":"Pyrimidine","equals":"CT"},{"symbol":"K","name":"Keto","equals":"GT"}]},"background":[0.2443,0.2557,0.2557,0.2443],"sequence_dbs":[{"source":"/broad/sankaranlab/fyu/HemeMap/02262021-downMast_re-analysis/motif_denovo/all_mast0035_interactions_10x_hocomoco_meme-chip/20210227-deg_interactions_peaks_all_mast0035_fa_1based.fa","name":"20210227-deg_interactions_peaks_all_mast0035_fa_1based","last_modified":"Sun Feb 28 14:32:25 2021","loaded":13184,"excluded_too_short":0,"excluded_no_match":9019,"excluded_ambigs":0,"excluded_similar":36,"erased_primary_matches":2006}],"primary_dbs":[{"source":"/broad/sankaranlab/fyu/motif_data/HOCOMOCOv11_core_HUMAN_mono_meme_format.meme","name":"HOCOMOCOv11_core_HUMAN_mono_meme_format","last_modified":"Sat Jun 23 07:43:00 2018","loaded":400,"excluded":399}],"secondary_dbs":[{"source":"/broad/sankaranlab/fyu/HemeMap/02262021-downMast_re-analysis/motif_denovo/all_mast0035_interactions_10x_hocomoco_meme-chip/meme_out/meme.xml","name":"meme.xml","last_modified":"Sun Feb 28 15:22:49 2021","loaded":10,"excluded":0},{"source":"/broad/sankaranlab/fyu/HemeMap/02262021-downMast_re-analysis/motif_denovo/all_mast0035_interactions_10x_hocomoco_meme-chip/dreme_out/dreme.xml","name":"dreme.xml","last_modified":"Sun Feb 28 15:41:49 2021","loaded":10,"excluded":0},{"source":"/broad/sankaranlab/fyu/motif_data/HOCOMOCOv11_core_HUMAN_mono_meme_format.meme","name":"HOCOMOCOv11_core_HUMAN_mono_meme_format","last_modified":"Sat Jun 23 07:43:00 2018","loaded":401,"excluded":1}],"secondary_motifs":[{"db":0,"id":"3","alt":"MEME","len":30,"ltrim":0,"rtrim":0,"nsites":12,"evalue":"3.9e-015","pwm":[[0.167309,0.663271,0.00211322,0.167309],[0.00201901,0.580625,0.250047,0.167309],[0.91111,0.00211322,0.0847575,0.00201901],[0.00201901,0.0847575,0.911204,0.00201901],[0.580531,0.00211322,0.415337,0.00201901],[0.00201901,0.911204,0.00211322,0.0846633],[0.00201901,0.00211322,0.00211322,0.993755],[0.249953,0.00211322,0.663271,0.0846633],[0.167309,0.0847575,0.663271,0.0846633],[0.91111,0.00211322,0.00211322,0.0846633],[0.0846633,0.00211322,0.911204,0.00201901],[0.249953,0.00211322,0.0847575,0.663176],[0.00201901,0.00211322,0.828559,0.167309],[0.167309,0.828559,0.00211322,0.00201901],[0.828465,0.00211322,0.00211322,0.167309],[0.0846633,0.0847575,0.828559,0.00201901],[0.167309,0.00211322,0.00211322,0.828465],[0.00201901,0.00211322,0.911204,0.0846633],[0.167309,0.00211322,0.828559,0.00201901],[0.00201901,0.663271,0.00211322,0.332597],[0.415242,0.00211322,0.332691,0.249953],[0.00201901,0.497981,0.332691,0.167309],[0.249953,0.00211322,0.415337,0.332597],[0.415242,0.0847575,0.415337,0.0846633],[0.0846633,0.00211322,0.167403,0.745821],[0.00201901,0.580625,0.00211322,0.415242],[0.332597,0.00211322,0.0847575,0.580531],[0.00201901,0.663271,0.00211322,0.332597],[0.91111,0.00211322,0.0847575,0.00201901],[0.167309,0.167403,0.663271,0.00201901]]},{"db":0,"id":"5","alt":"MEME","len":21,"ltrim":0,"rtrim":0,"nsites":55,"evalue":"4.2e-012","pwm":[[0.308973,0.290845,0.0367621,0.363419],[0.399717,0.000464065,0.000464065,0.599354],[0.381568,0.236399,0.381589,0.000443376],[0.254526,0.236399,0.0549101,0.454163],[0.0548894,0.0730591,0.163803,0.708247],[0.617503,0.000464065,0.21825,0.163782],[0.526759,0.0367621,0.0549101,0.381568],[0.871586,0.000464065,0.0367621,0.0911874],[0.835289,0.145655,0.0186131,0.000443376],[0.871586,0.000464065,0.0549101,0.0730384],[0.472312,0.0730591,0.0186131,0.436015],[0.490461,0.163803,0.21825,0.127485],[0.563056,0.181952,0.0730591,0.181931],[0.926033,0.000464065,0.000464065,0.0730384],[0.690098,0.163803,0.145655,0.000443376],[0.635652,0.000464065,0.0912081,0.272675],[0.436015,0.200101,0.127506,0.236378],[0.671949,0.0730591,0.127506,0.127485],[0.635652,0.0549101,0.000464065,0.308973],[0.581205,0.290845,0.000464065,0.127485],[0.744545,0.0186131,0.000464065,0.236378]]},{"db":0,"id":"9","alt":"MEME","len":29,"ltrim":0,"rtrim":0,"nsites":6,"evalue":"1.5e+002","pwm":[[0.987611,0.0041918,0.0041918,0.00400492],[0.495808,0.0041918,0.495995,0.00400492],[0.987611,0.0041918,0.0041918,0.00400492],[0.00400492,0.65993,0.0041918,0.331873],[0.331873,0.0041918,0.495995,0.16794],[0.00400492,0.0041918,0.987798,0.00400492],[0.331873,0.168127,0.495995,0.00400492],[0.00400492,0.0041918,0.65993,0.331873],[0.00400492,0.0041918,0.0041918,0.987611],[0.00400492,0.0041918,0.0041918,0.987611],[0.00400492,0.0041918,0.0041918,0.987611],[0.00400492,0.495995,0.0041918,0.495808],[0.659743,0.168127,0.168127,0.00400492],[0.00400492,0.823864,0.0041918,0.16794],[0.00400492,0.987798,0.0041918,0.00400492],[0.987611,0.0041918,0.0041918,0.00400492],[0.00400492,0.33206,0.0041918,0.659743],[0.00400492,0.168127,0.823864,0.00400492],[0.00400492,0.0041918,0.168127,0.823677],[0.00400492,0.33206,0.0041918,0.659743],[0.331873,0.168127,0.33206,0.16794],[0.16794,0.33206,0.495995,0.00400492],[0.00400492,0.823864,0.0041918,0.16794],[0.00400492,0.33206,0.0041918,0.659743],[0.987611,0.0041918,0.0041918,0.00400492],[0.331873,0.168127,0.33206,0.16794],[0.00400492,0.0041918,0.987798,0.00400492],[0.16794,0.65993,0.0041918,0.16794],[0.331873,0.0041918,0.0041918,0.659743]]},{"db":1,"id":"CHGCCTS","alt":"DREME","len":7,"ltrim":0,"rtrim":0,"nsites":3158,"evalue":"4.0e-030","pwm":[[7.73566e-06,0.999976,8.09664e-06,7.73566e-06],[0.396132,0.246992,8.09664e-06,0.356867],[7.73566e-06,8.09664e-06,0.999976,7.73566e-06],[7.73566e-06,0.999976,8.09664e-06,7.73566e-06],[7.73566e-06,0.999976,8.09664e-06,7.73566e-06],[7.73566e-06,8.09664e-06,8.09664e-06,0.999976],[7.73566e-06,0.509492,0.490493,7.73566e-06]]},{"db":2,"id":"ANDR_HUMAN.H11MO.0.A","len":18,"ltrim":0,"rtrim":0,"nsites":499,"evalue":"1.0e+000","url":"http://hocomoco.autosome.ru/motif/ANDR_HUMAN.H11MO.0.A","pwm":[[0.148316,0.0701775,0.0361161,0.745391],[0.0621607,0.0481378,0.777451,0.112251],[0.0681716,0.0661702,0.0140765,0.851582],[0.188388,0.172361,0.144311,0.49494],[0.0781896,0.733371,0.0361161,0.152323],[0.122269,0.278553,0.0321089,0.56707],[0.180374,0.134293,0.196405,0.488929],[0.198406,0.178372,0.216441,0.406781],[0.176366,0.192397,0.222452,0.408785],[0.20041,0.256513,0.120268,0.42281],[0.0721788,0.0140765,0.0140765,0.899668],[0.254507,0.0301053,0.691295,0.0240922],[0.0280994,0.0220909,0.0200873,0.929722],[0.0180814,0.00606205,0.098228,0.877629],[0.00806337,0.00806566,0.0641666,0.919704],[0.420806,0.0281017,0.494942,0.0561499],[0.086204,0.524996,0.0481378,0.340662],[0.290572,0.158336,0.0541486,0.496943]]},{"db":2,"id":"ATF3_HUMAN.H11MO.0.A","len":11,"ltrim":0,"rtrim":1,"nsites":500,"evalue":"1.0e+000","url":"http://hocomoco.autosome.ru/motif/ATF3_HUMAN.H11MO.0.A","pwm":[[0.222004,0.0900331,0.579935,0.108027],[0.255998,0.0280455,0.709909,0.00604765],[0.0180453,0.0420427,0.00804953,0.931862],[0.0100469,0.477956,0.50795,0.00404805],[0.939861,0.0240463,0.00405033,0.0320425],[0.00204845,0.813888,0.0420427,0.14202],[0.0380413,0.0180475,0.925866,0.0180453],[0.0280433,0.224006,0.00804953,0.739901],[0.265996,0.164018,0.535944,0.0340421],[0.575934,0.10403,0.252001,0.0680353],[0.0940301,0.295992,0.275996,0.333982]]},{"db":2,"id":"ATF6A_HUMAN.H11MO.0.B","len":12,"ltrim":0,"rtrim":0,"nsites":20,"evalue":"1.0e+000","url":"http://hocomoco.autosome.ru/motif/ATF6A_HUMAN.H11MO.0.B","pwm":[[0.184912,0.184969,0.582979,0.0471396],[0.00121542,0.215585,0.322742,0.460458],[0.00121542,0.261509,0.598287,0.138988],[0.0930639,0.399282,0.460514,0.0471396],[0.00121542,0.0318883,0.00127214,0.965624],[0.00121542,0.0471964,0.950373,0.00121542],[0.9197,0.0471964,0.00127214,0.0318316],[0.00121542,0.996297,0.00127214,0.00121542],[0.00121542,0.00127214,0.996297,0.00121542],[0.00121542,0.00127214,0.00127214,0.99624],[0.00121542,0.0931206,0.904449,0.00121542],[0.0930639,0.00127214,0.904449,0.00121542]]},{"db":2,"id":"BACH1_HUMAN.H11MO.0.A","len":13,"ltrim":0,"rtrim":2,"nsites":500,"evalue":"1.0e+000","url":"http://hocomoco.autosome.ru/motif/BACH1_HUMAN.H11MO.0.A","pwm":[[0.0628503,0.168183,0.0975458,0.671421],[0.00920552,0.0664261,0.922337,0.00203091],[0.0209133,0.967527,0.00397558,0.00758441],[0.0362171,0.0795843,0.0801402,0.804058],[0.0038971,0.0613576,0.890889,0.0438567],[0.802819,0.0206201,0.124524,0.0520367],[0.0133104,0.214867,0.763224,0.00859922],[0.00624843,0.0361805,0.145879,0.811692],[0.01624,0.943693,0.0343178,0.00574879],[0.78628,0.0958387,0.0824544,0.0354265],[0.00982617,0.334263,0.256607,0.399304],[0.151627,0.265557,0.394693,0.188123],[0.105264,0.378565,0.372602,0.143569]]},{"db":2,"id":"BACH2_HUMAN.H11MO.0.A","len":11,"ltrim":0,"rtrim":1,"nsites":500,"evalue":"1.0e+000","url":"http://hocomoco.autosome.ru/motif/BACH2_HUMAN.H11MO.0.A","pwm":[[0.122024,0.0960319,0.0680375,0.713906],[0.0140461,0.0780355,0.893872,0.0140461],[0.0440401,0.923866,0.0120487,0.0200449],[0.0780333,0.0380435,0.00804953,0.875874],[0.0580373,0.0600391,0.793892,0.0880313],[0.757897,0.0380435,0.0560399,0.148019],[0.0440401,0.224006,0.669917,0.0620365],[0.0100469,0.0160479,0.00804953,0.965856],[0.0600369,0.919867,0.0160479,0.00404805],[0.963856,0.0120487,0.00804953,0.0160457],[0.0560377,0.319987,0.212009,0.411966]]},{"db":2,"id":"BHA15_HUMAN.H11MO.0.B","len":11,"ltrim":0,"rtrim":0,"nsites":500,"evalue":"1.0e+000","url":"http://hocomoco.autosome.ru/motif/BHA15_HUMAN.H11MO.0.B","pwm":[[0.172014,0.285994,0.471957,0.0700349],[0.152018,0.449961,0.295992,0.102028],[0.687911,0.0680375,0.200011,0.0440401],[0.279993,0.10803,0.609929,0.00204845],[0.0560377,0.921867,0.0160479,0.00604765],[0.983852,0.00405033,0.0100491,0.00204845],[0.00604765,0.00405033,0.963858,0.0260437],[0.0540381,0.877876,0.0640383,0.00404805],[0.0260437,0.0120487,0.00405033,0.957857],[0.00404805,0.00405033,0.981855,0.0100469],[0.00204845,0.148022,0.633924,0.216006]]},{"db":2,"id":"CEBPE_HUMAN.H11MO.0.A","len":12,"ltrim":0,"rtrim":1,"nsites":812,"evalue":"1.0e+000","url":"http://hocomoco.autosome.ru/motif/CEBPE_HUMAN.H11MO.0.A","pwm":[[0.112284,0.107037,0.201592,0.579087],[3.00825e-05,3.14863e-05,0.0992395,0.900699],[0.227293,3.14863e-05,0.465496,0.30718],[0.0474271,0.57054,0.218072,0.163961],[0.085951,3.14863e-05,0.913987,3.00825e-05],[0.320877,0.445738,0.000711295,0.232673],[0.846991,0.15141,0.00156912,3.00825e-05],[0.999907,3.14863e-05,3.14863e-05,3.00825e-05],[3.00825e-05,0.149706,0.0107627,0.839501],[0.264574,0.485652,0.0407472,0.209027],[0.212988,0.0703453,0.180696,0.535971],[0.112935,0.311443,0.205299,0.370323]]},{"db":2,"id":"CRX_HUMAN.H11MO.0.B","len":13,"ltrim":1,"rtrim":1,"nsites":500,"evalue":"1.0e+000","url":"http://hocomoco.autosome.ru/motif/CRX_HUMAN.H11MO.0.B","pwm":[[0.247999,0.164018,0.152021,0.435962],[0.533942,0.10403,0.261999,0.100029],[0.573934,0.0460419,0.275996,0.104028],[0.172014,0.0920327,0.565938,0.170015],[0.497949,0.164018,0.261999,0.0760337],[0.19201,0.00604993,0.775896,0.0260437],[0.0320425,0.0100491,0.935864,0.0220445],[0.763896,0.218008,0.0160479,0.00204845],[4.88502e-05,5.11298e-05,5.11298e-05,0.999849],[0.0220445,0.0580395,0.0240463,0.89587],[0.879873,0.00405033,0.0340443,0.0820325],[0.269995,0.0660379,0.525946,0.138021],[0.234002,0.323986,0.343982,0.0980293]]},{"db":2,"id":"DLX3_HUMAN.H11MO.0.C","len":10,"ltrim":0,"rtrim":1,"nsites":34,"evalue":"1.0e+000","url":"http://hocomoco.autosome.ru/motif/DLX3_HUMAN.H11MO.0.C","pwm":[[0.17329,0.128569,0.659114,0.0390271],[0.412006,0.403826,0.183451,0.000716422],[0.000716422,0.023127,0.000749853,0.975407],[0.975407,0.000749853,0.023127,0.000716422],[0.997784,0.000749853,0.000749853,0.000716422],[0.000716422,0.000749853,0.000749853,0.997784],[0.000716422,0.000749853,0.0455041,0.95303],[0.541452,0.000749853,0.363888,0.0939095],[0.161041,0.515711,0.277777,0.0454707],[0.4455,0.154631,0.102795,0.297074]]},{"db":2,"id":"E2F3_HUMAN.H11MO.0.A","len":11,"ltrim":2,"rtrim":0,"nsites":500,"evalue":"1.0e+000","url":"http://hocomoco.autosome.ru/motif/E2F3_HUMAN.H11MO.0.A","pwm":[[0.375974,0.140023,0.20801,0.275994],[0.261996,0.0460419,0.409969,0.281992],[0.126024,0.124026,0.675916,0.0740341],[0.0340421,0.00604993,0.95586,0.00404805],[0.124024,0.769897,0.0200471,0.0860317],[0.152018,0.00405033,0.683914,0.160017],[0.0960297,0.0200471,0.867878,0.0160457],[0.0180453,0.0100491,0.95786,0.0140461],[0.833882,0.0380435,0.118028,0.0100469],[0.711906,0.0620387,0.200011,0.0260437],[0.533942,0.110029,0.250001,0.106028]]},{"db":2,"id":"FOSB_HUMAN.H11MO.0.A","len":9,"ltrim":1,"rtrim":1,"nsites":500,"evalue":"1.0e+000","url":"http://hocomoco.autosome.ru/motif/FOSB_HUMAN.H11MO.0.A","pwm":[[0.413966,0.20601,0.291993,0.0880313],[0.0100469,0.0120487,0.00205073,0.975854],[0.0120465,0.0140483,0.917868,0.0560377],[0.89587,0.0120487,0.0180475,0.0740341],[0.204008,5.11298e-05,0.795892,4.88502e-05],[0.0180453,0.0300451,0.10603,0.84588],[0.0540381,0.90387,0.0280455,0.0140461],[0.965856,0.0100491,0.00604993,0.0180453],[0.0720345,0.329985,0.230005,0.367975]]},{"db":2,"id":"FOXP1_HUMAN.H11MO.0.A","len":9,"ltrim":0,"rtrim":0,"nsites":295,"evalue":"1.0e+000","url":"http://hocomoco.autosome.ru/motif/FOXP1_HUMAN.H11MO.0.A","pwm":[[0.0576904,0.139023,0.176298,0.626989],[0.0136375,0.281347,0.311845,0.39317],[0.00686015,0.0204187,0.0305848,0.942136],[0.0204149,0.0407508,0.84048,0.0983546],[8.27855e-05,0.0170301,0.0576942,0.925193],[0.00686015,0.0949697,0.0407508,0.857419],[0.0102488,0.0136414,0.081415,0.894695],[0.525328,0.345732,0.0373621,0.0915772],[0.0170262,0.484668,0.0102527,0.488053]]},{"db":2,"id":"ITF2_HUMAN.H11MO.0.C","len":10,"ltrim":1,"rtrim":0,"nsites":497,"evalue":"1.0e+000","url":"http://hocomoco.autosome.ru/motif/ITF2_HUMAN.H11MO.0.C","pwm":[[0.307834,0.0422965,0.382268,0.267601],[0.126784,0.146903,0.684018,0.0422942],[0.0282125,0.895244,0.0523548,0.0241892],[0.937486,0.00809811,0.0262031,0.0282125],[0.0302242,0.104658,0.824835,0.0402825],[0.0945975,0.58947,0.29979,0.0161425],[0.0905742,0.00608644,0.00809811,0.895241],[0.00407248,0.0141331,0.95157,0.0302242],[0.0845392,0.10667,0.460723,0.348068],[0.0925859,0.273638,0.52912,0.104656]]},{"db":2,"id":"KLF8_HUMAN.H11MO.0.C","len":9,"ltrim":0,"rtrim":0,"nsites":5,"evalue":"1.0e+000","url":"http://hocomoco.autosome.ru/motif/KLF8_HUMAN.H11MO.0.C","pwm":[[0.0047902,0.775322,0.00501373,0.214874],[0.670056,0.32014,0.00501373,0.0047902],[0.0047902,0.00501373,0.880364,0.109832],[0.0047902,0.00501373,0.67028,0.319916],[0.0047902,0.00501373,0.985406,0.0047902],[0.0047902,0.00501373,0.635266,0.35493],[0.0047902,0.00501373,0.985406,0.0047902],[0.0047902,0.110056,0.00501373,0.88014],[0.0047902,0.110056,0.880364,0.0047902]]},{"db":2,"id":"LHX2_HUMAN.H11MO.0.A","len":12,"ltrim":2,"rtrim":3,"nsites":430,"evalue":"1.0e+000","url":"http://hocomoco.autosome.ru/motif/LHX2_HUMAN.H11MO.0.A","pwm":[[0.132584,0.176763,0.237214,0.45344],[0.0930584,0.262789,0.31859,0.325562],[0.111659,0.432517,0.0163347,0.439489],[0.0279573,0.0116847,5.94513e-05,0.960299],[0.774295,0.176763,0.0395851,0.00935696],[0.957974,0.0279599,0.00238449,0.011682],[5.68007e-05,0.0209848,0.0209848,0.957974],[0.00935696,0.0140097,0.237214,0.73942],[0.578992,0.00703457,0.353466,0.0605079],[0.17211,0.225588,0.492968,0.109334],[0.17676,0.241864,0.125612,0.455765],[0.0884083,0.213963,0.241864,0.455765]]},{"db":2,"id":"MAFF_HUMAN.H11MO.0.B","len":18,"ltrim":0,"rtrim":0,"nsites":473,"evalue":"1.0e+000","url":"http://hocomoco.autosome.ru/motif/MAFF_HUMAN.H11MO.0.B","pwm":[[0.057122,0.0698067,0.0824891,0.790582],[0.0211888,0.0951714,0.76522,0.11842],[0.0550083,0.883588,0.0296461,0.0317574],[0.0846004,0.0613519,0.0063952,0.847653],[0.02753,0.112081,0.744083,0.116306],[0.771559,0.0507833,0.0444421,0.133216],[0.0592357,0.410115,0.433366,0.0972827],[0.0846004,0.0888302,0.0592382,0.767331],[0.0909415,0.661648,0.0423284,0.205082],[0.672214,0.0571244,0.12265,0.148012],[0.0655769,0.0930576,0.625715,0.215651],[0.0402123,0.780016,0.112081,0.0676906],[0.589779,0.109967,0.120536,0.179718],[0.177604,0.234677,0.224108,0.363611],[0.234674,0.137446,0.12265,0.50523],[0.164922,0.177606,0.0465558,0.610916],[0.0993964,0.2537,0.0782616,0.568642],[0.131102,0.205085,0.133218,0.530595]]},{"db":2,"id":"MEF2B_HUMAN.H11MO.0.A","len":14,"ltrim":2,"rtrim":0,"nsites":500,"evalue":"1.0e+000","url":"http://hocomoco.autosome.ru/motif/MEF2B_HUMAN.H11MO.0.A","pwm":[[0.253998,0.118028,0.413968,0.214006],[0.19401,0.110029,0.252001,0.44396],[0.204008,0.0360439,0.271997,0.487951],[0.168015,0.10403,0.373976,0.353978],[0.0480393,0.771897,0.0400431,0.140021],[0.00204845,0.0880335,0.00205073,0.907867],[0.861876,0.0260459,0.0320447,0.0800329],[0.106028,0.0200471,0.00604993,0.867875],[0.0760337,0.00604993,0.00405033,0.913866],[0.0360417,0.0480415,0.0140483,0.901868],[0.134022,0.118028,0.0480415,0.699909],[0.170015,0.0560399,0.140023,0.633922],[0.471954,5.11298e-05,0.487954,0.0400409],[0.122024,0.0520407,0.695912,0.130023]]},{"db":2,"id":"NDF2_HUMAN.H11MO.0.B","len":9,"ltrim":0,"rtrim":0,"nsites":500,"evalue":"1.0e+000","url":"http://hocomoco.autosome.ru/motif/NDF2_HUMAN.H11MO.0.B","pwm":[[0.463956,0.100031,0.40597,0.0300429],[0.471954,0.0980315,0.425966,0.00404805],[0.00804725,0.989853,0.00205073,4.88502e-05],[0.999849,5.11298e-05,5.11298e-05,4.88502e-05],[4.88502e-05,0.0220467,0.95386,0.0240441],[0.677913,0.279995,0.0320447,0.0100469],[0.112026,0.00604993,0.00604993,0.875874],[4.88502e-05,5.11298e-05,0.951861,0.0480393],[0.00604765,0.134024,0.833884,0.0260437]]},{"db":2,"id":"NKX21_HUMAN.H11MO.0.A","len":10,"ltrim":1,"rtrim":1,"nsites":500,"evalue":"1.0e+000","url":"http://hocomoco.autosome.ru/motif/NKX21_HUMAN.H11MO.0.A","pwm":[[0.0660357,0.421967,0.226006,0.285992],[0.132022,0.0920327,0.0240463,0.751898],[0.0760337,0.0220467,0.333984,0.567935],[0.0340421,0.00604993,0.95786,0.00204845],[0.99585,0.00205073,5.11298e-05,0.00204845],[0.0100469,0.00804953,0.981855,4.88502e-05],[0.281992,0.00205073,0.10403,0.611926],[0.108027,0.00205073,0.877876,0.0120465],[0.0320425,0.325986,0.443962,0.198009],[0.158017,0.347982,0.15602,0.337981]]},{"db":2,"id":"NKX31_HUMAN.H11MO.0.C","len":12,"ltrim":1,"rtrim":1,"nsites":500,"evalue":"1.0e+000","url":"http://hocomoco.autosome.ru/motif/NKX31_HUMAN.H11MO.0.C","pwm":[[0.190011,0.196012,0.321987,0.29199],[0.0860317,0.252001,0.0980315,0.563936],[0.251998,0.10803,0.152021,0.487951],[0.759897,0.0540403,0.172017,0.0140461],[0.959857,0.00205073,0.0200471,0.0180453],[0.00404805,0.00405033,0.985854,0.00604765],[0.0880313,0.00205073,0.0180475,0.89187],[0.170015,0.0140483,0.80389,0.0120465],[0.0180453,0.451961,0.265998,0.263996],[0.14202,0.256,0.0380435,0.563936],[0.156018,0.0860339,0.10603,0.651918],[0.279993,0.0840343,0.295992,0.339981]]},{"db":2,"id":"OSR2_HUMAN.H11MO.0.C","len":16,"ltrim":4,"rtrim":0,"nsites":473,"evalue":"1.0e+000","url":"http://hocomoco.autosome.ru/motif/OSR2_HUMAN.H11MO.0.C","pwm":[[0.173377,0.164924,0.488323,0.173377],[0.0719181,0.403774,0.211426,0.312882],[0.167035,0.28752,0.12265,0.422795],[0.131102,0.346704,0.37841,0.143784],[0.0550083,0.670103,0.0592382,0.215651],[0.344588,0.0211912,0.145901,0.488321],[0.0338711,0.0169638,0.944886,0.00427907],[0.0148477,0.972364,0.00850892,0.00427907],[0.00216536,0.0486696,0.00216777,0.946997],[0.243129,0.215653,0.205085,0.336133],[0.00216536,0.991388,0.00216777,0.00427907],[0.00850651,0.173379,0.00216777,0.815947],[0.0951689,0.167038,0.61726,0.120534],[0.181831,0.446049,0.12265,0.24947],[0.302313,0.109967,0.232563,0.355156],[0.0803729,0.169151,0.587668,0.162808]]},{"db":2,"id":"OVOL1_HUMAN.H11MO.0.C","len":9,"ltrim":0,"rtrim":0,"nsites":7,"evalue":"1.0e+000","url":"http://hocomoco.autosome.ru/motif/OVOL1_HUMAN.H11MO.0.C","pwm":[[0.00344085,0.144446,0.285292,0.566821],[0.144286,0.00360141,0.848672,0.00344085],[0.00344085,0.00360141,0.144446,0.848511],[0.989356,0.00360141,0.00360141,0.00344085],[0.848511,0.144446,0.00360141,0.00344085],[0.144286,0.848672,0.00360141,0.00344085],[0.144286,0.00360141,0.285292,0.566821],[0.144286,0.00360141,0.848672,0.00344085],[0.285131,0.00360141,0.00360141,0.707666]]},{"db":2,"id":"PAX5_HUMAN.H11MO.0.A","len":21,"ltrim":0,"rtrim":0,"nsites":202,"evalue":"1.0e+000","url":"http://hocomoco.autosome.ru/motif/PAX5_HUMAN.H11MO.0.A","pwm":[[0.133718,0.282165,0.504827,0.0792896],[0.12877,0.499879,0.188152,0.183199],[0.148562,0.415762,0.331646,0.10403],[0.202991,0.054555,0.257425,0.485029],[0.198043,0.0446589,0.752229,0.00506893],[0.158458,0.138672,0.539463,0.163406],[0.0248611,0.11888,0.62358,0.232679],[0.0347572,0.875931,0.0595031,0.0298092],[0.781912,0.0347628,0.163412,0.0199131],[0.386068,0.113932,0.465243,0.0347572],[0.0347572,0.732437,0.128776,0.10403],[0.410809,0.267321,0.277217,0.0446533],[0.311848,0.0199187,0.618632,0.0496013],[0.682951,0.0397109,0.163412,0.113926],[0.0347572,0.163412,0.772022,0.0298092],[0.010017,0.781918,0.0446589,0.163406],[0.217835,0.0347628,0.717593,0.0298092],[0.321744,0.0298148,0.158464,0.489977],[0.173302,0.0298148,0.791814,0.00506893],[0.8116,0.0347628,0.104035,0.0496013],[0.118874,0.80171,0.0298148,0.0496013]]},{"db":2,"id":"PAX6_HUMAN.H11MO.0.C","len":12,"ltrim":0,"rtrim":0,"nsites":500,"evalue":"1.0e+000","url":"http://hocomoco.autosome.ru/motif/PAX6_HUMAN.H11MO.0.C","pwm":[[0.124024,0.0320447,0.0740363,0.769895],[0.0220445,0.341983,0.0380435,0.597929],[0.415966,0.467958,0.0500411,0.0660357],[0.0440401,0.565938,0.0400431,0.349979],[0.285992,0.0700371,0.60593,0.0380413],[0.0100469,0.80389,0.166018,0.0200449],[0.257997,0.136024,0.0180475,0.587931],[0.0280433,0.0760359,0.0180475,0.877873],[0.0140461,0.40797,0.567938,0.0100469],[0.709907,0.0160479,0.236004,0.0380413],[0.14602,0.35798,0.287994,0.208007],[0.0660357,0.0940323,0.0320447,0.807887]]},{"db":2,"id":"PRRX2_HUMAN.H11MO.0.C","len":7,"ltrim":1,"rtrim":0,"nsites":59,"evalue":"1.0e+000","url":"http://hocomoco.autosome.ru/motif/PRRX2_HUMAN.H11MO.0.C","pwm":[[0.173848,0.309231,0.0723447,0.444576],[0.000413367,0.000432656,0.000432656,0.998721],[0.998721,0.000432656,0.000432656,0.000413367],[0.981801,0.000432656,0.0173531,0.000413367],[0.0173338,0.0173531,0.000432656,0.96488],[0.000413367,0.0511941,0.0511941,0.897198],[0.457266,0.0173531,0.491126,0.0342543]]},{"db":2,"id":"RORA_HUMAN.H11MO.0.C","len":13,"ltrim":0,"rtrim":0,"nsites":500,"evalue":"1.0e+000","url":"http://hocomoco.autosome.ru/motif/RORA_HUMAN.H11MO.0.C","pwm":[[0.533942,0.228006,0.146022,0.0920305],[0.447959,0.130025,0.0980315,0.323984],[0.160017,0.393972,0.273996,0.172014],[0.251998,0.0700371,0.164018,0.513946],[0.549939,0.0160479,0.423966,0.0100469],[0.0720345,0.00405033,0.881875,0.0420405],[0.0200449,0.00604993,0.947862,0.0260437],[0.0740341,0.172017,0.242003,0.511946],[0.00204845,0.949861,0.0440423,0.00404805],[0.961856,0.00804953,0.0100491,0.0200449],[0.34398,0.122027,0.45596,0.0780333],[0.297989,0.0780355,0.425966,0.198009],[0.204008,0.100031,0.609929,0.0860317]]},{"db":2,"id":"SMCA5_HUMAN.H11MO.0.C","len":15,"ltrim":0,"rtrim":0,"nsites":404,"evalue":"1.0e+000","url":"http://hocomoco.autosome.ru/motif/SMCA5_HUMAN.H11MO.0.C","pwm":[[0.03718,0.0297589,0.90578,0.0272814],[0.735027,0.123795,0.106473,0.0347053],[0.509835,0.245052,0.205458,0.0396546],[0.108944,0.0569799,0.136168,0.697908],[0.133691,0.297019,0.334139,0.235151],[0.0866727,0.116371,0.786997,0.009959],[0.836487,0.0322335,0.0743023,0.0569771],[0.868657,0.0347082,0.0842009,0.0124336],[0.123792,0.049556,0.111422,0.71523],[0.116368,0.00996182,0.861236,0.0124336],[0.0248068,0.309393,0.650892,0.0149083],[0.893404,0.0124365,0.0396574,0.0545024],[0.593973,0.173288,0.215357,0.0173829],[0.351459,0.0693531,0.0668784,0.51231],[0.0520278,0.678113,0.183186,0.0866727]]},{"db":2,"id":"SP4_HUMAN.H11MO.0.A","len":20,"ltrim":2,"rtrim":1,"nsites":499,"evalue":"1.0e+000","url":"http://hocomoco.autosome.ru/motif/SP4_HUMAN.H11MO.0.A","pwm":[[0.222449,0.248498,0.45487,0.0741824],[0.266529,0.148318,0.462884,0.122269],[0.140301,0.180376,0.60514,0.0741824],[0.404777,0.250502,0.248498,0.0962221],[0.526997,0.112253,0.224455,0.136294],[0.346673,0.0260981,0.549039,0.0781896],[0.230464,0.0180837,0.637198,0.114255],[0.342666,0.0200873,0.615158,0.0220886],[0.0681716,0.0120729,0.901674,0.0180814],[0.0361139,0.00405845,0.935735,0.0240922],[0.124273,0.769436,0.0100693,0.0962221],[0.0561499,0.0160801,0.855591,0.0721788],[0.0541463,0.0180837,0.861602,0.066168],[0.352684,0.0301053,0.567072,0.0501391],[0.214435,0.0100693,0.747396,0.0280994],[0.198406,0.597126,0.142307,0.0621607],[0.248496,0.414798,0.124275,0.212431],[0.326637,0.0781919,0.364708,0.230464],[0.302594,0.112253,0.498949,0.086204],[0.332648,0.142307,0.430827,0.0942185]]},{"db":2,"id":"SPI1_HUMAN.H11MO.0.A","len":17,"ltrim":1,"rtrim":2,"nsites":500,"evalue":"1.0e+000","url":"http://hocomoco.autosome.ru/motif/SPI1_HUMAN.H11MO.0.A","pwm":[[0.423964,0.20401,0.254,0.118025],[0.49195,0.100031,0.329985,0.0780333],[0.685912,0.0440423,0.168018,0.102028],[0.771894,0.0280455,0.126026,0.0740341],[0.651918,0.0140483,0.118028,0.216006],[0.148019,0.0680375,0.7539,0.0300429],[0.721904,0.0480415,0.224006,0.00604765],[0.0580373,5.11298e-05,0.941863,4.88502e-05],[0.00204845,5.11298e-05,0.997852,4.88502e-05],[0.999849,5.11298e-05,5.11298e-05,4.88502e-05],[0.997849,5.11298e-05,5.11298e-05,0.00204845],[0.0360417,0.170017,0.793892,4.88502e-05],[0.0680353,0.0520407,0.0400431,0.839881],[0.0420405,0.122027,0.815888,0.0200449],[0.453958,0.122027,0.331985,0.0920305],[0.359977,0.182015,0.317988,0.140021],[0.397969,0.130025,0.258,0.214006]]},{"db":2,"id":"STAT2_HUMAN.H11MO.0.A","len":19,"ltrim":1,"rtrim":1,"nsites":500,"evalue":"1.0e+000","url":"http://hocomoco.autosome.ru/motif/STAT2_HUMAN.H11MO.0.A","pwm":[[0.419965,0.110029,0.341983,0.128023],[0.349979,0.134024,0.449961,0.0660357],[0.297989,0.0100491,0.635924,0.0560377],[0.603928,0.00405033,0.369977,0.0220445],[0.987851,0.00405033,0.00405033,0.00404805],[0.94386,0.0160479,0.0180475,0.0220445],[0.479953,0.168018,0.130025,0.222004],[0.238001,0.228006,0.140023,0.39397],[0.0780333,0.00205073,0.915868,0.00404805],[0.971854,0.00604993,0.0200471,0.00204845],[0.985852,5.11298e-05,0.0140483,4.88502e-05],[0.99385,5.11298e-05,0.00405033,0.00204845],[0.0880313,0.685914,0.214008,0.0120465],[0.104028,0.176016,0.0160479,0.703908],[0.182012,0.114028,0.543942,0.160017],[0.767895,0.0540403,0.112029,0.0660357],[0.64192,0.100031,0.148022,0.110027],[0.601928,0.10603,0.188014,0.104028],[0.204008,0.291993,0.371977,0.132022]]},{"db":2,"id":"TFE3_HUMAN.H11MO.0.B","len":10,"ltrim":0,"rtrim":0,"nsites":467,"evalue":"1.0e+000","url":"http://hocomoco.autosome.ru/motif/TFE3_HUMAN.H11MO.0.B","pwm":[[0.319042,0.0428721,0.483891,0.154195],[0.132786,0.0107591,0.847839,0.00861578],[0.021461,0.027886,0.0428721,0.907781],[0.0171793,0.94846,0.027886,0.00647491],[0.961303,0.0107591,0.0193226,0.00861578],[0.0150384,0.933474,0.0150408,0.0364471],[0.152054,0.0193226,0.813585,0.0150384],[0.0171793,0.0300269,0.0364495,0.916344],[0.0128975,0.00219561,0.972009,0.0128975],[0.802878,0.045013,0.122084,0.0300245]]},{"db":2,"id":"Z354A_HUMAN.H11MO.0.C","len":24,"ltrim":1,"rtrim":0,"nsites":496,"evalue":"1.0e+000","url":"http://hocomoco.autosome.ru/motif/Z354A_HUMAN.H11MO.0.C","pwm":[[0.471728,0.0746333,0.262095,0.191543],[0.0766467,0.114948,0.0585075,0.749898],[0.0323008,0.120995,0.0585075,0.788197],[0.0403637,0.233875,0.0645547,0.661206],[0.508011,0.199608,0.108901,0.18348],[0.256046,0.0907591,0.479794,0.173401],[0.249999,0.141152,0.169372,0.439477],[0.0685838,0.538249,0.0645547,0.328612],[0.0585052,0.792231,0.0262559,0.123008],[0.572514,0.151231,0.076649,0.199606],[0.0726153,0.114948,0.0363345,0.776102],[0.0141593,0.0202088,0.0302874,0.935345],[0.0202065,0.120995,0.0484289,0.81037],[0.582593,0.252017,0.0927748,0.0726153],[0.0423794,0.628957,0.0262559,0.302408],[0.628955,0.100838,0.125026,0.145181],[0.038348,0.098822,0.0806804,0.78215],[0.0645524,0.0887433,0.0544761,0.792228],[0.0363323,0.195577,0.0524603,0.715631],[0.677332,0.0806804,0.135105,0.106883],[0.485838,0.100838,0.185498,0.227826],[0.0625366,0.0323031,0.076649,0.828511],[0.118977,0.102853,0.681366,0.0968039],[0.153244,0.118979,0.0826962,0.64508]]},{"db":2,"id":"ZBTB6_HUMAN.H11MO.0.C","len":13,"ltrim":0,"rtrim":1,"nsites":456,"evalue":"1.0e+000","url":"http://hocomoco.autosome.ru/motif/ZBTB6_HUMAN.H11MO.0.C","pwm":[[0.0899461,0.0395211,0.749892,0.120641],[0.230266,0.0636386,0.686309,0.0197861],[0.324544,0.206151,0.0526761,0.416629],[0.0373261,0.142569,0.692887,0.127219],[0.392511,0.559144,0.0439061,0.00443857],[0.0241711,0.0899486,0.0154036,0.870477],[0.214919,0.0132111,0.723582,0.0482886],[5.35628e-05,5.60623e-05,0.997644,0.00224606],[0.988872,0.00663357,0.00224856,0.00224606],[0.00663107,0.00444107,0.986682,0.00224606],[0.122834,0.727967,0.100911,0.0482886],[0.100909,0.642459,0.0460986,0.210534],[0.296041,0.149146,0.368396,0.186416]]},{"db":2,"id":"ZN121_HUMAN.H11MO.0.C","len":20,"ltrim":0,"rtrim":0,"nsites":486,"evalue":"1.0e+000","url":"http://hocomoco.autosome.ru/motif/ZN121_HUMAN.H11MO.0.C","pwm":[[0.0267937,0.917559,0.0288533,0.0267937],[0.0823379,0.0350248,0.0843974,0.79824],[0.0123934,0.0123957,0.958703,0.0165078],[0.0370797,0.0247389,0.934017,0.00416464],[0.0926238,0.0679399,0.833215,0.00622183],[0.0350225,0.921674,0.0350248,0.00827902],[0.827041,0.0926261,0.0617683,0.018565],[0.81264,0.0617683,0.0987977,0.0267937],[0.0432512,0.750927,0.090569,0.115253],[0.841441,0.037082,0.0926261,0.0288509],[0.0391369,0.220172,0.300402,0.440289],[0.824983,0.0288533,0.0453108,0.100853],[0.0226793,0.0350248,0.917559,0.0247365],[0.0329653,0.571951,0.037082,0.358001],[0.448518,0.080283,0.438234,0.0329653],[0.872299,0.0247389,0.0699971,0.0329653],[0.0226793,0.0206245,0.942246,0.0144506],[0.86407,0.0453108,0.0699971,0.0206222],[0.0288509,0.804414,0.0391392,0.127596],[0.0329653,0.773556,0.0453108,0.148168]]},{"db":2,"id":"ZN350_HUMAN.H11MO.0.C","len":18,"ltrim":1,"rtrim":2,"nsites":500,"evalue":"1.0e+000","url":"http://hocomoco.autosome.ru/motif/ZN350_HUMAN.H11MO.0.C","pwm":[[0.210007,0.479955,0.192013,0.118025],[0.499949,0.0440423,0.230005,0.226004],[0.0620365,0.15602,0.565938,0.216006],[0.0860317,0.35598,0.15802,0.399969],[0.0660357,0.573936,0.0560399,0.303988],[0.0480393,0.533944,0.0540403,0.363976],[0.0760337,0.140023,0.0180475,0.765896],[0.00204845,0.0180475,0.0160479,0.963856],[0.00604765,0.0280455,0.0180475,0.947859],[0.0500389,0.112029,0.0620387,0.775894],[0.519945,0.190013,0.118028,0.172014],[0.232002,0.0360439,0.0760359,0.655918],[0.244,0.0640383,0.433964,0.257997],[0.477953,0.182015,0.0860339,0.253998],[0.0480393,0.681915,0.10603,0.164016],[0.0400409,0.669917,0.0560399,0.234002],[0.321984,0.196012,0.110029,0.371974],[0.427963,0.132025,0.242003,0.198009]]},{"db":2,"id":"ZN394_HUMAN.H11MO.0.C","len":20,"ltrim":1,"rtrim":1,"nsites":363,"evalue":"1.0e+000","url":"http://hocomoco.autosome.ru/motif/ZN394_HUMAN.H11MO.0.C","pwm":[[0.297506,0.253444,0.283739,0.165311],[0.37462,0.146036,0.454491,0.0248538],[0.84281,0.0110867,0.024857,0.121246],[0.567404,0.0358732,0.314034,0.0826891],[0.291998,0.0634139,0.157052,0.487536],[0.316784,7.04214e-05,0.537113,0.146033],[0.154295,0.201117,0.600456,0.0441323],[0.694091,0.209379,0.0193489,0.077181],[0.630748,0.168068,0.0799382,0.121246],[0.291998,0.0468895,0.212133,0.448979],[0.31403,0.231412,0.278231,0.176327],[0.170819,0.192855,0.493048,0.143279],[0.630748,0.110233,0.0441354,0.214884],[0.504061,0.275477,0.0606598,0.159803],[0.399406,0.0138407,0.0744301,0.512323],[0.181835,0.027611,0.641767,0.148787],[0.256195,0.068922,0.490294,0.184589],[0.771205,0.0606598,0.126757,0.0413782],[0.757434,0.024857,0.140528,0.077181],[0.126754,0.104725,0.330558,0.437963]]},{"db":2,"id":"ZN554_HUMAN.H11MO.0.C","len":20,"ltrim":0,"rtrim":1,"nsites":500,"evalue":"1.0e+000","url":"http://hocomoco.autosome.ru/motif/ZN554_HUMAN.H11MO.0.C","pwm":[[0.240001,0.0940323,0.599931,0.0660357],[0.0600369,0.823886,0.00604993,0.110027],[0.34398,0.114028,0.15402,0.387971],[0.0440401,0.0640383,0.845882,0.0460397],[0.685912,0.0100491,0.283994,0.0200449],[0.14202,0.0380435,0.815888,0.00404805],[0.0160457,0.569937,0.0460419,0.367975],[4.88502e-05,0.985854,5.11298e-05,0.0140461],[0.777893,0.0600391,0.0900331,0.0720345],[0.174014,0.271997,0.240003,0.313986],[0.178013,0.202011,0.431965,0.188011],[0.120025,0.160019,0.168018,0.551938],[0.413966,0.0400431,0.435964,0.110027],[0.140021,0.118028,0.701911,0.0400409],[0.218005,0.0980315,0.375976,0.307987],[0.138021,0.120027,0.45596,0.285992],[0.160017,0.124026,0.273996,0.44196],[0.381972,0.10603,0.423966,0.0880313],[0.126024,0.65392,0.0900331,0.130023],[0.184012,0.15402,0.144022,0.517945]]},{"db":2,"id":"ZN770_HUMAN.H11MO.0.C","len":22,"ltrim":0,"rtrim":1,"nsites":490,"evalue":"1.0e+000","url":"http://hocomoco.autosome.ru/motif/ZN770_HUMAN.H11MO.0.C","pwm":[[0.226534,0.095951,0.528516,0.148999],[0.126555,0.024537,0.836616,0.0122922],[0.046979,0.0224966,0.928434,0.00209025],[0.940674,0.00617337,0.0429006,0.0102518],[0.0326962,5.2173e-05,0.957,0.0102518],[0.0286154,0.0122946,0.946798,0.0122922],[0.0408578,0.875384,0.0571834,0.026575],[0.124514,0.287749,0.044941,0.542796],[0.116353,0.0816682,0.781525,0.0204538],[0.640735,0.0714662,0.2449,0.0428982],[0.146959,0.0592238,0.763162,0.0306558],[0.191847,0.0898298,0.642778,0.0755446],[0.169403,0.402011,0.204092,0.224494],[0.328554,0.0714662,0.479546,0.120433],[0.106151,0.095951,0.755,0.0428982],[0.161241,0.0939106,0.712152,0.0326962],[0.648897,0.0469814,0.226537,0.077585],[0.0918678,0.044941,0.844778,0.0184134],[0.214292,0.100032,0.661142,0.0245346],[0.565241,0.189809,0.169405,0.0755446],[0.0898274,0.138799,0.255102,0.516271],[0.10207,0.495869,0.222456,0.179605]]},{"db":2,"id":"ZSC22_HUMAN.H11MO.0.C","len":16,"ltrim":1,"rtrim":0,"nsites":476,"evalue":"1.0e+000","url":"http://hocomoco.autosome.ru/motif/ZSC22_HUMAN.H11MO.0.C","pwm":[[0.304609,0.100873,0.436937,0.157581],[0.189087,0.113475,0.642776,0.0546617],[0.134477,0.151282,0.262604,0.451637],[0.123975,0.632274,0.180688,0.0630633],[0.319312,0.180688,0.0924713,0.407529],[0.0609629,0.0084553,0.92633,0.00425211],[0.861215,0.0147565,0.100873,0.0231557],[0.136577,0.0630657,0.546157,0.2542],[0.0840673,0.00425451,0.903225,0.00845291],[0.0252561,0.0084553,0.957836,0.00845291],[0.541954,0.310913,0.0882705,0.0588625],[0.119774,0.0084553,0.859117,0.0126537],[0.0189549,0.00425451,0.957836,0.0189549],[0.714187,0.235298,0.0210577,0.0294569],[0.0651637,0.0063549,0.915828,0.0126537],[0.0693645,0.0483629,0.846515,0.0357581]]}],"sequence_names":["chr10:102132915-102133414","chr10:104178697-104179196","chr10:105210718-105211217","chr10:105250349-105250848","chr10:105262390-105262889","chr10:105302428-105302927","chr10:105307686-105308185","chr10:105377749-105378248","chr10:105378483-105378982","chr10:105383034-105383533","chr10:105422949-105423448","chr10:105445862-105446361","chr10:105462270-105462769","chr10:105475023-105475522","chr10:105478994-105479493","chr10:105496497-105496996","chr10:105648006-105648505","chr10:120428934-120429433","chr10:120482140-120482639","chr10:120873926-120874425","chr10:120924930-120925429","chr10:120950732-120951231","chr10:121129745-121130244","chr10:121171971-121172470","chr10:121485360-121485859","chr10:121545525-121546024","chr10:121648092-121648591","chr10:14931349-14931848","chr10:15062975-15063474","chr10:22892058-22892557","chr10:22906460-22906959","chr10:22934568-22935067","chr10:23015932-23016431","chr10:23090617-23091116","chr10:23105188-23105687","chr10:23138271-23138770","chr10:23213965-23214464","chr10:23424517-23425016","chr10:23810627-23811126","chr10:5883846-5884345","chr10:6245165-6245664","chr10:72165144-72165643","chr10:73001065-73001564","chr10:79637463-79637962","chr11:112034591-112035090","chr11:14996137-14996636","chr11:22774434-22774933","chr11:22936664-22937163","chr11:22941076-22941575","chr11:23042783-23043282","chr11:23135014-23135513","chr11:396461-396960","chr11:46140955-46141454","chr11:46370579-46371078","chr11:46402057-46402556","chr11:46639210-46639709","chr11:47609418-47609917","chr11:568349-568848","chr11:57078739-57079238","chr11:57136536-57137035","chr11:57192108-57192607","chr11:57225848-57226347","chr11:57259084-57259583","chr11:57371721-57372220","chr11:57412257-57412756","chr11:57414808-57415307","chr11:57545945-57546444","chr11:57546792-57547291","chr11:57568091-57568590","chr11:58292678-58293177","chr11:63920464-63920963","chr11:64084348-64084847","chr11:64158539-64159038","chr11:64460303-64460802","chr11:64509724-64510223","chr11:64531674-64532173","chr11:64555011-64555510","chr11:64563628-64564127","chr11:65382604-65383103","chr11:65430316-65430815","chr11:65695477-65695976","chr11:65817951-65818450","chr11:66035755-66036254","chr11:66049814-66050313","chr11:66059092-66059591","chr11:66725598-66726097","chr11:66886491-66886990","chr11:67171137-67171636","chr11:8376137-8376636","chr11:844627-845126","chr11:9155494-9155993","chr11:9181694-9182193","chr12:102311385-102311884","chr12:102872455-102872954","chr12:103888181-103888680","chr12:104350692-104351191","chr12:104680472-104680971","chr12:104682431-104682930","chr12:104998286-104998785","chr12:109686799-109687298","chr12:110010811-110011310","chr12:110486103-110486602","chr12:111022931-111023430","chr12:111136015-111136514","chr12:111142506-111143005","chr12:111872701-111873200","chr12:120375801-120376300","chr12:120449981-120450480","chr12:120530825-120531324","chr12:120648682-120649181","chr12:120672444-120672943","chr12:120673395-120673894","chr12:120692084-120692583","chr12:120724752-120725251","chr12:120754650-120755149","chr12:120832387-120832886","chr12:120918733-120919232","chr12:121016381-121016880","chr12:121236520-121237019","chr12:123460335-123460834","chr12:123513024-123513523","chr12:123518470-123518969","chr12:123549818-123550317","chr12:123636289-123636788","chr