<!DOCTYPE HTML>
<html>
  <head>
    <meta charset="UTF-8">
    <title>SpaMo - Spaced Motif Analysis</title>
    <script type="text/javascript">
      //@JSON_VAR data
      var data = {"program":"SpaMo","version":"4.11.3","revision":"c13e15f35e38483381a6e8a363f9137e303c0765","release":"Sat Mar 11 20:16:08 2017 -0800","host":"uger-c009.broadinstitute.org","when":"Sun Feb 28 15:37:13 2021","cmd":["spamo","-verbosity","1","-oc","/broad/sankaranlab/fyu/HemeMap/02262021-downMast_re-analysis/motif_denovo/up_mast0035_interactions_10x_hocomoco_meme-chip/spamo_out_1","-bgfile","/broad/sankaranlab/fyu/HemeMap/02262021-downMast_re-analysis/motif_denovo/up_mast0035_interactions_10x_hocomoco_meme-chip/background","-primary","AGGAARY","/broad/sankaranlab/fyu/HemeMap/02262021-downMast_re-analysis/motif_denovo/up_mast0035_interactions_10x_hocomoco_meme-chip/20210227-deg_interactions_peaks_up_mast0035_fa_1based.fa","/broad/sankaranlab/fyu/HemeMap/02262021-downMast_re-analysis/motif_denovo/up_mast0035_interactions_10x_hocomoco_meme-chip/dreme_out/dreme.xml","/broad/sankaranlab/fyu/HemeMap/02262021-downMast_re-analysis/motif_denovo/up_mast0035_interactions_10x_hocomoco_meme-chip/meme_out/meme.xml","/broad/sankaranlab/fyu/HemeMap/02262021-downMast_re-analysis/motif_denovo/up_mast0035_interactions_10x_hocomoco_meme-chip/dreme_out/dreme.xml","/broad/sankaranlab/fyu/motif_data/HOCOMOCOv11_core_HUMAN_mono_meme_format.meme"],"options":{"seq_min_hit_score":7,"margin":150,"bin_size":1,"bin_pvalue_calc_range":150,"use_best_secondary":0,"seq_max_shared_fract":0.5,"seq_odds_ratio":20,"bin_pvalue_cutoff":0.05,"motif_evalue_cutoff":10,"redundant_overlap":2,"redundant_joint":0.5,"motif_pseudocount":0.1,"bgfile":"/broad/sankaranlab/fyu/HemeMap/02262021-downMast_re-analysis/motif_denovo/up_mast0035_interactions_10x_hocomoco_meme-chip/background","motif_trim":0.25,"xalph":0,"seed":1,"bin_max":23},"alphabet":{"name":"DNA","like":"dna","ncore":4,"symbols":[{"symbol":"A","name":"Adenine","colour":"CC0000","complement":"T"},{"symbol":"C","name":"Cytosine","colour":"0000CC","complement":"G"},{"symbol":"G","name":"Guanine","colour":"FFB300","complement":"C"},{"symbol":"T","aliases":"U","name":"Thymine","colour":"008000","complement":"A"},{"symbol":"N","aliases":"X.","name":"Any base","equals":"ACGT"},{"symbol":"V","name":"Not T","equals":"ACG"},{"symbol":"H","name":"Not G","equals":"ACT"},{"symbol":"D","name":"Not C","equals":"AGT"},{"symbol":"B","name":"Not A","equals":"CGT"},{"symbol":"M","name":"Amino","equals":"AC"},{"symbol":"R","name":"Purine","equals":"AG"},{"symbol":"W","name":"Weak","equals":"AT"},{"symbol":"S","name":"Strong","equals":"CG"},{"symbol":"Y","name":"Pyrimidine","equals":"CT"},{"symbol":"K","name":"Keto","equals":"GT"}]},"background":[0.2358,0.2642,0.2642,0.2358],"sequence_dbs":[{"source":"/broad/sankaranlab/fyu/HemeMap/02262021-downMast_re-analysis/motif_denovo/up_mast0035_interactions_10x_hocomoco_meme-chip/20210227-deg_interactions_peaks_up_mast0035_fa_1based.fa","name":"20210227-deg_interactions_peaks_up_mast0035_fa_1based","last_modified":"Sun Feb 28 14:31:57 2021","loaded":7128,"excluded_too_short":0,"excluded_no_match":4775,"excluded_ambigs":0,"excluded_similar":11,"erased_primary_matches":891}],"primary_dbs":[{"source":"/broad/sankaranlab/fyu/HemeMap/02262021-downMast_re-analysis/motif_denovo/up_mast0035_interactions_10x_hocomoco_meme-chip/dreme_out/dreme.xml","name":"dreme.xml","last_modified":"Sun Feb 28 15:34:55 2021","loaded":9,"excluded":8}],"secondary_dbs":[{"source":"/broad/sankaranlab/fyu/HemeMap/02262021-downMast_re-analysis/motif_denovo/up_mast0035_interactions_10x_hocomoco_meme-chip/meme_out/meme.xml","name":"meme.xml","last_modified":"Sun Feb 28 15:23:06 2021","loaded":10,"excluded":0},{"source":"/broad/sankaranlab/fyu/HemeMap/02262021-downMast_re-analysis/motif_denovo/up_mast0035_interactions_10x_hocomoco_meme-chip/dreme_out/dreme.xml","name":"dreme.xml","last_modified":"Sun Feb 28 15:34:55 2021","loaded":10,"excluded":1},{"source":"/broad/sankaranlab/fyu/motif_data/HOCOMOCOv11_core_HUMAN_mono_meme_format.meme","name":"HOCOMOCOv11_core_HUMAN_mono_meme_format","last_modified":"Sat Jun 23 07:43:00 2018","loaded":401,"excluded":0}],"secondary_motifs":[{"db":0,"id":"3","alt":"MEME","len":15,"ltrim":0,"rtrim":0,"nsites":49,"evalue":"3.2e-018","pwm":[[0.591112,0.000538085,0.0209045,0.387446],[0.672578,0.000538085,0.143104,0.183779],[0.998444,0.000538085,0.000538085,0.000480245],[0.815145,0.000538085,0.000538085,0.183779],[0.652211,0.0820048,0.000538085,0.265246],[0.855878,0.0209045,0.000538085,0.12268],[0.183779,0.0820048,0.367137,0.367079],[0.998444,0.000538085,0.000538085,0.000480245],[0.387446,0.326404,0.000538085,0.285612],[0.733678,0.000538085,0.000538085,0.265246],[0.509645,0.34677,0.041271,0.102313],[0.998444,0.000538085,0.000538085,0.000480245],[0.591112,0.102371,0.000538085,0.305979],[0.550378,0.000538085,0.183837,0.265246],[0.489279,0.0616374,0.041271,0.407812]]},{"db":1,"id":"SVGGAA","alt":"DREME","len":6,"ltrim":0,"rtrim":0,"nsites":3197,"evalue":"6.0e-043","pwm":[[7.37544e-06,0.431337,0.568648,7.37544e-06],[0.420388,0.227402,0.352202,7.37544e-06],[7.37544e-06,8.26374e-06,0.999977,7.37544e-06],[7.37544e-06,8.26374e-06,0.999977,7.37544e-06],[0.999976,8.26374e-06,8.26374e-06,7.37544e-06],[0.999976,8.26374e-06,8.26374e-06,7.37544e-06]]},{"db":2,"id":"CDX1_HUMAN.H11MO.0.C","len":8,"ltrim":0,"rtrim":1,"nsites":30,"evalue":"1.0e+000","url":"http://hocomoco.autosome.ru/motif/CDX1_HUMAN.H11MO.0.C","pwm":[[0.465185,0.243796,0.0491041,0.241915],[0.0329343,0.000877741,0.0973304,0.868858],[0.0329343,0.000877741,0.0330286,0.933159],[0.0650852,0.0544626,0.129481,0.750971],[0.804556,0.000877741,0.161632,0.0329343],[0.247274,0.0937581,0.0330286,0.62594],[0.206192,0.000877741,0.792147,0.000783389],[0.19994,0.10001,0.339355,0.360695]]},{"db":2,"id":"DBP_HUMAN.H11MO.0.B","len":11,"ltrim":0,"rtrim":2,"nsites":25,"evalue":"1.0e+000","url":"http://hocomoco.autosome.ru/motif/DBP_HUMAN.H11MO.0.B","pwm":[[0.312514,0.230902,0.430106,0.0264783],[0.0724483,0.00105259,0.0470226,0.879477],[0.0928794,0.0470226,0.0981003,0.761998],[0.639411,0.0776692,0.164501,0.118418],[0.0264783,0.131301,0.0929925,0.749228],[0.0928794,0.00105259,0.854051,0.0520172],[0.000939442,0.455644,0.00105259,0.542363],[0.899908,0.0521303,0.00105259,0.0469094],[0.950985,0.00105259,0.00105259,0.0469094],[0.0903255,0.330504,0.258995,0.320175],[0.394238,0.246226,0.184932,0.174604]]},{"db":2,"id":"ETV4_HUMAN.H11MO.0.B","len":11,"ltrim":2,"rtrim":2,"nsites":500,"evalue":"1.0e+000","url":"http://hocomoco.autosome.ru/motif/ETV4_HUMAN.H11MO.0.B","pwm":[[0.33598,0.234006,0.329987,0.100027],[0.38397,0.134026,0.319989,0.162015],[0.13602,0.609931,0.234006,0.0200432],[0.955856,0.0100508,0.0200488,0.0140444],[0.00604595,0.00205243,0.975858,0.016044],[0.016044,0.0260476,0.957861,4.71506e-05],[0.923862,0.0160496,0.0500428,0.0100452],[0.869873,0.01405,0.0460436,0.0700332],[0.307986,0.0220484,0.587935,0.0820308],[0.13802,0.178017,0.345984,0.33798],[0.28799,0.132026,0.41397,0.166014]]},{"db":2,"id":"FOXJ3_HUMAN.H11MO.0.A","len":13,"ltrim":1,"rtrim":0,"nsites":626,"evalue":"1.0e+000","url":"http://hocomoco.autosome.ru/motif/FOXJ3_HUMAN.H11MO.0.A","pwm":[[0.194103,0.14649,0.164706,0.494701],[3.76617e-05,4.21977e-05,4.21977e-05,0.999878],[0.0829595,4.21977e-05,0.914277,0.00272179],[0.00111131,4.21977e-05,4.21977e-05,0.998804],[3.76617e-05,4.21977e-05,4.21977e-05,0.999878],[0.00887046,4.21977e-05,0.175707,0.81538],[0.818149,4.21977e-05,0.0369632,0.144846],[3.76617e-05,0.0711435,4.21977e-05,0.928777],[0.113301,4.21977e-05,0.430184,0.456473],[0.0440524,4.21977e-05,0.32567,0.630236],[0.0528109,4.21977e-05,0.029159,0.917988],[0.00590237,0.010176,0.0168471,0.967075],[0.358501,0.0704097,0.138478,0.432611]]},{"db":2,"id":"FOXP1_HUMAN.H11MO.0.A","len":9,"ltrim":0,"rtrim":0,"nsites":295,"evalue":"1.0e+000","url":"http://hocomoco.autosome.ru/motif/FOXP1_HUMAN.H11MO.0.A","pwm":[[0.0576875,0.139025,0.176301,0.626986],[0.0136346,0.28135,0.311848,0.393167],[0.00685727,0.0204216,0.0305877,0.942133],[0.020412,0.0407537,0.840483,0.0983517],[7.99051e-05,0.0170329,0.0576971,0.92519],[0.00685727,0.0949726,0.0407537,0.857416],[0.010246,0.0136443,0.0814179,0.894692],[0.525326,0.345735,0.037365,0.0915743],[0.0170233,0.484671,0.0102556,0.48805]]},{"db":2,"id":"GATA1_HUMAN.H11MO.0.A","len":19,"ltrim":1,"rtrim":1,"nsites":500,"evalue":"1.0e+000","url":"http://hocomoco.autosome.ru/motif/GATA1_HUMAN.H11MO.0.A","pwm":[[0.192009,0.403972,0.206012,0.198008],[0.116024,0.144024,0.190015,0.549937],[0.056036,0.0780372,0.639925,0.226002],[0.118024,0.206012,0.389975,0.28599],[0.194008,0.31399,0.281996,0.210005],[0.267994,0.246004,0.277997,0.208006],[0.224002,0.210011,0.367979,0.198008],[0.261995,0.168019,0.339985,0.230001],[0.214004,0.224008,0.31399,0.247998],[0.331981,0.188015,0.323988,0.156016],[0.18401,0.387975,0.321988,0.106026],[0.719903,0.0200488,0.00805123,0.251997],[0.00604595,5.28294e-05,0.993854,4.71506e-05],[0.995848,5.28294e-05,5.28294e-05,0.00404635],[0.00204675,5.28294e-05,0.0120504,0.98585],[0.945858,0.00405203,0.01405,0.03604],[0.857876,0.0160496,0.0900348,0.03604],[0.214004,0.154022,0.553942,0.0780316],[0.351977,0.188015,0.345984,0.114024]]},{"db":2,"id":"KLF6_HUMAN.H11MO.0.A","len":19,"ltrim":1,"rtrim":0,"nsites":496,"evalue":"1.0e+000","url":"http://hocomoco.autosome.ru/motif/KLF6_HUMAN.H11MO.0.A","pwm":[[0.155258,0.1855,0.510031,0.149211],[0.221777,0.247987,0.479795,0.0504406],[0.445522,0.189531,0.280239,0.0847079],[0.459632,0.0181948,0.36893,0.153242],[0.0484249,0.00610042,0.814405,0.13107],[0.0242362,5.32554e-05,0.955506,0.0202048],[0.0443934,0.052462,0.891003,0.0121419],[0.260076,0.457622,5.32554e-05,0.282249],[0.116959,0.00610042,0.85472,0.0222205],[0.0282676,0.0222262,0.68943,0.260076],[0.209683,0.0645564,0.683383,0.0423777],[0.0867236,0.0302891,0.836578,0.0464092],[0.22984,0.453591,0.207673,0.108897],[0.294343,0.318537,0.137122,0.249997],[0.0625349,0.15728,0.522125,0.25806],[0.147195,0.127044,0.608801,0.116959],[0.161305,0.17139,0.602754,0.0645507],[0.348768,0.110918,0.433434,0.106881],[0.25806,0.233877,0.455607,0.0524563]]},{"db":2,"id":"NR1H3_HUMAN.H11MO.0.B","len":19,"ltrim":2,"rtrim":0,"nsites":500,"evalue":"1.0e+000","url":"http://hocomoco.autosome.ru/motif/NR1H3_HUMAN.H11MO.0.B","pwm":[[0.168014,0.481956,0.208011,0.142019],[0.423962,0.224008,0.124028,0.228002],[0.373972,0.126028,0.419969,0.0800312],[0.543938,0.0260476,0.379977,0.0500372],[0.122023,0.00605163,0.81389,0.0580356],[0.0380396,0.044044,0.755902,0.162015],[0.0640344,0.158021,0.152022,0.625922],[0.144018,0.427967,0.084036,0.343978],[0.829881,0.0180492,0.054042,0.0980276],[0.114024,0.591934,0.142024,0.152017],[0.224002,0.178017,0.0860356,0.511945],[0.239999,0.228007,0.289995,0.241999],[0.228002,0.323988,0.283996,0.164014],[0.659915,0.0900348,0.172018,0.0780316],[0.0800312,0.0260476,0.835886,0.0580356],[0.106026,0.0400448,0.717909,0.13602],[0.152017,0.138025,0.220009,0.489949],[0.0780316,0.737905,0.0720384,0.112025],[0.871873,0.044044,0.0480432,0.03604]]},{"db":2,"id":"PEBB_HUMAN.H11MO.0.C","len":11,"ltrim":0,"rtrim":1,"nsites":23,"evalue":"1.0e+000","url":"http://hocomoco.autosome.ru/motif/PEBB_HUMAN.H11MO.0.C","pwm":[[0.0161067,0.263639,0.179158,0.541097],[0.0432614,0.417515,0.1339,0.405324],[0.0311926,0.00114372,0.0494187,0.918245],[0.00102078,0.152003,0.809749,0.037227],[0.00102078,0.248553,0.00114372,0.749283],[0.0734332,0.00114372,0.924402,0.00102078],[0.037227,0.00114372,0.960609,0.00102078],[0.00102078,0.00114372,0.236484,0.761351],[0.0553301,0.42355,0.0494187,0.471702],[0.381186,0.0373499,0.188209,0.393255],[0.0553301,0.320965,0.339068,0.284636]]},{"db":2,"id":"SMCA1_HUMAN.H11MO.0.C","len":12,"ltrim":0,"rtrim":1,"nsites":441,"evalue":"1.0e+000","url":"http://hocomoco.autosome.ru/motif/SMCA1_HUMAN.H11MO.0.C","pwm":[[0.238095,0.494279,0.179158,0.0884688],[0.448931,0.50108,0.0159293,0.0340594],[0.59629,0.127015,0.0907423,0.185952],[0.537347,5.98957e-05,0.437602,0.0249911],[0.0453946,0.0249976,0.918219,0.0113888],[0.92048,0.0272646,0.040867,0.0113888],[0.954486,0.00912813,0.0181964,0.0181899],[0.0907358,0.040867,0.720985,0.147412],[0.609892,0.344653,0.0249976,0.020457],[0.857002,0.043134,0.0567364,0.0431276],[0.258498,0.0544693,0.0567364,0.630296],[0.224492,0.174623,0.380926,0.219958]]},{"db":2,"id":"SP4_HUMAN.H11MO.0.A","len":20,"ltrim":2,"rtrim":1,"nsites":499,"evalue":"1.0e+000","url":"http://hocomoco.autosome.ru/motif/SP4_HUMAN.H11MO.0.A","pwm":[[0.222448,0.2485,0.454872,0.0741807],[0.266527,0.14832,0.462886,0.122267],[0.1403,0.180378,0.605142,0.0741807],[0.404776,0.250504,0.2485,0.0962204],[0.526996,0.112255,0.224457,0.136292],[0.346671,0.0260998,0.549041,0.0781879],[0.230462,0.0180854,0.6372,0.114253],[0.342664,0.020089,0.61516,0.0220869],[0.0681699,0.0120746,0.901676,0.0180797],[0.0361122,0.00406015,0.935737,0.0240905],[0.124271,0.769438,0.010071,0.0962204],[0.0561482,0.0160818,0.855593,0.0721771],[0.0541446,0.0180854,0.861604,0.0661663],[0.352682,0.030107,0.567074,0.0501374],[0.214433,0.010071,0.747398,0.0280977],[0.198404,0.597128,0.142309,0.062159],[0.248494,0.414799,0.124277,0.21243],[0.326635,0.0781936,0.364709,0.230462],[0.302592,0.112255,0.498951,0.0862023],[0.332646,0.142309,0.430828,0.0942168]]},{"db":2,"id":"STAT4_HUMAN.H11MO.0.A","len":11,"ltrim":0,"rtrim":1,"nsites":500,"evalue":"1.0e+000","url":"http://hocomoco.autosome.ru/motif/STAT4_HUMAN.H11MO.0.A","pwm":[[0.0520368,0.351982,0.0380452,0.557936],[4.71506e-05,0.0120504,0.00205243,0.98585],[0.00204675,0.0100508,0.0100508,0.977852],[0.0200432,0.941864,0.00405203,0.0340404],[0.00804555,0.551942,0.0120504,0.427962],[0.0120448,0.357981,0.178017,0.451957],[0.28399,0.108031,0.449963,0.158016],[0.066034,0.106032,0.579937,0.247998],[0.641919,0.329987,0.00605163,0.0220428],[0.955856,0.00605163,0.0160496,0.0220428],[0.321983,0.188015,0.355982,0.13402]]},{"db":2,"id":"TF7L1_HUMAN.H11MO.0.B","len":13,"ltrim":3,"rtrim":1,"nsites":500,"evalue":"1.0e+000","url":"http://hocomoco.autosome.ru/motif/TF7L1_HUMAN.H11MO.0.B","pwm":[[0.239999,0.138025,0.222008,0.399967],[0.0780316,0.279997,0.329987,0.311985],[0.110025,0.407971,0.21201,0.269993],[0.0220428,0.803892,0.0480432,0.126022],[0.00604595,0.0460436,0.00205243,0.945858],[4.71506e-05,0.0520424,0.0120504,0.93586],[0.0100452,5.28294e-05,0.0100508,0.979851],[0.0420388,0.174018,0.719909,0.0640344],[0.893868,0.0200488,0.0180492,0.0680336],[0.369973,0.00605163,0.0120504,0.611925],[0.0800312,0.381976,0.495954,0.0420388],[0.172013,0.0980332,0.054042,0.675912],[0.0720328,0.307991,0.273998,0.345978]]},{"db":2,"id":"THAP1_HUMAN.H11MO.0.C","len":22,"ltrim":1,"rtrim":0,"nsites":498,"evalue":"1.0e+000","url":"http://hocomoco.autosome.ru/motif/THAP1_HUMAN.H11MO.0.C","pwm":[[0.138581,0.446281,0.324029,0.0911092],[0.0614838,0.139617,0.741929,0.0569703],[0.0618215,0.675046,0.186735,0.0763969],[0.151379,0.583565,0.178302,0.0867539],[0.0665682,0.0795033,0.735993,0.117935],[0.016584,0.914931,0.0547596,0.0137251],[0.0357938,0.908632,0.0412227,0.0143519],[0.598981,0.182149,0.140412,0.0784578],[0.0187428,0.227067,0.177043,0.577148],[0.0592599,0.526054,0.300463,0.114224],[0.0395003,0.182604,0.208901,0.568995],[0.0250233,0.361151,0.0494304,0.564395],[0.103207,0.186175,0.503777,0.20684],[0.162059,0.236604,0.531598,0.0697402],[0.184265,0.393533,0.229434,0.192767],[0.113217,0.246492,0.175834,0.464456],[0.118791,0.340363,0.342898,0.197948],[0.175491,0.499872,0.112067,0.212569],[0.0229212,0.129044,0.684602,0.163433],[0.0248636,0.148797,0.790564,0.0357753],[0.0182145,0.19456,0.744463,0.0427618],[0.0721457,0.787132,0.0674362,0.0732857]]}],"sequence_names":["chr10:104940951-104941450","chr10:104962072-104962571","chr10:104985526-104986025","chr10:105307686-105308185","chr10:105312362-105312861","chr10:105332258-105332757","chr10:105418645-105419144","chr10:105449689-105450188","chr10:105507134-105507633","chr10:105563633-105564132","chr10:105605705-105606204","chr10:120428934-120429433","chr10:120528704-120529203","chr10:120873926-120874425","chr10:120924930-120925429","chr10:120925877-120926376","chr10:120949257-120949756","chr10:120965735-120966234","chr10:121067123-121067622","chr10:14778674-14779173","chr11:112048237-112048736","chr11:313257-313756","chr11:46951599-46952098","chr11:47109333-47109832","chr11:47256248-47256747","chr11:47475658-47476157","chr11:57333495-57333994","chr11:57419659-57420158","chr11:57530883-57531382","chr11:57560342-57560841","chr11:65407982-65408481","chr11:65780325-65780824","chr11:67909376-67909875","chr12:102065105-102065604","chr12:102153172-102153671","chr12:102296342-102296841","chr12:105063712-105064211","chr12:109956522-109957021","chr12:110337820-110338319","chr12:112856393-112856892","chr12:120875644-120876143","chr12:121040207-121040706","chr12:121211895-121212394","chr12:121566795-121567294","chr12:123518470-123518969","chr12:123520998-123521497","chr12:123707723-123708222","chr12:123932847-123933346","chr12:124204651-124205150","chr12:49411636-49412135","chr12:56123242-56123741","chr12:56241599-56242098","chr12:56489993-56490492","chr12:56682656-56683155","chr12:56858027-56858526","chr12:6247927-6248426","chr12:6570992-6571491","chr12:6832658-6833157","chr13:108865215-108865714","chr13:108978598-108979097","chr13:114261680-114262179","chr13:114312252-114312751","chr14:20662210-20662709","chr14:20810590-20811089","chr14:21131153-21131652","chr14:24805064-24805563","chr14:24859825-24860324","chr14:24905673-24906172","chr14:25131928-25132427","chr14:25143542-25144041","chr15:45315053-45315552","chr15:45813702-45814201","chr15:50347826-50348325","chr15:64055646-64056145","chr15:64128675-64129174","chr15:64134087-64134586","chr15:64152313-64152812","chr15:64282638-64283137","chr15:64291340-64291839","chr15:75445839-75446338","chr15:81281970-81282469","chr16:1525332-1525831","chr16:28505721-28506220","chr16:28554253-28554752","chr16:29677913-29678412","chr16:30177500-30177999","chr16:30204959-30205458","chr16:30660961-30661460","chr16:74430272-74430771","chr17:200319-200818","chr17:26366240-26366739","chr17:26520177-26520676","chr17:268061-268560","chr17:26846196-26846695","chr17:41080590-41081089","chr17:43303389-43303888","chr17:43373248-43373747","chr17:48696344-48696843","chr17:48758641-48759140","chr17:48797631-48798130","chr17:56023560-56024059","chr17:56267093-56267592","chr17:56429425-56429924","chr17:56459672-56460171","chr17:73285342-73285841","chr17:73389848-73390347","chr17:79519853-79520352","chr18:11995397-11995896","chr18:12053246-12053745","chr18:12598513-12599012","chr18:12612129-12612628","chr18:12744031-12744530","chr18:32717560-32718059","chr18:46588521-46589020","chr18:46733013-46733512","chr18:47002884-47003383","chr18:47254864-47255363","chr18:77385140-77385639","chr18:77439552-77440051","chr19:10664596-10665095","chr19:11205633-11206132","chr19:18707492-18707991","chr19:18774707-18775206","chr19:19078433-19078932","chr19:19502120-19502619","chr19:19555572-19556071","chr19:19570536-19571035","chr19:19636110-19636609","chr19:19708683-19709182","chr19:2769976-2770475","chr19:30306063-30306562","chr19:35658190-35658689","chr19:36207653-36208152","chr19:38807664-38808163","chr19:38924090-38924589","chr19:39171619-39172118","chr19:45146849-45147348","chr19:45251702-45252201","chr19:45354655-45355154","chr19:45590761-45591260","chr19:45667744-45668243","chr19:49201358-49201857","chr19:49999373-49999872","chr19:55932593-55933092","chr19:6062232-6062731","chr19:6087834-6088333","chr19:8459628-8460127","chr1:109207073-109207572","chr1:109232638-109233137","chr1:109423861-109424360","chr1:10992120-10992619","chr1:11097614-11098113","chr1:11296911-11297410","chr1:155057275-155057774","chr1:155121098-155121597","chr1:160509888-160510387","chr1:161275842-161276341","chr1:182054011-182054510","chr1:182764655-182765154","chr1:202129506-202130005","chr1:22351509-22352008","chr1:244238578-244239077","chr1:244978773-244979272","chr1:245009729-245010228","chr1:245015894-245016393","chr1:245018099-245018598","chr1:245120883-245121382","chr1:245127258-245127757","chr1:24516592-24517091","chr1:245332698-245333197","chr1:24745672-24746171","chr1:67730511-67731010","chr1:67766245-67766744","chr1:68189335-68189834","chr20:17623759-17624258","chr20:17628824-17629323","chr20:17630999-17631498","chr20:17651489-17651988","chr20:17655276-17655775","chr20:17866036-17866535","chr20:17919629-17920128","chr20:17939209-17939708","chr20:17941975-17942474","chr20:17950349-17950848","chr20:17999705-18000204","chr20:24488064-24488563","chr20:24961837-24962336","chr20:25023654-25024153","chr20:25097239-25097738","chr20:25324439-25324938","chr20:2644616-2645115","chr20:2902112-2902611","chr20:3071198-3071697","chr20:3140593-3141092","chr20:34331050-34331549","chr20:34361049-34361548","chr20:3904866-3905365","chr20:57594060-57594559","chr20:57828344-57828843","chr20:57833134-57833633","chr20:61192707-61193206","chr20:62199154-62199653","chr20:62670163-62670662","chr21:30111246-30111745","chr21:30659725-30660224","chr21:30665777-30666276","chr21:30672723-30673222","chr21:30748816-30749315","chr21:30854918-30855417","chr21:34734415-34734914","chr21:35347882-35348381","chr22:22465307-22465806","chr22:36765214-36765713","chr22:36767253-36767752","chr22:36780935-36781434","chr22:36851001-36851500","chr22:40357358-40357857","chr22:42516663-42517162","chr2:10684344-10684843","chr2:118568166-118568665","chr2:118689585-118690084","chr2:118863605-118864104","chr2:144941255-144941754","chr2:145183923-145184422","chr2:145250521-145251020","chr2:145277498-145277997","chr2:145306276-145306775","chr2:181848443-181848942","chr2:182087893-182088392","chr2:182260560-182261059","chr2:182284155-182284654","chr2:182562211-182562710","chr2:182644711-182645210","chr2:182802153-182802652","chr2:198010324-198010823","chr2:198017117-198017616","chr2:198062381-198062880","chr2:198072265-198072764","chr2:198073615-198074114","chr2:198094171-198094670","chr2:198120163-198120662","chr2:198146087-198146586","chr2:198308529-198309028","chr2:198692331-198692830","chr2:198732860-198733359","chr2:198737884-198738383","chr2:198753687-198754186","chr2:198818985-198819484","chr2:231989583-231990082","chr2:232092913-232093412","chr2:68236581-68237080","chr2:68679580-68680079","chr2:69001726-69002225","chr2:73060082-73060581","chr2:73206991-73207490","chr2:73271540-73272039","chr2:74395048-74395547","chr2:74554770-74555269","chr2:74558741-74559240","chr2:75043037-75043536","chr2:75044138-75044637","chr2:75186398-75186897","chr2:85728413-85728912","chr2:85814630-85815129","chr2:85893578-85894077","chr3:128207815-128208314","chr3:128314227-128314726","chr3:128716583-128717082","chr3:128901097-128901596","chr3:129297109-129297608","chr3:129331948-129332447","chr3:129391830-129392329","chr3:170973017-170973516","chr3:170987326-170987825","chr3:171046430-171046929","chr3:183749083-183749582","chr3:184504347-184504846","chr3:52929427-52929926","chr3:53017476-53017975","chr3:53206056-53206555","chr3:53273907-53274406","chr3:53699812-53700311","chr3:99217993-99218492","chr3:99614103-99614602","chr3:99788304-99788803","chr3:99791468-99791967","chr4:1724868-1725367","chr4:2654435-2654934","chr4:2787228-2787727","chr4:2814627-2815126","chr4:3039600-3040099","chr4:3287687-3288186","chr4:3350805-3351304","chr4:95441221-95441720","chr5:10333648-10334147","chr5:10334859-10335358","chr5:10401561-10402060","chr5:10410739-10411238","chr5:10445418-10445917","chr5:10514186-10514685","chr5:10607761-10608260","chr5:10621919-10622418","chr5:131752594-131753093","chr5:131856343-131856842","chr5:131864887-131865386","chr5:132024476-132024975","chr5:132397914-132398413","chr5:132444026-132444525","chr5:132645062-132645561","chr5:133801387-133801886","chr5:137484508-137485007","chr5:137822608-137823107","chr5:156998269-156998768","chr5:42875855-42876354","chr5:42986390-42986889","chr5:75601065-75601564","chr5:75615460-75615959","chr5:75851032-75851531","chr6:135045910-135046409","chr6:135304022-135304521","chr6:135387478-135387977","chr6:135438507-135439006","chr6:135466559-135467058","chr6:135502204-135502703","chr6:135504868-135505367","chr6:135530891-135531390","chr6:135622366-135622865","chr6:135644260-135644759","chr6:135667760-135668259","chr6:135724673-135725172","chr6:135876643-135877142","chr6:143919489-143919988","chr6:144290172-144290671","chr6:144656980-144657479","chr6:144660434-144660933","chr6:144664844-144665343","chr6:144668067-144668566","chr6:144796468-144796967","chr6:144904360-144904859","chr6:146678900-146679399","chr6:14861558-14862057","chr6:14910846-14911345","chr6:15410920-15411419","chr6:15683641-15684140","chr6:160146368-160146867","chr6:160148358-160148857","chr6:160400138-160400637","chr6:25714966-25715465","chr6:26172898-26173397","chr6:26493394-26493893","chr6:52027681-52028180","chr6:52113916-52114415","chr6:52193116-52193615","chr6:52242238-52242737","chr6:52262716-52263215","chr6:52414963-52415462","chr6:52431045-52431544","chr6:52442774-52443273","chr6:52549695-52550194","chr6:7731455-7731954","chr6:82482382-82482881","chr7:100026366-100026865","chr7:117409018-117409517","chr7:117788893-117789392","chr7:117899063-117899562","chr7:118224904-118225403","chr7:139936380-139936879","chr7:139994271-139994770","chr7:140048979-140049478","chr7:140174188-140174687","chr7:140550413-140550912","chr7:140569492-140569991","chr7:140593797-140594296","chr7:22482979-22483478","chr7:22604305-22604804","chr7:23115228-23115727","chr7:23339332-23339831","chr7:24875684-24876183","chr7:24911372-24911871","chr7:24930942-24931441","chr7:24950008-24950507","chr7:25113062-25113561","chr7:25173894-25174393","chr7:25219726-25220225","chr7:30265502-30266001","chr7:98977796-98978295","chr7:99642240-99642739","chr8:125536629-125537128","chr8:125748145-125748644","chr8:125917598-125918097","chr8:125926682-125927181","chr8:125965900-125966399","chr8:125983520-125984019","chr8:126319094-126319593","chr8:126332934-126333433","chr8:126400859-126401358","chr8:128517530-128518029","chr8:129179847-129180346","chr8:129195591-129196090","chr8:146128291-146128790","chr8:17487901-17488400","chr8:17773649-17774148","chr8:17787150-17787649","chr8:17940584-17941083","chr8:37408897-37409396","chr8:37419655-37420154","chr8:37431782-37432281","chr8:37469289-37469788","chr8:37548883-37549382","chr8:37574703-37575202","chr8:37594695-37595194","chr8:37595543-37596042","chr8:37659656-37660155","chr8:37661579-37662078","chr8:37857904-37858403","chr8:37888695-37889194","chr8:38080756-38081255","chr8:38153028-38153527","chr8:38160720-38161219","chr8:98227431-98227930","chr8:98268672-98269171","chr8:98271557-98272056","chr8:98716067-98716566","chr8:98788446-98788945","chr9:127594771-127595270","chr9:127615506-127616005","chr9:128136932-128137431","chr9:128227196-128227695","chr9:128283956-128284455","chr9:128292373-128292872","chr9:128355804-128356303","chr9:128399433-128399932","chr9:131134140-131134639","chr9:131200884-131201383","chr9:131446536-131447035","chr9:131664539-131665038","chr9:131932420-131932919","chr9:131936217-131936716","chr9:131983456-131983955","chr9:132023699-132024198","chr9:132044487-132044986","chr9:132625296-132625795","chr9:140586086-140586585","chr9:34686665-34687164","chr9:37592390-37592889","chr9:75474221-75474720","chr9:75522371-75522870","chr9:75575272-75575771","chr9:75612231-75612730","chr9:75635745-75636244","chr9:75769663-75770162","chr9:75770254-75770753","chr9:76180667-76181166","chrX:100403025-100403524","chrX:100640934-100641433","chrX:100877538-100878037","chrX:152647370-152647869","chrX:153189873-153190372","chrX:153771235-153771734","chrX:48494669-48495168","chrX:48541886-48542385","chrX:48604586-48605085","chrX:48647886-48648385","chrX:53316683-53317182"],"primaries":[{"motif":{"db":0,"id":"AGGAARY","alt":"DREME","len":7,"ltrim":0,"rtrim":0,"nsites":1690,"evalue":"1.9e-157","pwm":[[0.999955,1.56322e-05,1.56322e-05,1.39518e-05],[1.39518e-05,1.56322e-05,0.999956,1.39518e-05],[1.39518e-05,1.56322e-05,0.999956,1.39518e-05],[0.999955,1.56322e-05,1.56322e-05,1.39518e-05],[0.999955,1.56322e-05,1.56322e-05,1.39518e-05],[0.409457,1.56322e-05,0.590514,1.39518e-05],[1.39518e-05,0.495844,1.56322e-05,0.504126]]},"secondaries":[[{"idx":4,"counts":[[22,7,6,6,5,8,10,5,11,4,2,5,5,8,2,4,6,3,4,8,3,5,3,6,6,4,5,5,5,6,6,5,4,6,4,0,4,5,5,6,4,5,5,8,7,2,4,4,5,3,1,5,3,6,4,7,5,2,5,5,8,5,5,8,3,4,3,2,11,10,5,7,5,3,3,2,8,3,8,3,4,7,5,6,7,1,3,7,4,6,6,4,4,3,5,9,9,3,5,4,4,4,7,4,5,5,7,4,4,4,10,7,7,4,5,4,4,5,3,8,5,8,1,4,2,3,6,4,1,4,4,4,6,10,4,2,3,4,9,10,3,7,3,6,0],[3,5,5,3,4,8,5,4,5,4,5,7,4,6,6,3,5,7,3,4,3,5,2,2,4,12,3,8,2,7,4,4,6,8,9,6,6,5,4,8,5,6,2,2,5,7,4,7,7,5,5,6,6,2,5,3,7,7,5,8,2,6,4,2,5,8,6,3,3,3,6,4,5,8,2,7,3,2,3,10,5,9,7,2,4,5,4,2,5,12,1,4,2,9,3,0,5,6,5,5,4,10,5,6,5,6,5,4,10,2,5,3,4,6,6,9,4,4,4,2,6,7,8,3,6,10,3,3,5,4,5,8,3,3,6,4,4,4,8,1,1,5,9,6,0],[1,1,0,0,1,1,3,5,3,1,5,1,2,1,4,3,3,0,2,6,1,2,4,5,7,10,4,2,1,8,6,7,5,1,2,4,3,4,6,3,5,3,3,5,2,4,7,1,6,4,4,3,3,2,5,2,2,2,2,4,4,3,2,1,2,3,5,5,9,1,1,2,1,3,1,7,10,3,3,3,5,4,9,2,5,3,0,3,3,5,3,6,4,3,5,7,6,0,6,6,3,4,6,3,1,4,6,2,3,2,3,2,3,5,5,6,2,1,4,5,1,1,3,2,8,2,4,6,4,4,3,2,5,4,4,3,3,2,6,6,2,8,3,7,0],[3,1,3,1,5,5,3,1,2,4,6,5,5,4,1,3,4,2,2,6,2,2,5,4,3,3,2,2,7,6,2,4,5,1,3,3,2,4,4,2,2,5,4,3,5,4,2,4,3,4,5,7,8,9,5,5,6,3,2,3,5,7,5,3,8,4,5,3,3,1,4,6,7,4,4,2,6,2,5,3,6,2,4,6,5,5,4,3,5,5,3,3,2,3,7,3,6,3,5,3,3,5,1,5,3,4,4,2,4,3,2,2,7,3,4,4,5,4,1,4,2,3,3,2,3,1,5,1,3,10,6,6,7,4,6,5,2,5,4,4,4,9,4,3,0]],"spacings":[{"orient":0,"bin":0,"pvalue":1.86691e-09,"inferred_pwm":[[0.0909091,0.5,0.272727,0.136364],[1,0,0,0],[0,0,1,0],[0,0,1,0],[0.863636,0,0.136364,0],[0.863636,0,0.136364,0],[0.0909091,0.0909091,0.818182,0]],"alignment_pwm":[[[0.181818,0.227273,0.409091,0.181818],[0.136364,0.272727,0.409091,0.181818],[0.227273,0.272727,0.227273,0.272727],[0.181818,0.363636,0.318182,0.136364],[0.454545,0.181818,0.181818,0.181818],[0.227273,0.318182,0.272727,0.181818],[0.272727,0.363636,0.318182,0.0454545],[0.227273,0.318182,0.272727,0.181818],[0.272727,0.181818,0.318182,0.227273],[0.363636,0.136364,0.272727,0.227273],[0.0909091,0.5,0.272727,0.136364],[1,0,0,0],[0,0,1,0],[0,0,1,0],[0.863636,0,0.136364,0],[0.863636,0,0.136364,0],[0.0909091,0.0909091,0.818182,0],[1,0,0,0],[0,0,1,0],[0,0,1,0],[1,0,0,0],[1,0,0,0],[0.318182,0,0.681818,0],[0,0.590909,0,0.409091],[0.272727,0.181818,0.227273,0.318182],[0.318182,0.227273,0.272727,0.181818],[0.272727,0.272727,0.318182,0.136364],[0.363636,0.136364,0.136364,0.363636],[0.0454545,0.409091,0.363636,0.181818],[0.285714,0.380952,0.0952381,0.238095],[0.333333,0.190476,0.285714,0.190476],[0.190476,0.142857,0.380952,0.285714],[0.190476,0.142857,0.47619,0.190476],[0.619048,0.142857,0.238095,0],[0.238095,0.380952,0.285714,0.0952381],[0.238095,0.238095,0.238095,0.285714],[0.181818,0.272727,0.318182,0.227273],[0.181818,0.409091,0.318182,0.0909091],[0.227273,0.318182,0.272727,0.181818],[0.363636,0.181818,0.272727,0.181818],[0.227273,0.318182,0.318182,0.136364]],null,null,null],"seqs":[14,15,29,52,77,89,101,105,119,131,133,138,177,179,195,217,298,307,379,393,413,415]},{"orient":5,"bin":0,"pvalue":5.8038e-06,"inferred_pwm":[[0.08,0.56,0.24,0.12],[1,0,0,0],[0,0,1,0],[0,0,1,0],[0.84,0,0.16,0],[0.84,0,0.12,0.04],[0.08,0.12,0.8,0]],"alignment_pwm":[[[0.181818,0.227273,0.409091,0.181818],[0.136364,0.272727,0.409091,0.181818],[0.227273,0.272727,0.227273,0.272727],[0.181818,0.363636,0.318182,0.136364],[0.454545,0.181818,0.181818,0.181818],[0.227273,0.318182,0.272727,0.181818],[0.272727,0.363636,0.318182,0.0454545],[0.227273,0.318182,0.272727,0.181818],[0.272727,0.181818,0.318182,0.227273],[0.363636,0.136364,0.272727,0.227273],[0.0909091,0.5,0.272727,0.136364],[1,0,0,0],[0,0,1,0],[0,0,1,0],[0.863636,0,0.136364,0],[0.863636,0,0.136364,0],[0.0909091,0.0909091,0.818182,0],[1,0,0,0],[0,0,1,0],[0,0,1,0],[1,0,0,0],[1,0,0,0],[0.318182,0,0.681818,0],[0,0.590909,0,0.409091],[0.272727,0.181818,0.227273,0.318182],[0.318182,0.227273,0.272727,0.181818],[0.272727,0.272727,0.318182,0.136364],[0.363636,0.136364,0.136364,0.363636],[0.0454545,0.409091,0.363636,0.181818],[0.285714,0.380952,0.0952381,0.238095],[0.333333,0.190476,0.285714,0.190476],[0.190476,0.142857,0.380952,0.285714],[0.190476,0.142857,0.47619,0.190476],[0.619048,0.142857,0.238095,0],[0.238095,0.380952,0.285714,0.0952381],[0.238095,0.238095,0.238095,0.285714],[0.181818,0.272727,0.318182,0.227273],[0.181818,0.409091,0.318182,0.0909091],[0.227273,0.318182,0.272727,0.181818],[0.363636,0.181818,0.272727,0.181818],[0.227273,0.318182,0.318182,0.136364]],null,null,[[0.333333,0,0,0.666667],[0,0,0.333333,0.666667],[0.333333,0,0.666667,0],[0,0,0.333333,0.666667],[0.333333,0,0.333333,0.333333],[0.666667,0.333333,0,0],[0,0,0.333333,0.666667],[0.333333,0.333333,0.333333,0],[0.333333,0.333333,0.333333,0],[0.333333,0.666667,0,0],[0.333333,0,0.333333,0.333333],[0.333333,0.333333,0,0.333333],[0.333333,0,0,0.666667],[0,0.666667,0.333333,0],[0.333333,0,0,0.666667],[0.333333,0.333333,0,0.333333],[0.333333,0.333333,0.333333,0],[1,0,0,0],[0,0,1,0],[0,0,1,0],[1,0,0,0],[1,0,0,0],[0.333333,0,0.666667,0],[0,0.666667,0,0.333333],[0,0.666667,0.333333,0],[0.333333,0,0,0.666667],[0,0.333333,0,0.666667],[0,1,0,0],[0,1,0,0],[0,0,0,1],[0,0,1,0],[0.333333,0.666667,0,0],[0,0.333333,0,0.666667],[0.333333,0.333333,0.333333,0],[0.333333,0,0.666667,0],[0.333333,0.666667,0,0],[0.666667,0.333333,0,0],[0.333333,0.333333,0.333333,0],[0.666667,0,0,0.333333],[0,0.666667,0.333333,0],[0.333333,0.333333,0,0.333333]]],"seqs":[14,15,29,52,77,89,101,105,119,131,133,138,177,179,195,217,298,307,379,393,413,415,6,94,329]}]}],[{"idx":14,"counts":[[4,5,1,2,1,4,3,5,8,1,2,4,0,4,5,4,5,5,7,3,3,3,3,5,3,4,0,1,3,2,5,5,3,4,3,5,3,3,4,2,3,4,6,6,5,2,2,6,3,5,3,3,8,4,4,3,2,5,1,3,2,2,2,3,4,5,3,4,5,3,9,3,5,6,2,6,4,5,3,5,4,3,6,5,7,3,8,4,3,6,4,4,1,8,3,1,4,4,1,3,7,4,3,9,4,2,4,1,5,4,2,2,4,4,6,6,6,7,1,3,8,0,5,2,5,1,5,6,2,3,6,6,3,3,5,2,2,1,3,2,4,4,0],[2,6,4,3,8,6,6,2,1,1,2,2,6,4,4,4,3,0,6,5,6,3,2,3,3,2,1,3,1,2,6,5,2,5,2,5,7,2,2,3,4,6,5,5,2,3,5,2,5,2,4,2,3,6,5,1,6,4,3,3,5,1,3,3,1,8,3,7,3,3,3,3,2,7,5,3,4,1,6,3,2,6,7,3,1,1,2,4,2,3,2,2,5,6,0,4,5,3,2,0,2,3,7,5,2,4,4,4,2,1,4,1,5,4,6,3,3,0,2,1,5,2,4,2,2,5,5,2,3,6,3,5,6,3,2,3,6,2,2,4,3,4,0],[20,10,11,7,1,3,6,5,10,6,1,2,4,2,6,2,5,4,7,5,4,7,1,7,2,4,4,3,5,3,2,2,3,7,1,4,2,4,2,4,3,4,3,3,2,3,5,5,2,4,2,4,4,5,4,3,5,4,6,4,2,0,4,5,3,2,3,4,6,5,4,6,6,3,4,3,7,5,3,3,5,5,5,5,3,9,1,7,4,6,4,5,6,4,4,8,8,6,4,3,6,8,6,0,7,3,5,6,7,3,8,4,2,6,9,1,2,6,5,3,8,6,2,5,9,8,2,4,2,8,3,3,4,3,4,2,5,4,7,4,4,2,0],[2,4,3,3,3,4,6,6,5,4,2,4,5,3,7,2,4,4,5,4,2,4,4,5,5,4,2,3,3,5,5,3,3,2,4,2,4,2,8,3,4,3,8,4,3,5,1,8,9,9,6,6,3,5,1,3,4,2,3,3,4,4,5,0,0,5,5,6,3,5,3,3,3,1,8,5,6,6,1,5,2,3,3,5,3,3,4,4,5,3,5,6,4,5,4,4,2,7,3,4,0,4,4,5,5,2,5,6,4,3,4,7,4,2,3,1,2,5,3,3,5,5,6,7,3,2,2,4,6,7,3,1,3,2,5,3,2,6,2,4,3,4,0]],"spacings":[{"orient":2,"bin":0,"pvalue":7.02139e-09,"inferred_pwm":[[0,0.8,0,0.2],[0,0,0,1],[0,0.05,0,0.95],[0,0,0,1],[0.05,0.3,0.35,0.3],[0.9,0,0,0.1],[0.45,0,0,0.55],[0.2,0.35,0.35,0.1],[0.2,0.25,0,0.55]],"alignment_pwm":[null,null,[[0.5,0.25,0.2,0.05],[0.35,0.05,0.3,0.3],[0.3,0.25,0.15,0.3],[0.4,0.1,0.4,0.1],[0.35,0.25,0.3,0.1],[0.3,0.25,0.05,0.4],[0.3,0.05,0.3,0.35],[0.45,0.2,0.05,0.3],[0.3,0.2,0.2,0.3],[0.35,0.1,0.35,0.2],[0.55,0,0.25,0.2],[0.1,0.35,0.35,0.2],[0.55,0,0,0.45],[0.1,0,0,0.9],[0.3,0.35,0.3,0.05],[1,0,0,0],[0.95,0,0.05,0],[1,0,0,0],[0.2,0,0.8,0],[1,0,0,0],[0,0,1,0],[0,0,1,0],[1,0,0,0],[1,0,0,0],[0.35,0,0.65,0],[0,0.35,0,0.65],[0.45,0.1,0.2,0.25],[0.1,0.1,0.55,0.25],[0.4,0.2,0.1,0.3],[0.25,0.25,0.2,0.3],[0.45,0.1,0.15,0.3],[0.35,0.2,0.2,0.25],[0.35,0.2,0.2,0.25],[0.4,0.1,0.2,0.3],[0.15,0.25,0.45,0.15],[0.4,0.15,0.15,0.3],[0.2,0.1,0.35,0.35],[0.45,0.15,0.25,0.15],[0.35,0.2,0.2,0.25],[0.15,0.15,0.25,0.45],[0.25,0.15,0.35,0.25],[0.263158,0.157895,0.263158,0.315789],[0.263158,0.263158,0.210526,0.263158],[0.421053,0.105263,0.157895,0.315789],[0.315789,0.157895,0.315789,0.210526]],null],"seqs":[49,72,96,114,115,121,198,227,229,248,260,293,312,343,367,397,417,427,428,429]},{"orient":4,"bin":0,"pvalue":2.54814e-06,"inferred_pwm":[[0,0.833333,0,0.166667],[0,0,0,1],[0,0.0416667,0,0.958333],[0,0,0,1],[0.0416667,0.291667,0.416667,0.25],[0.875,0.0416667,0,0.0833333],[0.458333,0,0,0.541667],[0.208333,0.291667,0.375,0.125],[0.208333,0.25,0.0416667,0.5]],"alignment_pwm":[[[0.25,0.25,0,0.5],[0.25,0.25,0.25,0.25],[0,0.25,0.5,0.25],[0.25,0.5,0.25,0],[0.5,0,0.5,0],[0.25,0.25,0.25,0.25],[0.25,0,0.25,0.5],[0.25,0,0.5,0.25],[0,0,0.5,0.5],[0.25,0,0,0.75],[0,1,0,0],[0,0,0,1],[0,0,0,1],[0,0,0,1],[0,0.25,0.75,0],[0.75,0.25,0,0],[0.5,0,0,0.5],[0.25,0,0.5,0.25],[0.25,0.25,0.25,0.25],[1,0,0,0],[0,0,1,0],[0,0,1,0],[1,0,0,0],[1,0,0,0],[0.5,0,0.5,0],[0,0.75,0,0.25],[0.25,0.25,0,0.5],[0.25,0.25,0,0.5],[0,0.25,0.5,0.25],[0.25,0,0.5,0.25],[1,0,0,0],[0.5,0,0.25,0.25],[0.25,0.25,0.5,0],[0.25,0.5,0,0.25],[0.5,0,0,0.5],[0.25,0.25,0,0.5],[0,0.5,0.25,0.25],[0.75,0.25,0,0],[0,0.25,0.25,0.5],[0,0.25,0.25,0.5],[0.25,0.25,0.25,0.25],[0,0,0.5,0.5],[0,0.5,0,0.5],[0.5,0.5,0,0],[0.25,0.5,0,0.25]],null,[[0.5,0.25,0.2,0.05],[0.35,0.05,0.3,0.3],[0.3,0.25,0.15,0.3],[0.4,0.1,0.4,0.1],[0.35,0.25,0.3,0.1],[0.3,0.25,0.05,0.4],[0.3,0.05,0.3,0.35],[0.45,0.2,0.05,0.3],[0.3,0.2,0.2,0.3],[0.35,0.1,0.35,0.2],[0.55,0,0.25,0.2],[0.1,0.35,0.35,0.2],[0.55,0,0,0.45],[0.1,0,0,0.9],[0.3,0.35,0.3,0.05],[1,0,0,0],[0.95,0,0.05,0],[1,0,0,0],[0.2,0,0.8,0],[1,0,0,0],[0,0,1,0],[0,0,1,0],[1,0,0,0],[1,0,0,0],[0.35,0,0.65,0],[0,0.35,0,0.65],[0.45,0.1,0.2,0.25],[0.1,0.1,0.55,0.25],[0.4,0.2,0.1,0.3],[0.25,0.25,0.2,0.3],[0.45,0.1,0.15,0.3],[0.35,0.2,0.2,0.25],[0.35,0.2,0.2,0.25],[0.4,0.1,0.2,0.3],[0.15,0.25,0.45,0.15],[0.4,0.15,0.15,0.3],[0.2,0.1,0.35,0.35],[0.45,0.15,0.25,0.15],[0.35,0.2,0.2,0.25],[0.15,0.15,0.25,0.45],[0.25,0.15,0.35,0.25],[0.263158,0.157895,0.263158,0.315789],[0.263158,0.263158,0.210526,0.263158],[0.421053,0.105263,0.157895,0.315789],[0.315789,0.157895,0.315789,0.210526]],null],"seqs":[54,117,273,416,49,72,96,114,115,121,198,227,229,248,260,293,312,343,367,397,417,427,428,429]},{"orient":6,"bin":0,"pvalue":2.40543e-05,"inferred_pwm":[[0,0.772727,0,0.227273],[0,0,0,1],[0,0.0454545,0,0.954545],[0,0,0,1],[0.0454545,0.272727,0.363636,0.318182],[0.909091,0,0,0.0909091],[0.454545,0,0,0.545455],[0.227273,0.318182,0.363636,0.0909091],[0.181818,0.227273,0,0.590909]],"alignment_pwm":[null,[[0.5,0.5,0,0],[1,0,0,0],[1,0,0,0],[0,0.5,0.5,0],[0,1,0,0],[0.5,0,0,0.5],[0.5,0.5,0,0],[0,0,0.5,0.5],[0,0.5,0.5,0],[0,1,0,0],[1,0,0,0],[1,0,0,0],[1,0,0,0],[0,0.5,0.5,0],[0,0.5,0.5,0],[0.5,0.5,0,0],[0,0.5,0,0.5],[0.5,0,0.5,0],[0,1,0,0],[1,0,0,0],[0,0,1,0],[0,0,1,0],[1,0,0,0],[1,0,0,0],[1,0,0,0],[0,0,0,1],[0,0.5,0,0.5],[0,0,0,1],[0,0,0,1],[0,0,0,1],[0,0,0.5,0.5],[1,0,0,0],[0.5,0,0,0.5],[0.5,0,0.5,0],[0,0,0,1],[0,0.5,0.5,0],[0,0,0,1],[0.5,0,0.5,0],[1,0,0,0],[0.5,0,0.5,0],[0,0.5,0,0.5],[0,0.5,0,0.5],[0.5,0,0,0.5],[0,0.5,0.5,0],[1,0,0,0]],[[0.5,0.25,0.2,0.05],[0.35,0.05,0.3,0.3],[0.3,0.25,0.15,0.3],[0.4,0.1,0.4,0.1],[0.35,0.25,0.3,0.1],[0.3,0.25,0.05,0.4],[0.3,0.05,0.3,0.35],[0.45,0.2,0.05,0.3],[0.3,0.2,0.2,0.3],[0.35,0.1,0.35,0.2],[0.55,0,0.25,0.2],[0.1,0.35,0.35,0.2],[0.55,0,0,0.45],[0.1,0,0,0.9],[0.3,0.35,0.3,0.05],[1,0,0,0],[0.95,0,0.05,0],[1,0,0,0],[0.2,0,0.8,0],[1,0,0,0],[0,0,1,0],[0,0,1,0],[1,0,0,0],[1,0,0,0],[0.35,0,0.65,0],[0,0.35,0,0.65],[0.45,0.1,0.2,0.25],[0.1,0.1,0.55,0.25],[0.4,0.2,0.1,0.3],[0.25,0.25,0.2,0.3],[0.45,0.1,0.15,0.3],[0.35,0.2,0.2,0.25],[0.35,0.2,0.2,0.25],[0.4,0.1,0.2,0.3],[0.15,0.25,0.45,0.15],[0.4,0.15,0.15,0.3],[0.2,0.1,0.35,0.35],[0.45,0.15,0.25,0.15],[0.35,0.2,0.2,0.25],[0.15,0.15,0.25,0.45],[0.25,0.15,0.35,0.25],[0.263158,0.157895,0.263158,0.315789],[0.263158,0.263158,0.210526,0.263158],[0.421053,0.105263,0.157895,0.315789],[0.315789,0.157895,0.315789,0.210526]],null],"seqs":[28,377,49,72,96,114,115,121,198,227,229,248,260,293,312,343,367,397,417,427,428,429]}]}],[{"idx":12,"counts":[[7,6,8,10,5,6,7,9,8,8,10,2,3,4,4,14,4,6,9,6,5,6,6,3,8,6,4,7,9,6,9,7,6,4,6,8,6,2,8,6,4,9,5,1,7,6,6,8,7,8,10,2,9,2,5,5,3,9,3,5,7,2,4,7,4,6,3,5,6,6,4,5,5,4,4,8,4,2,11,8,5,7,7,5,5,8,9,8,3,4,6,6,8,5,6,6,5,9,7,9,5,5,9,5,7,5,3,7,5,4,7,8,7,3,7,13,4,11,3,5,8,7,4,8,6,5,8,7,7,8,5,5,5,9,0],[6,6,6,7,9,1