<!DOCTYPE HTML>
<html>
  <head>
    <meta charset="UTF-8">
    <title>SpaMo - Spaced Motif Analysis</title>
    <script type="text/javascript">
      //@JSON_VAR data
      var data = {"program":"SpaMo","version":"4.11.3","revision":"c13e15f35e38483381a6e8a363f9137e303c0765","release":"Sat Mar 11 20:16:08 2017 -0800","host":"uger-c011.broadinstitute.org","when":"Sun Feb 28 17:03:21 2021","cmd":["spamo","-verbosity","1","-oc","/broad/sankaranlab/fyu/HemeMap/02262021-downMast_re-analysis/motif_denovo/all_mast0035_interactions_10x_hocomoco_meme-chip/spamo_out_16","-bgfile","/broad/sankaranlab/fyu/HemeMap/02262021-downMast_re-analysis/motif_denovo/all_mast0035_interactions_10x_hocomoco_meme-chip/background","-primary","ZIC3_HUMAN.H11MO.0.B","/broad/sankaranlab/fyu/HemeMap/02262021-downMast_re-analysis/motif_denovo/all_mast0035_interactions_10x_hocomoco_meme-chip/20210227-deg_interactions_peaks_all_mast0035_fa_1based.fa","/broad/sankaranlab/fyu/motif_data/HOCOMOCOv11_core_HUMAN_mono_meme_format.meme","/broad/sankaranlab/fyu/HemeMap/02262021-downMast_re-analysis/motif_denovo/all_mast0035_interactions_10x_hocomoco_meme-chip/meme_out/meme.xml","/broad/sankaranlab/fyu/HemeMap/02262021-downMast_re-analysis/motif_denovo/all_mast0035_interactions_10x_hocomoco_meme-chip/dreme_out/dreme.xml","/broad/sankaranlab/fyu/motif_data/HOCOMOCOv11_core_HUMAN_mono_meme_format.meme"],"options":{"seq_min_hit_score":7,"margin":150,"bin_size":1,"bin_pvalue_calc_range":150,"use_best_secondary":0,"seq_max_shared_fract":0.5,"seq_odds_ratio":20,"bin_pvalue_cutoff":0.05,"motif_evalue_cutoff":10,"redundant_overlap":2,"redundant_joint":0.5,"motif_pseudocount":0.1,"bgfile":"/broad/sankaranlab/fyu/HemeMap/02262021-downMast_re-analysis/motif_denovo/all_mast0035_interactions_10x_hocomoco_meme-chip/background","motif_trim":0.25,"xalph":0,"seed":1,"bin_max":46},"alphabet":{"name":"DNA","like":"dna","ncore":4,"symbols":[{"symbol":"A","name":"Adenine","colour":"CC0000","complement":"T"},{"symbol":"C","name":"Cytosine","colour":"0000CC","complement":"G"},{"symbol":"G","name":"Guanine","colour":"FFB300","complement":"C"},{"symbol":"T","aliases":"U","name":"Thymine","colour":"008000","complement":"A"},{"symbol":"N","aliases":"X.","name":"Any base","equals":"ACGT"},{"symbol":"V","name":"Not T","equals":"ACG"},{"symbol":"H","name":"Not G","equals":"ACT"},{"symbol":"D","name":"Not C","equals":"AGT"},{"symbol":"B","name":"Not A","equals":"CGT"},{"symbol":"M","name":"Amino","equals":"AC"},{"symbol":"R","name":"Purine","equals":"AG"},{"symbol":"W","name":"Weak","equals":"AT"},{"symbol":"S","name":"Strong","equals":"CG"},{"symbol":"Y","name":"Pyrimidine","equals":"CT"},{"symbol":"K","name":"Keto","equals":"GT"}]},"background":[0.2443,0.2557,0.2557,0.2443],"sequence_dbs":[{"source":"/broad/sankaranlab/fyu/HemeMap/02262021-downMast_re-analysis/motif_denovo/all_mast0035_interactions_10x_hocomoco_meme-chip/20210227-deg_interactions_peaks_all_mast0035_fa_1based.fa","name":"20210227-deg_interactions_peaks_all_mast0035_fa_1based","last_modified":"Sun Feb 28 14:32:25 2021","loaded":13184,"excluded_too_short":0,"excluded_no_match":8660,"excluded_ambigs":0,"excluded_similar":38,"erased_primary_matches":2699}],"primary_dbs":[{"source":"/broad/sankaranlab/fyu/motif_data/HOCOMOCOv11_core_HUMAN_mono_meme_format.meme","name":"HOCOMOCOv11_core_HUMAN_mono_meme_format","last_modified":"Sat Jun 23 07:43:00 2018","loaded":400,"excluded":399}],"secondary_dbs":[{"source":"/broad/sankaranlab/fyu/HemeMap/02262021-downMast_re-analysis/motif_denovo/all_mast0035_interactions_10x_hocomoco_meme-chip/meme_out/meme.xml","name":"meme.xml","last_modified":"Sun Feb 28 15:22:49 2021","loaded":10,"excluded":0},{"source":"/broad/sankaranlab/fyu/HemeMap/02262021-downMast_re-analysis/motif_denovo/all_mast0035_interactions_10x_hocomoco_meme-chip/dreme_out/dreme.xml","name":"dreme.xml","last_modified":"Sun Feb 28 15:41:49 2021","loaded":10,"excluded":0},{"source":"/broad/sankaranlab/fyu/motif_data/HOCOMOCOv11_core_HUMAN_mono_meme_format.meme","name":"HOCOMOCOv11_core_HUMAN_mono_meme_format","last_modified":"Sat Jun 23 07:43:00 2018","loaded":401,"excluded":1}],"secondary_motifs":[{"db":0,"id":"3","alt":"MEME","len":30,"ltrim":0,"rtrim":0,"nsites":12,"evalue":"3.9e-015","pwm":[[0.167309,0.663271,0.00211322,0.167309],[0.00201901,0.580625,0.250047,0.167309],[0.91111,0.00211322,0.0847575,0.00201901],[0.00201901,0.0847575,0.911204,0.00201901],[0.580531,0.00211322,0.415337,0.00201901],[0.00201901,0.911204,0.00211322,0.0846633],[0.00201901,0.00211322,0.00211322,0.993755],[0.249953,0.00211322,0.663271,0.0846633],[0.167309,0.0847575,0.663271,0.0846633],[0.91111,0.00211322,0.00211322,0.0846633],[0.0846633,0.00211322,0.911204,0.00201901],[0.249953,0.00211322,0.0847575,0.663176],[0.00201901,0.00211322,0.828559,0.167309],[0.167309,0.828559,0.00211322,0.00201901],[0.828465,0.00211322,0.00211322,0.167309],[0.0846633,0.0847575,0.828559,0.00201901],[0.167309,0.00211322,0.00211322,0.828465],[0.00201901,0.00211322,0.911204,0.0846633],[0.167309,0.00211322,0.828559,0.00201901],[0.00201901,0.663271,0.00211322,0.332597],[0.415242,0.00211322,0.332691,0.249953],[0.00201901,0.497981,0.332691,0.167309],[0.249953,0.00211322,0.415337,0.332597],[0.415242,0.0847575,0.415337,0.0846633],[0.0846633,0.00211322,0.167403,0.745821],[0.00201901,0.580625,0.00211322,0.415242],[0.332597,0.00211322,0.0847575,0.580531],[0.00201901,0.663271,0.00211322,0.332597],[0.91111,0.00211322,0.0847575,0.00201901],[0.167309,0.167403,0.663271,0.00201901]]},{"db":0,"id":"4","alt":"MEME","len":29,"ltrim":0,"rtrim":0,"nsites":7,"evalue":"2.6e-013","pwm":[[0.00344085,0.00360141,0.848672,0.144286],[0.00344085,0.00360141,0.989517,0.00344085],[0.00344085,0.848672,0.144446,0.00344085],[0.566822,0.00360141,0.426136,0.00344085],[0.00344085,0.707827,0.00360141,0.285131],[0.425976,0.00360141,0.566982,0.00344085],[0.00344085,0.00360141,0.989517,0.00344085],[0.00344085,0.00360141,0.00360141,0.989356],[0.00344085,0.00360141,0.848672,0.144286],[0.144286,0.00360141,0.848672,0.00344085],[0.00344085,0.989517,0.00360141,0.00344085],[0.425976,0.00360141,0.00360141,0.566822],[0.00344085,0.566982,0.00360141,0.425976],[0.707666,0.00360141,0.285291,0.00344085],[0.00344085,0.707827,0.00360141,0.285131],[0.285131,0.00360141,0.707827,0.00344085],[0.00344085,0.989517,0.00360141,0.00344085],[0.00344085,0.989517,0.00360141,0.00344085],[0.00344085,0.144446,0.00360141,0.848511],[0.285131,0.00360141,0.707827,0.00344085],[0.00344085,0.00360141,0.00360141,0.989356],[0.989356,0.00360141,0.00360141,0.00344085],[0.848511,0.00360141,0.144446,0.00344085],[0.00344085,0.00360141,0.00360141,0.989356],[0.144286,0.707827,0.00360141,0.144286],[0.00344085,0.848672,0.00360141,0.144286],[0.00344085,0.989517,0.00360141,0.00344085],[0.989356,0.00360141,0.00360141,0.00344085],[0.144286,0.00360141,0.848672,0.00344085]]},{"db":0,"id":"5","alt":"MEME","len":21,"ltrim":0,"rtrim":0,"nsites":55,"evalue":"4.2e-012","pwm":[[0.308973,0.290845,0.0367621,0.363419],[0.399717,0.000464065,0.000464065,0.599354],[0.381568,0.236399,0.381589,0.000443376],[0.254526,0.236399,0.0549101,0.454163],[0.0548894,0.0730591,0.163803,0.708247],[0.617503,0.000464065,0.21825,0.163782],[0.526759,0.0367621,0.0549101,0.381568],[0.871586,0.000464065,0.0367621,0.0911874],[0.835289,0.145655,0.0186131,0.000443376],[0.871586,0.000464065,0.0549101,0.0730384],[0.472312,0.0730591,0.0186131,0.436015],[0.490461,0.163803,0.21825,0.127485],[0.563056,0.181952,0.0730591,0.181931],[0.926033,0.000464065,0.000464065,0.0730384],[0.690098,0.163803,0.145655,0.000443376],[0.635652,0.000464065,0.0912081,0.272675],[0.436015,0.200101,0.127506,0.236378],[0.671949,0.0730591,0.127506,0.127485],[0.635652,0.0549101,0.000464065,0.308973],[0.581205,0.290845,0.000464065,0.127485],[0.744545,0.0186131,0.000464065,0.236378]]},{"db":0,"id":"9","alt":"MEME","len":29,"ltrim":0,"rtrim":0,"nsites":6,"evalue":"1.5e+002","pwm":[[0.987611,0.0041918,0.0041918,0.00400492],[0.495808,0.0041918,0.495995,0.00400492],[0.987611,0.0041918,0.0041918,0.00400492],[0.00400492,0.65993,0.0041918,0.331873],[0.331873,0.0041918,0.495995,0.16794],[0.00400492,0.0041918,0.987798,0.00400492],[0.331873,0.168127,0.495995,0.00400492],[0.00400492,0.0041918,0.65993,0.331873],[0.00400492,0.0041918,0.0041918,0.987611],[0.00400492,0.0041918,0.0041918,0.987611],[0.00400492,0.0041918,0.0041918,0.987611],[0.00400492,0.495995,0.0041918,0.495808],[0.659743,0.168127,0.168127,0.00400492],[0.00400492,0.823864,0.0041918,0.16794],[0.00400492,0.987798,0.0041918,0.00400492],[0.987611,0.0041918,0.0041918,0.00400492],[0.00400492,0.33206,0.0041918,0.659743],[0.00400492,0.168127,0.823864,0.00400492],[0.00400492,0.0041918,0.168127,0.823677],[0.00400492,0.33206,0.0041918,0.659743],[0.331873,0.168127,0.33206,0.16794],[0.16794,0.33206,0.495995,0.00400492],[0.00400492,0.823864,0.0041918,0.16794],[0.00400492,0.33206,0.0041918,0.659743],[0.987611,0.0041918,0.0041918,0.00400492],[0.331873,0.168127,0.33206,0.16794],[0.00400492,0.0041918,0.987798,0.00400492],[0.16794,0.65993,0.0041918,0.16794],[0.331873,0.0041918,0.0041918,0.659743]]},{"db":2,"id":"ARNT_HUMAN.H11MO.0.B","len":9,"ltrim":1,"rtrim":1,"nsites":500,"evalue":"1.0e+000","url":"http://hocomoco.autosome.ru/motif/ARNT_HUMAN.H11MO.0.B","pwm":[[0.152018,0.283994,0.429965,0.134022],[0.138021,0.0740363,0.242003,0.54594],[0.701908,0.0300451,0.246002,0.0220445],[0.0100469,0.947862,0.00205073,0.0400409],[0.00604765,0.00205073,0.989853,0.00204845],[4.88502e-05,5.11298e-05,0.00205073,0.997849],[4.88502e-05,0.00604993,0.991853,0.00204845],[0.355978,0.525946,0.0240463,0.0940301],[0.154018,0.501951,0.144022,0.200009]]},{"db":2,"id":"ATF3_HUMAN.H11MO.0.A","len":11,"ltrim":0,"rtrim":1,"nsites":500,"evalue":"1.0e+000","url":"http://hocomoco.autosome.ru/motif/ATF3_HUMAN.H11MO.0.A","pwm":[[0.222004,0.0900331,0.579935,0.108027],[0.255998,0.0280455,0.709909,0.00604765],[0.0180453,0.0420427,0.00804953,0.931862],[0.0100469,0.477956,0.50795,0.00404805],[0.939861,0.0240463,0.00405033,0.0320425],[0.00204845,0.813888,0.0420427,0.14202],[0.0380413,0.0180475,0.925866,0.0180453],[0.0280433,0.224006,0.00804953,0.739901],[0.265996,0.164018,0.535944,0.0340421],[0.575934,0.10403,0.252001,0.0680353],[0.0940301,0.295992,0.275996,0.333982]]},{"db":2,"id":"ATF6A_HUMAN.H11MO.0.B","len":12,"ltrim":0,"rtrim":0,"nsites":20,"evalue":"1.0e+000","url":"http://hocomoco.autosome.ru/motif/ATF6A_HUMAN.H11MO.0.B","pwm":[[0.184912,0.184969,0.582979,0.0471396],[0.00121542,0.215585,0.322742,0.460458],[0.00121542,0.261509,0.598287,0.138988],[0.0930639,0.399282,0.460514,0.0471396],[0.00121542,0.0318883,0.00127214,0.965624],[0.00121542,0.0471964,0.950373,0.00121542],[0.9197,0.0471964,0.00127214,0.0318316],[0.00121542,0.996297,0.00127214,0.00121542],[0.00121542,0.00127214,0.996297,0.00121542],[0.00121542,0.00127214,0.00127214,0.99624],[0.00121542,0.0931206,0.904449,0.00121542],[0.0930639,0.00127214,0.904449,0.00121542]]},{"db":2,"id":"BATF_HUMAN.H11MO.0.A","len":18,"ltrim":1,"rtrim":1,"nsites":500,"evalue":"1.0e+000","url":"http://hocomoco.autosome.ru/motif/BATF_HUMAN.H11MO.0.A","pwm":[[0.451958,0.0780355,0.263998,0.206008],[0.0480393,0.399971,0.345982,0.206008],[0.0120465,0.0180475,0.0440423,0.925864],[0.134022,0.327986,0.0240463,0.513946],[0.0860317,0.238004,0.0520407,0.623924],[0.14202,0.545942,0.0460419,0.265996],[0.379973,0.0860339,0.395972,0.138021],[0.369975,0.114028,0.230005,0.285992],[0.337981,0.0180475,0.0840343,0.559937],[0.577933,0.15802,0.0220467,0.242],[0.00204845,0.00205073,5.11298e-05,0.99585],[0.00404805,0.0560399,0.849881,0.0900309],[0.977853,0.00804953,0.0120487,0.00204845],[0.104028,0.55794,0.315988,0.0220445],[0.0720345,0.0300451,0.0200471,0.877873],[0.212006,0.50795,0.212009,0.0680353],[0.611926,0.0840343,0.110029,0.19401],[0.14202,0.186014,0.30599,0.365976]]},{"db":2,"id":"BHA15_HUMAN.H11MO.0.B","len":11,"ltrim":0,"rtrim":0,"nsites":500,"evalue":"1.0e+000","url":"http://hocomoco.autosome.ru/motif/BHA15_HUMAN.H11MO.0.B","pwm":[[0.172014,0.285994,0.471957,0.0700349],[0.152018,0.449961,0.295992,0.102028],[0.687911,0.0680375,0.200011,0.0440401],[0.279993,0.10803,0.609929,0.00204845],[0.0560377,0.921867,0.0160479,0.00604765],[0.983852,0.00405033,0.0100491,0.00204845],[0.00604765,0.00405033,0.963858,0.0260437],[0.0540381,0.877876,0.0640383,0.00404805],[0.0260437,0.0120487,0.00405033,0.957857],[0.00404805,0.00405033,0.981855,0.0100469],[0.00204845,0.148022,0.633924,0.216006]]},{"db":2,"id":"CRX_HUMAN.H11MO.0.B","len":13,"ltrim":1,"rtrim":1,"nsites":500,"evalue":"1.0e+000","url":"http://hocomoco.autosome.ru/motif/CRX_HUMAN.H11MO.0.B","pwm":[[0.247999,0.164018,0.152021,0.435962],[0.533942,0.10403,0.261999,0.100029],[0.573934,0.0460419,0.275996,0.104028],[0.172014,0.0920327,0.565938,0.170015],[0.497949,0.164018,0.261999,0.0760337],[0.19201,0.00604993,0.775896,0.0260437],[0.0320425,0.0100491,0.935864,0.0220445],[0.763896,0.218008,0.0160479,0.00204845],[4.88502e-05,5.11298e-05,5.11298e-05,0.999849],[0.0220445,0.0580395,0.0240463,0.89587],[0.879873,0.00405033,0.0340443,0.0820325],[0.269995,0.0660379,0.525946,0.138021],[0.234002,0.323986,0.343982,0.0980293]]},{"db":2,"id":"DLX3_HUMAN.H11MO.0.C","len":10,"ltrim":0,"rtrim":1,"nsites":34,"evalue":"1.0e+000","url":"http://hocomoco.autosome.ru/motif/DLX3_HUMAN.H11MO.0.C","pwm":[[0.17329,0.128569,0.659114,0.0390271],[0.412006,0.403826,0.183451,0.000716422],[0.000716422,0.023127,0.000749853,0.975407],[0.975407,0.000749853,0.023127,0.000716422],[0.997784,0.000749853,0.000749853,0.000716422],[0.000716422,0.000749853,0.000749853,0.997784],[0.000716422,0.000749853,0.0455041,0.95303],[0.541452,0.000749853,0.363888,0.0939095],[0.161041,0.515711,0.277777,0.0454707],[0.4455,0.154631,0.102795,0.297074]]},{"db":2,"id":"E2F6_HUMAN.H11MO.0.A","len":13,"ltrim":1,"rtrim":2,"nsites":500,"evalue":"1.0e+000","url":"http://hocomoco.autosome.ru/motif/E2F6_HUMAN.H11MO.0.A","pwm":[[0.337981,0.148022,0.341983,0.172014],[0.261996,0.0340443,0.55594,0.148019],[0.154018,0.126026,0.699911,0.0200449],[0.0100469,0.0160479,0.963858,0.0100469],[0.214006,0.70791,0.0120487,0.0660357],[0.0400409,0.0180475,0.893872,0.0480393],[0.0240441,0.0480415,0.895872,0.0320425],[0.0720345,0.0440423,0.871877,0.0120465],[0.94186,0.0320447,0.0140483,0.0120465],[0.511946,0.0360439,0.435964,0.0160457],[0.383972,0.10803,0.437964,0.0700349],[0.277993,0.218008,0.377976,0.126024],[0.275994,0.162019,0.425966,0.136022]]},{"db":2,"id":"EPAS1_HUMAN.H11MO.0.B","len":9,"ltrim":1,"rtrim":1,"nsites":500,"evalue":"1.0e+000","url":"http://hocomoco.autosome.ru/motif/EPAS1_HUMAN.H11MO.0.B","pwm":[[0.230003,0.256,0.445962,0.0680353],[0.166016,0.0700371,0.244002,0.519945],[0.865876,0.0200471,0.10803,0.00604765],[0.0200449,0.911869,0.0260459,0.0420405],[0.0160457,0.0100491,0.969857,0.00404805],[4.88502e-05,5.11298e-05,0.00205073,0.997849],[4.88502e-05,5.11298e-05,0.997852,0.00204845],[0.373974,0.469957,0.0600391,0.0960297],[0.160017,0.489953,0.134024,0.216006]]},{"db":2,"id":"ETS1_HUMAN.H11MO.0.A","len":13,"ltrim":2,"rtrim":0,"nsites":500,"evalue":"1.0e+000","url":"http://hocomoco.autosome.ru/motif/ETS1_HUMAN.H11MO.0.A","pwm":[[0.367975,0.178016,0.341983,0.112026],[0.259997,0.182015,0.471957,0.0860317],[0.479953,0.0680375,0.423966,0.0280433],[0.128023,0.637924,0.228006,0.00604765],[0.615926,0.349981,0.0340443,4.88502e-05],[0.00404805,5.11298e-05,0.993852,0.00204845],[0.0120465,0.00604993,0.979855,0.00204845],[0.99185,0.00604993,5.11298e-05,0.00204845],[0.827883,0.0100491,0.00405033,0.158017],[0.184012,0.0100491,0.80589,4.88502e-05],[0.0840321,0.188014,0.0580395,0.669915],[0.130023,0.112029,0.633924,0.124024],[0.138021,0.126026,0.627926,0.108027]]},{"db":2,"id":"FOSL1_HUMAN.H11MO.0.A","len":12,"ltrim":2,"rtrim":1,"nsites":500,"evalue":"1.0e+000","url":"http://hocomoco.autosome.ru/motif/FOSL1_HUMAN.H11MO.0.A","pwm":[[0.198009,0.186014,0.40597,0.210007],[0.317985,0.164018,0.347982,0.170015],[0.429963,0.269997,0.281995,0.0180453],[4.88502e-05,5.11298e-05,0.00604993,0.99385],[4.88502e-05,0.00405033,0.941863,0.0540381],[0.987851,0.00205073,0.00205073,0.00804725],[0.0780333,5.11298e-05,0.921867,4.88502e-05],[4.88502e-05,5.11298e-05,5.11298e-05,0.999849],[0.0180453,0.979855,0.00205073,4.88502e-05],[0.99585,0.00405033,5.11298e-05,4.88502e-05],[0.0220445,0.411969,0.162019,0.403968],[0.210007,0.401971,0.15402,0.234002]]},{"db":2,"id":"FOXP1_HUMAN.H11MO.0.A","len":9,"ltrim":0,"rtrim":0,"nsites":295,"evalue":"1.0e+000","url":"http://hocomoco.autosome.ru/motif/FOXP1_HUMAN.H11MO.0.A","pwm":[[0.0576904,0.139023,0.176298,0.626989],[0.0136375,0.281347,0.311845,0.39317],[0.00686015,0.0204187,0.0305848,0.942136],[0.0204149,0.0407508,0.84048,0.0983546],[8.27855e-05,0.0170301,0.0576942,0.925193],[0.00686015,0.0949697,0.0407508,0.857419],[0.0102488,0.0136414,0.081415,0.894695],[0.525328,0.345732,0.0373621,0.0915772],[0.0170262,0.484668,0.0102527,0.488053]]},{"db":2,"id":"HXB13_HUMAN.H11MO.0.A","len":10,"ltrim":0,"rtrim":1,"nsites":500,"evalue":"1.0e+000","url":"http://hocomoco.autosome.ru/motif/HXB13_HUMAN.H11MO.0.A","pwm":[[0.0680353,0.10803,0.100031,0.723904],[0.0100469,0.00604993,0.0180475,0.965856],[4.88502e-05,0.00405033,0.00205073,0.99385],[0.0140461,0.0240463,0.0260459,0.935862],[0.94386,0.0220467,0.0340443,4.88502e-05],[0.0240441,0.100031,0.00205073,0.873874],[0.261996,0.0100491,0.323986,0.403968],[0.249999,0.00804953,0.65592,0.0860317],[0.102028,0.329985,0.499951,0.0680353],[0.19201,0.383974,0.168018,0.255998]]},{"db":2,"id":"LHX2_HUMAN.H11MO.0.A","len":12,"ltrim":2,"rtrim":3,"nsites":430,"evalue":"1.0e+000","url":"http://hocomoco.autosome.ru/motif/LHX2_HUMAN.H11MO.0.A","pwm":[[0.132584,0.176763,0.237214,0.45344],[0.0930584,0.262789,0.31859,0.325562],[0.111659,0.432517,0.0163347,0.439489],[0.0279573,0.0116847,5.94513e-05,0.960299],[0.774295,0.176763,0.0395851,0.00935696],[0.957974,0.0279599,0.00238449,0.011682],[5.68007e-05,0.0209848,0.0209848,0.957974],[0.00935696,0.0140097,0.237214,0.73942],[0.578992,0.00703457,0.353466,0.0605079],[0.17211,0.225588,0.492968,0.109334],[0.17676,0.241864,0.125612,0.455765],[0.0884083,0.213963,0.241864,0.455765]]},{"db":2,"id":"LYL1_HUMAN.H11MO.0.A","len":14,"ltrim":1,"rtrim":2,"nsites":453,"evalue":"1.0e+000","url":"http://hocomoco.autosome.ru/motif/LYL1_HUMAN.H11MO.0.A","pwm":[[0.205307,0.44146,0.203102,0.150131],[0.145717,0.695267,0.0265407,0.132475],[0.640089,0.0508179,0.0464038,0.262689],[0.0574364,0.125856,0.490015,0.326693],[0.130268,0.730579,0.0441968,0.0949557],[0.105991,5.64335e-05,0.00667749,0.887275],[0.00226094,0.176618,0.810032,0.011089],[0.00667497,0.298004,0.181032,0.514289],[0.0618504,0.207516,0.220758,0.509875],[0.207514,0.220758,0.130271,0.441458],[0.0441943,0.512085,0.119235,0.324486],[0.0949557,0.580502,0.110407,0.214135],[0.141303,0.187653,0.181032,0.490012],[0.119233,0.273727,0.379664,0.227377]]},{"db":2,"id":"MEF2B_HUMAN.H11MO.0.A","len":14,"ltrim":2,"rtrim":0,"nsites":500,"evalue":"1.0e+000","url":"http://hocomoco.autosome.ru/motif/MEF2B_HUMAN.H11MO.0.A","pwm":[[0.253998,0.118028,0.413968,0.214006],[0.19401,0.110029,0.252001,0.44396],[0.204008,0.0360439,0.271997,0.487951],[0.168015,0.10403,0.373976,0.353978],[0.0480393,0.771897,0.0400431,0.140021],[0.00204845,0.0880335,0.00205073,0.907867],[0.861876,0.0260459,0.0320447,0.0800329],[0.106028,0.0200471,0.00604993,0.867875],[0.0760337,0.00604993,0.00405033,0.913866],[0.0360417,0.0480415,0.0140483,0.901868],[0.134022,0.118028,0.0480415,0.699909],[0.170015,0.0560399,0.140023,0.633922],[0.471954,5.11298e-05,0.487954,0.0400409],[0.122024,0.0520407,0.695912,0.130023]]},{"db":2,"id":"MYC_HUMAN.H11MO.0.A","len":11,"ltrim":1,"rtrim":2,"nsites":500,"evalue":"1.0e+000","url":"http://hocomoco.autosome.ru/motif/MYC_HUMAN.H11MO.0.A","pwm":[[0.220005,0.210009,0.429965,0.140021],[0.168015,0.749901,0.0520407,0.0300429],[0.0200449,0.969857,0.00405033,0.00604765],[0.871874,0.00604993,0.0860339,0.0360417],[0.00204845,0.687914,0.00405033,0.305988],[0.0200449,0.0220467,0.95586,0.00204845],[0.0140461,0.0380435,5.11298e-05,0.947859],[0.00404805,0.00804953,0.975856,0.0120465],[0.0500389,0.573936,0.218008,0.158017],[0.19601,0.198012,0.164018,0.44196],[0.0680353,0.381975,0.202011,0.347979]]},{"db":2,"id":"MYOD1_HUMAN.H11MO.0.A","len":15,"ltrim":1,"rtrim":4,"nsites":500,"evalue":"1.0e+000","url":"http://hocomoco.autosome.ru/motif/MYOD1_HUMAN.H11MO.0.A","pwm":[[0.220005,0.238004,0.40797,0.134022],[0.00604765,0.991853,0.00205073,4.88502e-05],[0.99385,5.11298e-05,5.11298e-05,0.00604765],[0.00804725,0.228006,0.749901,0.0140461],[0.0100469,0.979855,5.11298e-05,0.0100469],[0.00204845,0.00405033,5.11298e-05,0.99385],[4.88502e-05,0.00405033,0.993852,0.00204845],[4.88502e-05,0.391973,0.0380435,0.569935],[0.0120465,0.419967,0.0600391,0.507947],[0.166016,0.333984,0.291993,0.208007],[0.0660357,0.573936,0.10803,0.251998],[0.14402,0.234004,0.170017,0.451958],[0.130023,0.160019,0.495952,0.214006],[0.0480393,0.395972,0.222007,0.333982],[0.154018,0.513948,0.132025,0.200009]]},{"db":2,"id":"NKX21_HUMAN.H11MO.0.A","len":10,"ltrim":1,"rtrim":1,"nsites":500,"evalue":"1.0e+000","url":"http://hocomoco.autosome.ru/motif/NKX21_HUMAN.H11MO.0.A","pwm":[[0.0660357,0.421967,0.226006,0.285992],[0.132022,0.0920327,0.0240463,0.751898],[0.0760337,0.0220467,0.333984,0.567935],[0.0340421,0.00604993,0.95786,0.00204845],[0.99585,0.00205073,5.11298e-05,0.00204845],[0.0100469,0.00804953,0.981855,4.88502e-05],[0.281992,0.00205073,0.10403,0.611926],[0.108027,0.00205073,0.877876,0.0120465],[0.0320425,0.325986,0.443962,0.198009],[0.158017,0.347982,0.15602,0.337981]]},{"db":2,"id":"NKX28_HUMAN.H11MO.0.C","len":9,"ltrim":0,"rtrim":0,"nsites":6,"evalue":"1.0e+000","url":"http://hocomoco.autosome.ru/motif/NKX28_HUMAN.H11MO.0.C","pwm":[[0.0281129,0.201877,0.201877,0.568132],[0.00400492,0.0041918,0.0041918,0.987611],[0.00400492,0.766005,0.225985,0.00400492],[0.939395,0.0041918,0.0524078,0.00400492],[0.987611,0.0041918,0.0041918,0.00400492],[0.00400492,0.0041918,0.987798,0.00400492],[0.00400492,0.0041918,0.592427,0.399376],[0.59224,0.0041918,0.399563,0.00400492],[0.0281129,0.568319,0.201877,0.201691]]},{"db":2,"id":"PAX5_HUMAN.H11MO.0.A","len":21,"ltrim":0,"rtrim":0,"nsites":202,"evalue":"1.0e+000","url":"http://hocomoco.autosome.ru/motif/PAX5_HUMAN.H11MO.0.A","pwm":[[0.133718,0.282165,0.504827,0.0792896],[0.12877,0.499879,0.188152,0.183199],[0.148562,0.415762,0.331646,0.10403],[0.202991,0.054555,0.257425,0.485029],[0.198043,0.0446589,0.752229,0.00506893],[0.158458,0.138672,0.539463,0.163406],[0.0248611,0.11888,0.62358,0.232679],[0.0347572,0.875931,0.0595031,0.0298092],[0.781912,0.0347628,0.163412,0.0199131],[0.386068,0.113932,0.465243,0.0347572],[0.0347572,0.732437,0.128776,0.10403],[0.410809,0.267321,0.277217,0.0446533],[0.311848,0.0199187,0.618632,0.0496013],[0.682951,0.0397109,0.163412,0.113926],[0.0347572,0.163412,0.772022,0.0298092],[0.010017,0.781918,0.0446589,0.163406],[0.217835,0.0347628,0.717593,0.0298092],[0.321744,0.0298148,0.158464,0.489977],[0.173302,0.0298148,0.791814,0.00506893],[0.8116,0.0347628,0.104035,0.0496013],[0.118874,0.80171,0.0298148,0.0496013]]},{"db":2,"id":"PAX6_HUMAN.H11MO.0.C","len":12,"ltrim":0,"rtrim":0,"nsites":500,"evalue":"1.0e+000","url":"http://hocomoco.autosome.ru/motif/PAX6_HUMAN.H11MO.0.C","pwm":[[0.124024,0.0320447,0.0740363,0.769895],[0.0220445,0.341983,0.0380435,0.597929],[0.415966,0.467958,0.0500411,0.0660357],[0.0440401,0.565938,0.0400431,0.349979],[0.285992,0.0700371,0.60593,0.0380413],[0.0100469,0.80389,0.166018,0.0200449],[0.257997,0.136024,0.0180475,0.587931],[0.0280433,0.0760359,0.0180475,0.877873],[0.0140461,0.40797,0.567938,0.0100469],[0.709907,0.0160479,0.236004,0.0380413],[0.14602,0.35798,0.287994,0.208007],[0.0660357,0.0940323,0.0320447,0.807887]]},{"db":2,"id":"PRRX2_HUMAN.H11MO.0.C","len":7,"ltrim":1,"rtrim":0,"nsites":59,"evalue":"1.0e+000","url":"http://hocomoco.autosome.ru/motif/PRRX2_HUMAN.H11MO.0.C","pwm":[[0.173848,0.309231,0.0723447,0.444576],[0.000413367,0.000432656,0.000432656,0.998721],[0.998721,0.000432656,0.000432656,0.000413367],[0.981801,0.000432656,0.0173531,0.000413367],[0.0173338,0.0173531,0.000432656,0.96488],[0.000413367,0.0511941,0.0511941,0.897198],[0.457266,0.0173531,0.491126,0.0342543]]},{"db":2,"id":"SALL4_HUMAN.H11MO.0.B","len":10,"ltrim":2,"rtrim":0,"nsites":500,"evalue":"1.0e+000","url":"http://hocomoco.autosome.ru/motif/SALL4_HUMAN.H11MO.0.B","pwm":[[0.180013,0.138024,0.513948,0.168015],[0.134022,0.258,0.477956,0.130023],[0.359977,0.00604993,0.343982,0.289991],[0.0120465,0.00205073,0.971857,0.0140461],[0.00204845,0.00405033,0.981855,0.0120465],[0.0200449,0.162019,0.80389,0.0140461],[0.373974,0.0300451,0.0100491,0.585932],[0.00604765,0.00205073,0.987854,0.00404805],[0.0980293,0.0160479,0.659919,0.226004],[0.118025,0.0240463,0.813888,0.0440401]]},{"db":2,"id":"SMCA5_HUMAN.H11MO.0.C","len":15,"ltrim":0,"rtrim":0,"nsites":404,"evalue":"1.0e+000","url":"http://hocomoco.autosome.ru/motif/SMCA5_HUMAN.H11MO.0.C","pwm":[[0.03718,0.0297589,0.90578,0.0272814],[0.735027,0.123795,0.106473,0.0347053],[0.509835,0.245052,0.205458,0.0396546],[0.108944,0.0569799,0.136168,0.697908],[0.133691,0.297019,0.334139,0.235151],[0.0866727,0.116371,0.786997,0.009959],[0.836487,0.0322335,0.0743023,0.0569771],[0.868657,0.0347082,0.0842009,0.0124336],[0.123792,0.049556,0.111422,0.71523],[0.116368,0.00996182,0.861236,0.0124336],[0.0248068,0.309393,0.650892,0.0149083],[0.893404,0.0124365,0.0396574,0.0545024],[0.593973,0.173288,0.215357,0.0173829],[0.351459,0.0693531,0.0668784,0.51231],[0.0520278,0.678113,0.183186,0.0866727]]},{"db":2,"id":"TFE3_HUMAN.H11MO.0.B","len":10,"ltrim":0,"rtrim":0,"nsites":467,"evalue":"1.0e+000","url":"http://hocomoco.autosome.ru/motif/TFE3_HUMAN.H11MO.0.B","pwm":[[0.319042,0.0428721,0.483891,0.154195],[0.132786,0.0107591,0.847839,0.00861578],[0.021461,0.027886,0.0428721,0.907781],[0.0171793,0.94846,0.027886,0.00647491],[0.961303,0.0107591,0.0193226,0.00861578],[0.0150384,0.933474,0.0150408,0.0364471],[0.152054,0.0193226,0.813585,0.0150384],[0.0171793,0.0300269,0.0364495,0.916344],[0.0128975,0.00219561,0.972009,0.0128975],[0.802878,0.045013,0.122084,0.0300245]]},{"db":2,"id":"ZBT17_HUMAN.H11MO.0.A","len":19,"ltrim":2,"rtrim":0,"nsites":500,"evalue":"1.0e+000","url":"http://hocomoco.autosome.ru/motif/ZBT17_HUMAN.H11MO.0.A","pwm":[[0.184012,0.238004,0.435964,0.14202],[0.387971,0.15602,0.299991,0.156018],[0.279993,0.0540403,0.539943,0.126024],[0.212006,0.0800351,0.609929,0.0980293],[0.200009,0.136024,0.571937,0.0920305],[0.319985,0.128026,0.0940323,0.457957],[0.140021,0.0400431,0.811889,0.00804725],[0.204008,0.0260459,0.679915,0.0900309],[0.238001,0.0340443,0.683914,0.0440401],[0.152018,0.00604993,0.789893,0.0520385],[0.0720345,0.0740363,0.849881,0.00404805],[0.69591,0.200011,0.00205073,0.102028],[0.198009,0.0320447,0.537944,0.232002],[0.0520385,0.0160479,0.885874,0.0460397],[0.232002,0.0220467,0.725906,0.0200449],[0.255998,0.00804953,0.709909,0.0260437],[0.527943,0.275996,0.136024,0.0600369],[0.419965,0.0620387,0.331985,0.186012],[0.257997,0.114028,0.50795,0.120025]]},{"db":2,"id":"ZN121_HUMAN.H11MO.0.C","len":20,"ltrim":0,"rtrim":0,"nsites":486,"evalue":"1.0e+000","url":"http://hocomoco.autosome.ru/motif/ZN121_HUMAN.H11MO.0.C","pwm":[[0.0267937,0.917559,0.0288533,0.0267937],[0.0823379,0.0350248,0.0843974,0.79824],[0.0123934,0.0123957,0.958703,0.0165078],[0.0370797,0.0247389,0.934017,0.00416464],[0.0926238,0.0679399,0.833215,0.00622183],[0.0350225,0.921674,0.0350248,0.00827902],[0.827041,0.0926261,0.0617683,0.018565],[0.81264,0.0617683,0.0987977,0.0267937],[0.0432512,0.750927,0.090569,0.115253],[0.841441,0.037082,0.0926261,0.0288509],[0.0391369,0.220172,0.300402,0.440289],[0.824983,0.0288533,0.0453108,0.100853],[0.0226793,0.0350248,0.917559,0.0247365],[0.0329653,0.571951,0.037082,0.358001],[0.448518,0.080283,0.438234,0.0329653],[0.872299,0.0247389,0.0699971,0.0329653],[0.0226793,0.0206245,0.942246,0.0144506],[0.86407,0.0453108,0.0699971,0.0206222],[0.0288509,0.804414,0.0391392,0.127596],[0.0329653,0.773556,0.0453108,0.148168]]},{"db":2,"id":"ZN274_HUMAN.H11MO.0.A","len":20,"ltrim":0,"rtrim":0,"nsites":500,"evalue":"1.0e+000","url":"http://hocomoco.autosome.ru/motif/ZN274_HUMAN.H11MO.0.A","pwm":[[0.0580373,0.813888,0.0700371,0.0580373],[0.857877,0.0520407,0.0340443,0.0560377],[0.0340421,0.285994,0.126026,0.553938],[0.747899,0.146022,0.0540403,0.0520385],[0.212006,0.645922,0.0980315,0.0440401],[0.224004,0.0140483,0.0300451,0.731902],[0.0440401,0.0840343,0.80789,0.0640361],[0.0920305,0.0260459,0.851881,0.0300429],[0.769895,0.0220467,0.0920327,0.116026],[0.257997,0.0640383,0.65792,0.0200449],[0.761896,0.0260459,0.0380435,0.174014],[0.14402,0.0440423,0.787894,0.0240441],[0.747899,0.0480415,0.198012,0.00604765],[0.865876,0.0460419,0.0660379,0.0220445],[0.785892,0.0360439,0.134024,0.0440401],[0.0800329,0.637924,0.0440423,0.238001],[0.0420405,0.745902,0.128026,0.0840321],[0.138021,0.45396,0.182015,0.226004],[0.228003,0.0740363,0.0440423,0.653918],[0.807887,0.0740363,0.0820347,0.0360417]]},{"db":2,"id":"ZN467_HUMAN.H11MO.0.C","len":22,"ltrim":0,"rtrim":0,"nsites":499,"evalue":"1.0e+000","url":"http://hocomoco.autosome.ru/motif/ZN467_HUMAN.H11MO.0.C","pwm":[[0.296583,0.0240945,0.64922,0.030103],[0.0982257,0.00405845,0.84958,0.0481355],[0.0541463,0.0220909,0.915699,0.00806337],[0.00205255,0.0180837,0.975808,0.00405616],[0.949758,0.0240945,0.00405845,0.0220886],[0.184381,0.00806566,0.791476,0.0160778],[0.0321067,0.0180837,0.929725,0.020085],[0.298586,0.0160801,0.671259,0.0140742],[0.17837,0.0641666,0.733371,0.0240922],[0.416799,0.104239,0.408787,0.0701752],[0.410788,0.122271,0.420809,0.0461319],[0.292575,0.0721811,0.591115,0.0441283],[0.244489,0.0761883,0.645213,0.0341103],[0.360698,0.052145,0.535014,0.0521427],[0.284561,0.0561522,0.621169,0.0381175],[0.290572,0.062163,0.579094,0.0681716],[0.356691,0.0481378,0.529003,0.066168],[0.2505,0.0661702,0.641205,0.0421247],[0.260518,0.0801955,0.633191,0.0260958],[0.324633,0.062163,0.575086,0.0381175],[0.354687,0.0842027,0.514978,0.0461319],[0.288568,0.104239,0.541025,0.066168]]},{"db":2,"id":"ZN770_HUMAN.H11MO.0.C","len":22,"ltrim":0,"rtrim":1,"nsites":490,"evalue":"1.0e+000","url":"http://hocomoco.autosome.ru/motif/ZN770_HUMAN.H11MO.0.C","pwm":[[0.226534,0.095951,0.528516,0.148999],[0.126555,0.024537,0.836616,0.0122922],[0.046979,0.0224966,0.928434,0.00209025],[0.940674,0.00617337,0.0429006,0.0102518],[0.0326962,5.2173e-05,0.957,0.0102518],[0.0286154,0.0122946,0.946798,0.0122922],[0.0408578,0.875384,0.0571834,0.026575],[0.124514,0.287749,0.044941,0.542796],[0.116353,0.0816682,0.781525,0.0204538],[0.640735,0.0714662,0.2449,0.0428982],[0.146959,0.0592238,0.763162,0.0306558],[0.191847,0.0898298,0.642778,0.0755446],[0.169403,0.402011,0.204092,0.224494],[0.328554,0.0714662,0.479546,0.120433],[0.106151,0.095951,0.755,0.0428982],[0.161241,0.0939106,0.712152,0.0326962],[0.648897,0.0469814,0.226537,0.077585],[0.0918678,0.044941,0.844778,0.0184134],[0.214292,0.100032,0.661142,0.0245346],[0.565241,0.189809,0.169405,0.0755446],[0.0898274,0.138799,0.255102,0.516271],[0.10207,0.495869,0.222456,0.179605]]},{"db":2,"id":"ZN816_HUMAN.H11MO.0.C","len":21,"ltrim":0,"rtrim":0,"nsites":430,"evalue":"1.0e+000","url":"http://hocomoco.autosome.ru/motif/ZN816_HUMAN.H11MO.0.C","pwm":[[0.558067,0.144212,0.181413,0.116309],[0.597592,0.130262,0.188388,0.0837583],[0.551091,0.130262,0.213963,0.104684],[0.376713,0.137237,0.31394,0.17211],[0.576667,0.120962,0.202338,0.100034],[0.590617,0.088411,0.211638,0.109334],[0.179085,0.0465603,0.523194,0.251161],[0.069808,0.00470953,0.911475,0.014007],[0.00935696,5.94513e-05,0.967276,0.0233072],[0.00703192,0.00238449,0.990527,5.68007e-05],[0.0209822,5.94513e-05,0.978902,5.68007e-05],[0.985874,0.00238449,0.00703457,0.00470688],[0.0930584,0.813824,0.0721357,0.0209822],[0.627818,0.158162,0.104686,0.109334],[0.0651579,0.0814359,0.176763,0.676644],[0.0512077,0.0279599,0.848699,0.0721331],[0.193035,0.453442,0.0837609,0.269762],[0.420889,0.179088,0.146537,0.253486],[0.202335,0.0488853,0.560394,0.188385],[0.113984,0.0744608,0.767323,0.0442326],[0.104684,0.0814359,0.739422,0.0744581]]},{"db":2,"id":"ZNF18_HUMAN.H11MO.0.C","len":12,"ltrim":0,"rtrim":3,"nsites":500,"evalue":"1.0e+000","url":"http://hocomoco.autosome.ru/motif/ZNF18_HUMAN.H11MO.0.C","pwm":[[0.29399,0.0140483,0.613928,0.0780333],[0.00404805,0.00804953,0.987854,4.88502e-05],[0.0180453,5.11298e-05,0.0100491,0.971854],[0.0220445,0.00604993,0.969857,0.00204845],[0.0560377,0.00205073,0.0880335,0.853878],[0.00604765,0.0140483,0.979855,4.88502e-05],[0.951858,0.0280455,0.00604993,0.0140461],[0.785892,0.0160479,0.130025,0.0680353],[0.0260437,0.583934,0.168018,0.222004],[0.249999,0.232005,0.0960319,0.421964],[0.0900309,0.267998,0.481955,0.160017],[0.208007,0.178016,0.411969,0.202008]]},{"db":2,"id":"ZSC22_HUMAN.H11MO.0.C","len":16,"ltrim":1,"rtrim":0,"nsites":476,"evalue":"1.0e+000","url":"http://hocomoco.autosome.ru/motif/ZSC22_HUMAN.H11MO.0.C","pwm":[[0.304609,0.100873,0.436937,0.157581],[0.189087,0.113475,0.642776,0.0546617],[0.134477,0.151282,0.262604,0.451637],[0.123975,0.632274,0.180688,0.0630633],[0.319312,0.180688,0.0924713,0.407529],[0.0609629,0.0084553,0.92633,0.00425211],[0.861215,0.0147565,0.100873,0.0231557],[0.136577,0.0630657,0.546157,0.2542],[0.0840673,0.00425451,0.903225,0.00845291],[0.0252561,0.0084553,0.957836,0.00845291],[0.541954,0.310913,0.0882705,0.0588625],[0.119774,0.0084553,0.859117,0.0126537],[0.0189549,0.00425451,0.957836,0.0189549],[0.714187,0.235298,0.0210577,0.0294569],[0.0651637,0.0063549,0.915828,0.0126537],[0.0693645,0.0483629,0.846515,0.0357581]]},{"db":2,"id":"ZSC31_HUMAN.H11MO.0.C","len":18,"ltrim":0,"rtrim":0,"nsites":407,"evalue":"1.0e+000","url":"http://hocomoco.autosome.ru/motif/ZSC31_HUMAN.H11MO.0.C","pwm":[[0.282546,0.0541036,0.520819,0.142531],[0.06147,0.0541036,0.621532,0.262895],[0.0884904,0.751721,0.0983188,0.06147],[0.651006,0.149903,0.0590164,0.140075],[0.0712956,0.0393652,0.859802,0.0295368],[0.0467316,0.894192,0.031996,0.0270804],[0.707503,0.0418216,0.194118,0.0565572],[0.024624,0.0148012,0.948233,0.012342],[0.049188,0.0270832,0.862259,0.06147],[0.105685,0.0221704,0.845064,0.0270804],[0.0516444,0.904018,0.031996,0.012342],[0.665744,0.135165,0.0909496,0.108142],[0.299741,0.093406,0.474148,0.132706],[0.0688392,0.0909496,0.253072,0.587139],[0.159726,0.11797,0.238334,0.483971],[0.673113,0.115514,0.154816,0.0565572],[0.115511,0.093406,0.26781,0.523273],[0.373433,0.105688,0.439758,0.0811212]]}],"sequence_names":["chr10:102106632-102107131","chr10:102242145-102242644","chr10:102757917-102758416","chr10:105110642-105111141","chr10:105155974-105156473","chr10:105227121-105227620","chr10:105253752-105254251","chr10:105350470-105350969","chr10:105372581-105373080","chr10:105375656-105376155","chr10:105381227-105381726","chr10:105397994-105398493","chr10:105417671-105418170","chr10:105423496-105423995","chr10:105436126-105436625","chr10:105466491-105466990","chr10:105475828-105476327","chr10:105487516-105488015","chr10:105507719-105508218","chr10:105572209-105572708","chr10:105615052-105615551","chr10:120528704-120529203","chr10:120938096-120938595","chr10:120949257-120949756","chr10:120969038-120969537","chr10:121233155-121233654","chr10:121251890-121252389","chr10:12887106-12887605","chr10:13141200-13141699","chr10:14816647-14817146","chr10:14920570-14921069","chr10:14931349-14931848","chr10:15001189-15001688","chr10:22885220-22885719","chr10:22890063-22890562","chr10:22934568-22935067","chr10:23105188-23105687","chr10:23135111-23135610","chr10:23627724-23628223","chr10:23662885-23663384","chr10:23701064-23701563","chr10:23814255-23814754","chr10:23832849-23833348","chr10:6245165-6245664","chr10:72218041-72218540","chr10:75758806-75759305","chr10:79470999-79471498","chr11:112034591-112035090","chr11:112090421-112090920","chr11:22897372-22897871","chr11:406774-407273","chr11:46368656-46369155","chr11:46402057-46402556","chr11:47475658-47476157","chr11:535980-536479","chr11:56884001-56884500","chr11:56947643-56948142","chr11:57085803-57086302","chr11:57122117-57122616","chr11:57135903-57136402","chr11:57200177-57200676","chr11:57414808-57415307","chr11:57424135-57424634","chr11:62366573-62367072","chr11:63677174-63677673","chr11:63767890-63768389","chr11:63920464-63920963","chr11:63997501-63998000","chr11:64036015-64036514","chr11:64109887-64110386","chr11:64158539-64159038","chr11:64252202-64252701","chr11:64412278-64412777","chr11:64416797-64417296","chr11:64480892-64481391","chr11:65341654-65342153","chr11:65344827-65345326","chr11:65600863-65601362","chr11:65629248-65629747","chr11:65695477-65695976","chr11:65779063-65779562","chr11:65835565-65836064","chr11:65880885-65881384","chr11:65990057-65990556","chr11:66139436-66139935","chr11:66276301-66276800","chr11:66360043-66360542","chr11:66496448-66496947","chr11:66824040-66824539","chr11:67176573-67177072","chr11:8247111-8247610","chr11:8279821-8280320","chr11:8353704-8354203","chr11:8463752-8464251","chr11:9155494-9155993","chr12:102273780-102274279","chr12:102576359-102576858","chr12:102874174-102874673","chr12:104234980-104235479","chr12:105093445-105093944","chr12:109744776-109745275","chr12:110010811-110011310","chr12:110213038-110213537","chr12:111298561-111299060","chr12:111882611-111883110","chr12:112450871-112451370","chr12:120540398-120540897","chr12:120548453-120548952","chr12:120562836-120563335","chr12:120633548-120634047","chr12:120635998-120636497","chr12:120658406-120658905","chr12:120663684-120664183","chr12:120675654-120676153","chr12:120703325-120703824","chr12:120727151-120727650","chr12:120794360-120794859","chr12:120804909-120805408","chr12:120875752-120876251","chr12:120972746-120973245","chr12:121016381-121016880","chr12:121018952-121019451","chr12:121036901-121037400","chr12:121084724-121085223","chr12:123465947-123466446","chr12:123635391-123635890","chr12:123752542-123753041","chr12:123849141-123849640","chr12:123905752-123906251","chr12:124016569-124017068","chr12:124204056-124204555","chr12:25102144-25102643","chr12:25207634-25208133","chr12:25538376-25538875","chr12:25843989-25844488","chr12:49453308-49453807","chr12:49504434-49504933","chr12:49716770-49717269","chr12:49736218-49736717","chr12:49999173-49999672","chr12:50030644-50031143","chr12:53600842-53601341","chr12:56095217-56095716","chr12:56139750-56140249","chr12:56239093-56239592","chr12:56240770-56241269","chr12:56241599-56242098","chr12:56323124-56323623","chr12:56478831-56479330","chr12:56498894-56499393","chr12:56551696-56552195","chr12:56709594-56710093","chr12:56727588-56728087","chr12:56995202-56995701","chr12:6539624-6540123","chr12:6644199-6644698","chr12:6723019-6723518","chr12:7022660-7023159","chr12:7060190-7060689","chr12:93643347-93643846","chr12:93784273-93784772","chr12:93799002-93799501","chr12:94166750-94167249","chr13:108807852-108808351","chr13:108988143-108988642","chr13:114145061-114145560","chr13:114312252-114312751","chr13:114565928-114566427","chr13:48451300-48451799","chr13:48617907-48618406","chr13:48732515-48733014","chr13:48801676-48802175","chr13:48815129-48815628","chr13:48826381-48826880","chr13:49116812-49117311","chr13:49280702-49281201","chr13:49821798-49822297","chr13:50069497-50069996","chr13:50698293-50698792","chr14:101183664-101184163","chr14:102342818-102343317","chr14:102783465-102783964","chr14:24457762-24458261","chr14:24505426-24505925","chr14:24548929-24549428","chr14:24601474-24601973","chr14:24615643-24616142","chr14:24898243-24898742","chr14:24905673-24906172","chr14:25045217-25045716","chr14:35810751-35811250","chr14:50050542-50051041","chr14:50334884-50335383","chr14:50346356-50346855","chr14:50438974-50439473","chr14:50439508-50440007","chr14:50465830-50466329","chr14:50469873-50470372","chr14:50507099-50507598","chr14:73930099-73930598","chr14:74037639-74038138","chr14:74079040-74079539","chr14:74179163-74179662","chr14:74192437-74192936","chr14:74207416-74207915","chr14:74238437-74238936","chr14:74240800-74241299","chr14:74353071-74353570","chr14:74741841-74742340","chr14:74892556-74893055","chr14:75079057-75079556","chr14:75342463-75342962","chr14:75348345-75348844",