<!DOCTYPE HTML>
<html>
  <head>
    <meta charset="UTF-8">
    <title>SpaMo - Spaced Motif Analysis</title>
    <script type="text/javascript">
      //@JSON_VAR data
      var data = {"program":"SpaMo","version":"4.11.3","revision":"c13e15f35e38483381a6e8a363f9137e303c0765","release":"Sat Mar 11 20:16:08 2017 -0800","host":"uger-r7-c001.broadinstitute.org","when":"Sat Feb 27 04:40:34 2021","cmd":["spamo","-verbosity","1","-oc","/broad/sankaranlab/fyu/HemeMap/02262021-downMast_re-analysis/motif_denovo/down_mast0035_interactions_10x_hocomoco_meme-chip/spamo_out_8","-bgfile","/broad/sankaranlab/fyu/HemeMap/02262021-downMast_re-analysis/motif_denovo/down_mast0035_interactions_10x_hocomoco_meme-chip/background","-primary","CNCMGCC","/broad/sankaranlab/fyu/HemeMap/02262021-downMast_re-analysis/motif_denovo/down_mast0035_interactions_10x_hocomoco_meme-chip/20210227-deg_interactions_peaks_down_mast0035_fa_1based.fa","/broad/sankaranlab/fyu/HemeMap/02262021-downMast_re-analysis/motif_denovo/down_mast0035_interactions_10x_hocomoco_meme-chip/dreme_out/dreme.xml","/broad/sankaranlab/fyu/HemeMap/02262021-downMast_re-analysis/motif_denovo/down_mast0035_interactions_10x_hocomoco_meme-chip/meme_out/meme.xml","/broad/sankaranlab/fyu/HemeMap/02262021-downMast_re-analysis/motif_denovo/down_mast0035_interactions_10x_hocomoco_meme-chip/dreme_out/dreme.xml","/broad/sankaranlab/fyu/motif_data/HOCOMOCOv11_core_HUMAN_mono_meme_format.meme"],"options":{"seq_min_hit_score":7,"margin":150,"bin_size":1,"bin_pvalue_calc_range":150,"use_best_secondary":0,"seq_max_shared_fract":0.5,"seq_odds_ratio":20,"bin_pvalue_cutoff":0.05,"motif_evalue_cutoff":10,"redundant_overlap":2,"redundant_joint":0.5,"motif_pseudocount":0.1,"bgfile":"/broad/sankaranlab/fyu/HemeMap/02262021-downMast_re-analysis/motif_denovo/down_mast0035_interactions_10x_hocomoco_meme-chip/background","motif_trim":0.25,"xalph":0,"seed":1,"bin_max":53},"alphabet":{"name":"DNA","like":"dna","ncore":4,"symbols":[{"symbol":"A","name":"Adenine","colour":"CC0000","complement":"T"},{"symbol":"C","name":"Cytosine","colour":"0000CC","complement":"G"},{"symbol":"G","name":"Guanine","colour":"FFB300","complement":"C"},{"symbol":"T","aliases":"U","name":"Thymine","colour":"008000","complement":"A"},{"symbol":"N","aliases":"X.","name":"Any base","equals":"ACGT"},{"symbol":"V","name":"Not T","equals":"ACG"},{"symbol":"H","name":"Not G","equals":"ACT"},{"symbol":"D","name":"Not C","equals":"AGT"},{"symbol":"B","name":"Not A","equals":"CGT"},{"symbol":"M","name":"Amino","equals":"AC"},{"symbol":"R","name":"Purine","equals":"AG"},{"symbol":"W","name":"Weak","equals":"AT"},{"symbol":"S","name":"Strong","equals":"CG"},{"symbol":"Y","name":"Pyrimidine","equals":"CT"},{"symbol":"K","name":"Keto","equals":"GT"}]},"background":[0.252,0.248,0.248,0.252],"sequence_dbs":[{"source":"/broad/sankaranlab/fyu/HemeMap/02262021-downMast_re-analysis/motif_denovo/down_mast0035_interactions_10x_hocomoco_meme-chip/20210227-deg_interactions_peaks_down_mast0035_fa_1based.fa","name":"20210227-deg_interactions_peaks_down_mast0035_fa_1based","last_modified":"Sat Feb 27 03:25:29 2021","loaded":6605,"excluded_too_short":0,"excluded_no_match":4165,"excluded_ambigs":0,"excluded_similar":42,"erased_primary_matches":3608}],"primary_dbs":[{"source":"/broad/sankaranlab/fyu/HemeMap/02262021-downMast_re-analysis/motif_denovo/down_mast0035_interactions_10x_hocomoco_meme-chip/dreme_out/dreme.xml","name":"dreme.xml","last_modified":"Sat Feb 27 04:25:46 2021","loaded":9,"excluded":8}],"secondary_dbs":[{"source":"/broad/sankaranlab/fyu/HemeMap/02262021-downMast_re-analysis/motif_denovo/down_mast0035_interactions_10x_hocomoco_meme-chip/meme_out/meme.xml","name":"meme.xml","last_modified":"Sat Feb 27 04:16:29 2021","loaded":10,"excluded":0},{"source":"/broad/sankaranlab/fyu/HemeMap/02262021-downMast_re-analysis/motif_denovo/down_mast0035_interactions_10x_hocomoco_meme-chip/dreme_out/dreme.xml","name":"dreme.xml","last_modified":"Sat Feb 27 04:25:46 2021","loaded":10,"excluded":1},{"source":"/broad/sankaranlab/fyu/motif_data/HOCOMOCOv11_core_HUMAN_mono_meme_format.meme","name":"HOCOMOCOv11_core_HUMAN_mono_meme_format","last_modified":"Sat Jun 23 07:43:00 2018","loaded":401,"excluded":0}],"secondary_motifs":[{"db":0,"id":"1","alt":"MEME","len":15,"ltrim":0,"rtrim":0,"nsites":119,"evalue":"2.9e-055","pwm":[[0.109364,0.033793,0.000208228,0.856635],[0.000211587,0.000208228,0.218512,0.781068],[0.0673821,0.26889,0.000208228,0.66352],[0.218515,0.310871,0.00860417,0.462009],[0.310875,0.117756,0.0253971,0.545971],[0.100967,0.0925676,0.100964,0.705501],[0.000211587,0.000208228,0.252098,0.747483],[0.0337964,0.0253971,0.000208228,0.940597],[0.226912,0.168134,0.000208228,0.604746],[0.00860753,0.33606,0.0170011,0.63833],[0.193326,0.0253971,0.000208228,0.781068],[0.134553,0.327664,0.243701,0.294083],[0.000211587,0.151342,0.000208228,0.848238],[0.0505893,0.151342,0.000208228,0.79786],[0.285686,0.033793,0.000208228,0.680312]]},{"db":0,"id":"2","alt":"MEME","len":30,"ltrim":0,"rtrim":0,"nsites":118,"evalue":"2.6e-061","pwm":[[0.000213378,0.728407,0.271166,0.000213378],[0.101822,0.508254,0.389711,0.000213378],[0.017148,0.42358,0.330438,0.228834],[0.0933544,0.626798,0.19496,0.0848876],[0.101822,0.338906,0.364308,0.194963],[0.0933544,0.787679,0.118754,0.000213378],[0.2373,0.389711,0.161091,0.211898],[0.000213378,0.499787,0.448983,0.0510173],[0.101822,0.609862,0.135688,0.152626],[0.000213378,0.609862,0.271166,0.118757],[0.152626,0.0679496,0.508254,0.27117],[0.000213378,0.592928,0.211895,0.194963],[0.0848876,0.711471,0.0425471,0.161094],[0.118757,0.474384,0.254232,0.152626],[0.000213378,0.601396,0.237297,0.161094],[0.000213378,0.601396,0.305037,0.0933544],[0.152626,0.347374,0.321971,0.178029],[0.110289,0.499787,0.220362,0.169562],[0.067953,0.81308,0.0933511,0.0256159],[0.144159,0.2627,0.22883,0.364312],[0.0510173,0.677602,0.203428,0.067953],[0.118757,0.592928,0.0256125,0.262703],[0.0848876,0.474384,0.288102,0.152626],[0.110289,0.415112,0.279634,0.194963],[0.118757,0.465917,0.347374,0.067953],[0.152626,0.406646,0.42358,0.017148],[0.178029,0.542124,0.161091,0.118757],[0.0594851,0.465917,0.220362,0.254235],[0.0510173,0.491319,0.432047,0.0256159],[0.0425505,0.703004,0.0594818,0.194963]]},{"db":0,"id":"4","alt":"MEME","len":27,"ltrim":0,"rtrim":0,"nsites":11,"evalue":"3.9e-028","pwm":[[0.993261,0.00223423,0.00223423,0.00227027],[0.00227027,0.632865,0.362594,0.00227027],[0.36263,0.00223423,0.00223423,0.632901],[0.00227027,0.813045,0.0923242,0.0923603],[0.00227027,0.813045,0.00223423,0.18245],[0.993261,0.00223423,0.00223423,0.00227027],[0.00227027,0.00223423,0.993225,0.00227027],[0.00227027,0.903135,0.0923242,0.00227027],[0.00227027,0.813045,0.00223423,0.18245],[0.00227027,0.0923242,0.00223423,0.903171],[0.27254,0.00223423,0.632865,0.0923603],[0.0923603,0.00223423,0.813045,0.0923603],[0.00227027,0.182414,0.813045,0.00227027],[0.00227027,0.632865,0.00223423,0.36263],[0.632901,0.00223423,0.362594,0.00227027],[0.903171,0.00223423,0.0923242,0.00227027],[0.00227027,0.903135,0.00223423,0.0923603],[0.903171,0.0923242,0.00223423,0.00227027],[0.0923603,0.00223423,0.632865,0.27254],[0.632901,0.00223423,0.362594,0.00227027],[0.00227027,0.00223423,0.993225,0.00227027],[0.0923603,0.182414,0.0923242,0.632901],[0.0923603,0.00223423,0.903135,0.00227027],[0.903171,0.00223423,0.0923242,0.00227027],[0.18245,0.00223423,0.813045,0.00227027],[0.993261,0.00223423,0.00223423,0.00227027],[0.00227027,0.813045,0.00223423,0.18245]]},{"db":0,"id":"5","alt":"MEME","len":30,"ltrim":0,"rtrim":0,"nsites":9,"evalue":"1.6e-013","pwm":[[0.00276923,0.00272527,0.991736,0.00276923],[0.00276923,0.771956,0.00272527,0.222549],[0.00276923,0.00272527,0.00272527,0.99178],[0.00276923,0.112615,0.771956,0.112659],[0.112659,0.00272527,0.881846,0.00276923],[0.112659,0.00272527,0.881846,0.00276923],[0.88189,0.00272527,0.112615,0.00276923],[0.00276923,0.552176,0.00272527,0.442329],[0.00276923,0.112615,0.112615,0.772],[0.88189,0.112615,0.00272527,0.00276923],[0.112659,0.771956,0.00272527,0.112659],[0.88189,0.00272527,0.112615,0.00276923],[0.112659,0.00272527,0.881846,0.00276923],[0.112659,0.00272527,0.881846,0.00276923],[0.00276923,0.771956,0.00272527,0.222549],[0.112659,0.00272527,0.881846,0.00276923],[0.00276923,0.442285,0.00272527,0.55222],[0.112659,0.112615,0.662066,0.112659],[0.332439,0.222505,0.00272527,0.442329],[0.222549,0.00272527,0.771956,0.00276923],[0.00276923,0.991736,0.00272527,0.00276923],[0.00276923,0.881846,0.112615,0.00276923],[0.88189,0.00272527,0.112615,0.00276923],[0.00276923,0.881846,0.112615,0.00276923],[0.00276923,0.771956,0.00272527,0.222549],[0.442329,0.112615,0.442285,0.00276923],[0.112659,0.771956,0.00272527,0.112659],[0.442329,0.332395,0.222505,0.00276923],[0.00276923,0.771956,0.112615,0.112659],[0.332439,0.662066,0.00272527,0.00276923]]},{"db":0,"id":"6","alt":"MEME","len":30,"ltrim":0,"rtrim":0,"nsites":5,"evalue":"1.2e-007","pwm":[[0.20102,0.00486275,0.789176,0.00494118],[0.00494118,0.985255,0.00486275,0.00494118],[0.985333,0.00486275,0.00486275,0.00494118],[0.789255,0.00486275,0.200941,0.00494118],[0.00494118,0.00486275,0.00486275,0.985333],[0.00494118,0.00486275,0.985255,0.00494118],[0.20102,0.00486275,0.789176,0.00494118],[0.00494118,0.789176,0.200941,0.00494118],[0.593176,0.00486275,0.39702,0.00494118],[0.00494118,0.593098,0.00486275,0.397098],[0.20102,0.00486275,0.593098,0.20102],[0.985333,0.00486275,0.00486275,0.00494118],[0.00494118,0.00486275,0.00486275,0.985333],[0.20102,0.789176,0.00486275,0.00494118],[0.20102,0.00486275,0.00486275,0.789255],[0.00494118,0.985255,0.00486275,0.00494118],[0.789255,0.00486275,0.200941,0.00494118],[0.00494118,0.00486275,0.985255,0.00494118],[0.00494118,0.789176,0.00486275,0.20102],[0.00494118,0.00486275,0.00486275,0.985333],[0.00494118,0.985255,0.00486275,0.00494118],[0.985333,0.00486275,0.00486275,0.00494118],[0.00494118,0.985255,0.00486275,0.00494118],[0.00494118,0.00486275,0.00486275,0.985333],[0.00494118,0.00486275,0.985255,0.00494118],[0.20102,0.789176,0.00486275,0.00494118],[0.985333,0.00486275,0.00486275,0.00494118],[0.789255,0.00486275,0.200941,0.00494118],[0.00494118,0.985255,0.00486275,0.00494118],[0.00494118,0.985255,0.00486275,0.00494118]]},{"db":1,"id":"GTGRC","alt":"DREME","len":5,"ltrim":0,"rtrim":0,"nsites":2897,"evalue":"1.5e-009","pwm":[[8.69835e-06,8.56028e-06,0.999974,8.69835e-06],[8.69835e-06,8.56028e-06,8.56028e-06,0.999974],[8.69835e-06,8.56028e-06,0.999974,8.69835e-06],[0.409384,8.56028e-06,0.590599,8.69835e-06],[8.69835e-06,0.999974,8.56028e-06,8.69835e-06]]},{"db":2,"id":"ALX1_HUMAN.H11MO.0.B","len":12,"ltrim":1,"rtrim":0,"nsites":31,"evalue":"1.0e+000","url":"http://hocomoco.autosome.ru/motif/ALX1_HUMAN.H11MO.0.B","pwm":[[0.436238,0.2092,0.273051,0.0815108],[0.0646613,0.0965739,0.000797428,0.837967],[0.770569,0.0327229,0.100121,0.0965867],[0.866346,0.0646484,0.000797428,0.0682085],[0.000810289,0.0965739,0.000797428,0.901818],[0.0327358,0.227823,0.128499,0.610942],[0.48324,0.000797428,0.515152,0.000810289],[0.355538,0.256201,0.355525,0.0327358],[0.774116,0.000797428,0.128499,0.0965867],[0.100134,0.000797428,0.0327229,0.866346],[0.0646613,0.0327229,0.0327229,0.869893],[0.827326,0.0575538,0.0575538,0.0575667]]},{"db":2,"id":"ARI5B_HUMAN.H11MO.0.C","len":13,"ltrim":2,"rtrim":1,"nsites":15,"evalue":"1.0e+000","url":"http://hocomoco.autosome.ru/motif/ARI5B_HUMAN.H11MO.0.C","pwm":[[0.216901,0.0844238,0.349325,0.349351],[0.134119,0.266543,0.398993,0.200344],[0.00166887,0.266543,0.200318,0.53147],[0.00166887,0.134093,0.332768,0.53147],[0.332795,0.0678675,0.332768,0.26657],[0.200344,0.0678675,0.663894,0.067894],[0.00166887,0.00164238,0.00164238,0.995046],[0.862596,0.00164238,0.134093,0.00166887],[0.00166887,0.134093,0.00164238,0.862596],[0.00166887,0.0678675,0.0678675,0.862596],[0.134119,0.266543,0.531444,0.067894],[0.134119,0.0678675,0.266543,0.53147],[0.250013,0.117536,0.448662,0.183788]]},{"db":2,"id":"ATF3_HUMAN.H11MO.0.A","len":11,"ltrim":0,"rtrim":1,"nsites":500,"evalue":"1.0e+000","url":"http://hocomoco.autosome.ru/motif/ATF3_HUMAN.H11MO.0.A","pwm":[[0.222006,0.0900316,0.579934,0.108029],[0.255999,0.028044,0.709908,0.00604919],[0.0180468,0.0420412,0.00804799,0.931864],[0.0100484,0.477954,0.507948,0.00404959],[0.939862,0.0240448,0.00404879,0.032044],[0.00204999,0.813887,0.0420412,0.142022],[0.0380428,0.018046,0.925864,0.0180468],[0.0280448,0.224005,0.00804799,0.739902],[0.265997,0.164017,0.535942,0.0340436],[0.575935,0.104029,0.251999,0.0680368],[0.0940316,0.29599,0.275994,0.333984]]},{"db":2,"id":"CRX_HUMAN.H11MO.0.B","len":13,"ltrim":1,"rtrim":1,"nsites":500,"evalue":"1.0e+000","url":"http://hocomoco.autosome.ru/motif/CRX_HUMAN.H11MO.0.B","pwm":[[0.248001,0.164017,0.152019,0.435963],[0.533944,0.104029,0.261997,0.10003],[0.573936,0.0460404,0.275994,0.10403],[0.172016,0.0920312,0.565936,0.170016],[0.497951,0.164017,0.261997,0.0760352],[0.192012,0.00604839,0.775894,0.0260452],[0.032044,0.0100476,0.935862,0.022046],[0.763898,0.218006,0.0160464,0.00204999],[5.03899e-05,4.95901e-05,4.95901e-05,0.99985],[0.022046,0.058038,0.0240448,0.895871],[0.879874,0.00404879,0.0340428,0.082034],[0.269996,0.0660364,0.525944,0.138023],[0.234004,0.323985,0.343981,0.0980308]]},{"db":2,"id":"DLX3_HUMAN.H11MO.0.C","len":10,"ltrim":0,"rtrim":1,"nsites":34,"evalue":"1.0e+000","url":"http://hocomoco.autosome.ru/motif/DLX3_HUMAN.H11MO.0.C","pwm":[[0.173313,0.128547,0.659091,0.0390497],[0.412029,0.403803,0.183429,0.000739003],[0.000739003,0.0231044,0.000727273,0.975429],[0.975429,0.000727273,0.0231044,0.000739003],[0.997806,0.000727273,0.000727273,0.000739003],[0.000739003,0.000727273,0.000727273,0.997806],[0.000739003,0.000727273,0.0454816,0.953052],[0.541475,0.000727273,0.363866,0.0939321],[0.161063,0.515689,0.277754,0.0454933],[0.445523,0.154608,0.102772,0.297097]]},{"db":2,"id":"E2F1_HUMAN.H11MO.0.A","len":14,"ltrim":4,"rtrim":2,"nsites":500,"evalue":"1.0e+000","url":"http://hocomoco.autosome.ru/motif/E2F1_HUMAN.H11MO.0.A","pwm":[[0.327985,0.160018,0.377974,0.134024],[0.236003,0.20001,0.451959,0.112028],[0.271996,0.210008,0.289992,0.228005],[0.190012,0.102029,0.465956,0.242002],[0.082034,0.20001,0.703909,0.0140476],[0.0180468,0.00604839,0.965856,0.0100484],[0.0560392,0.921865,0.00404879,0.0180468],[0.0160472,0.00804799,0.957858,0.0180468],[0.022046,0.0820332,0.889872,0.00604919],[0.0680368,0.0340428,0.889872,0.00804879],[0.855879,0.0200456,0.0900316,0.0340436],[0.65392,0.0640368,0.271995,0.0100484],[0.39997,0.140022,0.365976,0.0940316],[0.271996,0.164017,0.39597,0.168017]]},{"db":2,"id":"E2F3_HUMAN.H11MO.0.A","len":11,"ltrim":2,"rtrim":0,"nsites":500,"evalue":"1.0e+000","url":"http://hocomoco.autosome.ru/motif/E2F3_HUMAN.H11MO.0.A","pwm":[[0.375975,0.140022,0.208008,0.275995],[0.261998,0.0460404,0.409968,0.281994],[0.126025,0.124025,0.675914,0.0740356],[0.0340436,0.00604839,0.955858,0.00404959],[0.124026,0.769896,0.0200456,0.0860332],[0.15202,0.00404879,0.683913,0.160018],[0.0960312,0.0200456,0.867876,0.0160472],[0.0180468,0.0100476,0.957858,0.0140476],[0.833884,0.038042,0.118026,0.0100484],[0.711908,0.0620372,0.20001,0.0260452],[0.533944,0.110028,0.25,0.106029]]},{"db":2,"id":"E2F4_HUMAN.H11MO.0.A","len":13,"ltrim":0,"rtrim":2,"nsites":500,"evalue":"1.0e+000","url":"http://hocomoco.autosome.ru/motif/E2F4_HUMAN.H11MO.0.A","pwm":[[0.146021,0.257998,0.505948,0.0900324],[0.277995,0.0960304,0.461957,0.164018],[0.244002,0.10003,0.525944,0.130024],[0.10003,0.188012,0.69591,0.0160472],[0.00404959,0.0360424,0.957858,0.00204999],[0.012048,0.973855,4.95901e-05,0.0140476],[0.0360432,0.00204919,0.94586,0.0160472],[0.00404959,0.038042,0.94986,0.00804879],[0.0900324,0.0140468,0.893871,0.00204999],[0.715907,0.0220452,0.25,0.012048],[0.535943,0.20001,0.222005,0.042042],[0.381974,0.188012,0.281993,0.148021],[0.254,0.114027,0.305988,0.325985]]},{"db":2,"id":"E2F6_HUMAN.H11MO.0.A","len":13,"ltrim":1,"rtrim":2,"nsites":500,"evalue":"1.0e+000","url":"http://hocomoco.autosome.ru/motif/E2F6_HUMAN.H11MO.0.A","pwm":[[0.337983,0.14802,0.341981,0.172016],[0.261998,0.0340428,0.555938,0.148021],[0.15402,0.126024,0.69991,0.0200464],[0.0100484,0.0160464,0.963857,0.0100484],[0.214008,0.707908,0.0120472,0.0660372],[0.0400424,0.018046,0.893871,0.0480408],[0.0240456,0.04804,0.89587,0.032044],[0.072036,0.0440408,0.871875,0.012048],[0.941862,0.0320432,0.0140468,0.012048],[0.511948,0.0360424,0.435962,0.0160472],[0.383974,0.108028,0.437962,0.0700364],[0.277995,0.218006,0.377974,0.126025],[0.275995,0.162017,0.425964,0.136023]]},{"db":2,"id":"E2F7_HUMAN.H11MO.0.B","len":13,"ltrim":0,"rtrim":3,"nsites":500,"evalue":"1.0e+000","url":"http://hocomoco.autosome.ru/motif/E2F7_HUMAN.H11MO.0.B","pwm":[[0.196011,0.14802,0.529944,0.126025],[0.337983,0.0320432,0.415966,0.214008],[0.142022,0.0820332,0.771895,0.00404959],[0.0440416,0.00404879,0.941861,0.0100484],[0.0840336,0.853879,0.00404879,0.0580388],[0.140022,0.0160464,0.813887,0.0300444],[0.022046,0.0120472,0.957858,0.00804879],[0.20401,0.00604839,0.775894,0.0140476],[0.713908,0.00404879,0.275994,0.00604919],[0.60393,0.138022,0.240002,0.0180468],[0.427965,0.192011,0.224005,0.156019],[0.343982,0.0860324,0.355978,0.214008],[0.259998,0.152019,0.485952,0.10203]]},{"db":2,"id":"EGR1_HUMAN.H11MO.0.A","len":17,"ltrim":4,"rtrim":1,"nsites":500,"evalue":"1.0e+000","url":"http://hocomoco.autosome.ru/motif/EGR1_HUMAN.H11MO.0.A","pwm":[[0.232004,0.248,0.409968,0.110028],[0.319986,0.128024,0.317986,0.234004],[0.277995,0.180014,0.459958,0.082034],[0.236003,0.112027,0.353979,0.297991],[0.112028,0.0300436,0.807888,0.0500404],[0.236003,0.505948,0.0460404,0.212008],[0.0560392,0.0340428,0.869876,0.0400424],[0.032044,0.00404879,0.409968,0.55394],[0.092032,0.00204919,0.891871,0.0140476],[0.0160472,0.00404879,0.957858,0.022046],[0.0240456,0.0320432,0.929864,0.0140476],[0.220006,0.475954,0.00404879,0.29999],[0.0880328,0.0100476,0.841881,0.0600384],[0.110028,0.0220452,0.69591,0.172016],[0.337983,0.128024,0.405968,0.128025],[0.311988,0.0820332,0.455958,0.15002],[0.263998,0.182013,0.435962,0.118027]]},{"db":2,"id":"EGR2_HUMAN.H11MO.0.A","len":18,"ltrim":0,"rtrim":0,"nsites":500,"evalue":"1.0e+000","url":"http://hocomoco.autosome.ru/motif/EGR2_HUMAN.H11MO.0.A","pwm":[[0.216007,0.0740348,0.611927,0.0980308],[0.293992,0.0960304,0.411967,0.198011],[0.228005,0.0740348,0.621925,0.0760352],[0.254,0.068036,0.501949,0.176015],[0.319986,0.104029,0.505948,0.0700364],[0.15002,0.104029,0.44996,0.295991],[0.0760352,0.102029,0.765896,0.0560392],[0.369976,0.190012,0.0440408,0.395971],[0.0340436,0.0220452,0.929864,0.0140476],[0.0400424,0.0120472,0.461957,0.485953],[0.182014,0.00604839,0.793891,0.0180468],[0.0360432,0.0140468,0.889872,0.0600384],[0.0240456,0.0400416,0.915866,0.0200464],[0.34998,0.281993,0.0220452,0.345981],[0.0580388,0.00604839,0.873875,0.062038],[0.0760352,0.0340428,0.781893,0.108029],[0.341982,0.0740348,0.501949,0.082034],[0.254,0.04804,0.561937,0.136023]]},{"db":2,"id":"FEV_HUMAN.H11MO.0.B","len":10,"ltrim":0,"rtrim":0,"nsites":498,"evalue":"1.0e+000","url":"http://hocomoco.autosome.ru/motif/FEV_HUMAN.H11MO.0.B","pwm":[[0.224905,0.204828,0.520026,0.0502413],[0.255019,0.530064,0.134561,0.0803558],[0.281119,0.32127,0.3554,0.0422108],[0.317256,0.0120956,0.658552,0.0120964],[0.0321727,0.00607268,0.947651,0.014104],[0.967728,0.0221337,0.00406505,0.00607348],[0.672606,0.058271,0.251003,0.0181193],[0.18676,0.132553,0.602338,0.0783481],[0.154638,0.387522,0.0883855,0.369454],[0.0723252,0.230927,0.58427,0.112478]]},{"db":2,"id":"FOSB_HUMAN.H11MO.0.A","len":9,"ltrim":1,"rtrim":1,"nsites":500,"evalue":"1.0e+000","url":"http://hocomoco.autosome.ru/motif/FOSB_HUMAN.H11MO.0.A","pwm":[[0.413968,0.206008,0.291991,0.0880328],[0.0100484,0.0120472,0.00204919,0.975855],[0.012048,0.0140468,0.917866,0.0560392],[0.895871,0.0120472,0.018046,0.0740356],[0.20401,4.95901e-05,0.79589,5.03899e-05],[0.0180468,0.0300436,0.106028,0.845881],[0.0540396,0.903869,0.028044,0.0140476],[0.965857,0.0100476,0.00604839,0.0180468],[0.072036,0.329984,0.230004,0.367977]]},{"db":2,"id":"FOS_HUMAN.H11MO.0.A","len":9,"ltrim":1,"rtrim":0,"nsites":500,"evalue":"1.0e+000","url":"http://hocomoco.autosome.ru/motif/FOS_HUMAN.H11MO.0.A","pwm":[[0.345981,0.216006,0.359978,0.0780348],[0.0100484,0.018046,0.0100476,0.961858],[0.0160472,0.0340428,0.859878,0.0900324],[0.935863,0.00804799,0.028044,0.0280448],[0.116027,4.95901e-05,0.883873,5.03899e-05],[0.022046,0.0260444,0.0240448,0.927865],[0.042042,0.933863,0.0240448,5.03899e-05],[0.959858,0.0160464,0.0120472,0.012048],[0.0280448,0.417966,0.263997,0.289992]]},{"db":2,"id":"FOXJ3_HUMAN.H11MO.0.A","len":13,"ltrim":1,"rtrim":0,"nsites":626,"evalue":"1.0e+000","url":"http://hocomoco.autosome.ru/motif/FOXJ3_HUMAN.H11MO.0.A","pwm":[[0.194105,0.146487,0.164703,0.494704],[4.02492e-05,3.96103e-05,3.96103e-05,0.999881],[0.0829621,3.96103e-05,0.914274,0.00272437],[0.0011139,3.96103e-05,3.96103e-05,0.998807],[4.02492e-05,3.96103e-05,3.96103e-05,0.999881],[0.00887305,3.96103e-05,0.175704,0.815383],[0.818151,3.96103e-05,0.0369607,0.144848],[4.02492e-05,0.0711409,3.96103e-05,0.928779],[0.113304,3.96103e-05,0.430181,0.456475],[0.0440549,3.96103e-05,0.325667,0.630239],[0.0528135,3.96103e-05,0.0291564,0.917991],[0.00590496,0.0101735,0.0168445,0.967077],[0.358504,0.0704072,0.138475,0.432614]]},{"db":2,"id":"FOXP1_HUMAN.H11MO.0.A","len":9,"ltrim":0,"rtrim":0,"nsites":295,"evalue":"1.0e+000","url":"http://hocomoco.autosome.ru/motif/FOXP1_HUMAN.H11MO.0.A","pwm":[[0.057693,0.13902,0.176295,0.626992],[0.0136401,0.281345,0.311843,0.393172],[0.00686276,0.0204161,0.0305822,0.942139],[0.0204175,0.0407482,0.840477,0.0983572],[8.53948e-05,0.0170274,0.0576916,0.925196],[0.00686276,0.0949671,0.0407482,0.857422],[0.0102514,0.0136388,0.0814124,0.894697],[0.525331,0.34573,0.0373595,0.0915798],[0.0170288,0.484666,0.0102501,0.488056]]},{"db":2,"id":"GFI1_HUMAN.H11MO.0.C","len":10,"ltrim":0,"rtrim":0,"nsites":150,"evalue":"1.0e+000","url":"http://hocomoco.autosome.ru/motif/GFI1_HUMAN.H11MO.0.C","pwm":[[0.291443,0.0696335,0.587353,0.0515707],[0.0778653,0.684265,0.139391,0.0984793],[0.405083,0.100479,0.07576,0.418679],[0.0521483,0.285489,0.562923,0.0994397],[0.239217,0.0171321,0.0800785,0.663572],[0.000167888,0.000165223,0.999499,0.000167888],[0.999502,0.000165223,0.000165223,0.000167888],[0.000167888,0.000165223,0.000165223,0.999502],[0.000167888,0.000165223,0.000165223,0.999502],[0.103601,0.118149,0.190862,0.587387]]},{"db":2,"id":"HIF1A_HUMAN.H11MO.0.C","len":8,"ltrim":0,"rtrim":0,"nsites":500,"evalue":"1.0e+000","url":"http://hocomoco.autosome.ru/motif/HIF1A_HUMAN.H11MO.0.C","pwm":[[0.212008,0.164017,0.527944,0.0960312],[0.234004,0.0500396,0.417966,0.297991],[0.825885,0.0120472,0.156018,0.00604919],[0.134024,0.801889,0.0100476,0.0540396],[0.0280448,0.00204919,0.969856,5.03899e-05],[0.00804879,0.00804799,4.95901e-05,0.983854],[5.03899e-05,0.00404879,0.993851,0.00204999],[0.285993,0.521945,0.0860324,0.106029]]},{"db":2,"id":"IRF3_HUMAN.H11MO.0.B","len":20,"ltrim":0,"rtrim":0,"nsites":500,"evalue":"1.0e+000","url":"http://hocomoco.autosome.ru/motif/IRF3_HUMAN.H11MO.0.B","pwm":[[0.29999,0.078034,0.513947,0.108029],[0.60393,0.0440408,0.29999,0.05204],[0.677915,0.0660364,0.214007,0.042042],[0.719906,0.0740348,0.110028,0.0960312],[0.305989,0.108028,0.455958,0.130024],[0.224006,0.0540388,0.557938,0.164018],[0.20201,0.0540388,0.731903,0.012048],[0.819886,0.018046,0.14802,0.0140476],[0.815887,0.0360424,0.126024,0.022046],[0.89987,0.0160464,0.0300436,0.0540396],[0.224006,0.261997,0.44596,0.0680368],[0.291992,0.088032,0.401969,0.218007],[0.20001,0.00604839,0.783893,0.0100484],[0.673916,0.0240448,0.289992,0.012048],[0.879874,0.0360424,0.0720352,0.012048],[0.941862,0.00404879,0.0400416,0.0140476],[0.0960312,0.313987,0.54794,0.042042],[0.265997,0.142021,0.273995,0.317987],[0.228005,0.122025,0.585932,0.0640376],[0.681914,0.0700356,0.178014,0.0700364]]},{"db":2,"id":"ISL1_HUMAN.H11MO.0.A","len":9,"ltrim":1,"rtrim":1,"nsites":500,"evalue":"1.0e+000","url":"http://hocomoco.autosome.ru/motif/ISL1_HUMAN.H11MO.0.A","pwm":[[0.184014,0.307988,0.363977,0.144022],[0.0460412,0.657918,0.04804,0.248001],[0.285993,0.0560384,0.0120472,0.645921],[0.711908,0.058038,0.224005,0.00604919],[0.977855,0.0120472,0.0100476,5.03899e-05],[0.0160472,0.00604839,0.309988,0.667917],[0.0500404,4.95901e-05,0.619926,0.329984],[0.164018,0.0400416,0.763897,0.032044],[0.339982,0.293991,0.29599,0.0700364]]},{"db":2,"id":"ITF2_HUMAN.H11MO.0.C","len":10,"ltrim":1,"rtrim":0,"nsites":497,"evalue":"1.0e+000","url":"http://hocomoco.autosome.ru/motif/ITF2_HUMAN.H11MO.0.C","pwm":[[0.307836,0.0422949,0.382267,0.267602],[0.126786,0.146902,0.684017,0.0422957],[0.028214,0.895242,0.0523532,0.0241907],[0.937488,0.00809656,0.0262016,0.028214],[0.0302257,0.104657,0.824834,0.040284],[0.0945991,0.589469,0.299788,0.016144],[0.0905757,0.00608489,0.00809656,0.895243],[0.00407403,0.0141316,0.951569,0.0302257],[0.0845407,0.106668,0.460722,0.348069],[0.0925874,0.273637,0.529118,0.104657]]},{"db":2,"id":"JUNB_HUMAN.H11MO.0.A","len":11,"ltrim":2,"rtrim":2,"nsites":500,"evalue":"1.0e+000","url":"http://hocomoco.autosome.ru/motif/JUNB_HUMAN.H11MO.0.A","pwm":[[0.273996,0.09803,0.303989,0.323986],[0.263998,0.34798,0.273995,0.114028],[0.032044,0.00804799,0.0120472,0.947861],[0.00404959,0.0340428,0.889872,0.072036],[0.933864,0.00204919,4.95901e-05,0.0640376],[5.03899e-05,4.95901e-05,0.953859,0.0460412],[0.012048,0.0120472,4.95901e-05,0.975855],[0.0500404,0.925864,0.0140468,0.0100484],[0.977855,0.00804799,0.00404879,0.0100484],[0.0740356,0.365976,0.261997,0.297991],[0.317987,0.34998,0.130024,0.20201]]},{"db":2,"id":"JUND_HUMAN.H11MO.0.A","len":11,"ltrim":1,"rtrim":1,"nsites":450,"evalue":"1.0e+000","url":"http://hocomoco.autosome.ru/motif/JUND_HUMAN.H11MO.0.A","pwm":[[0.235559,0.151133,0.428849,0.184459],[0.397745,0.164463,0.393301,0.0444906],[0.0267167,0.00227683,0.0178289,0.953178],[0.00672117,0.00894201,0.953177,0.0311602],[0.946512,0.00672028,0.0222724,0.024495],[0.0622644,5.50989e-05,0.937625,5.59876e-05],[0.0133864,0.0133855,0.0133855,0.959843],[0.024495,0.933181,0.0422679,5.59876e-05],[0.988725,0.00449856,0.00672028,5.59876e-05],[0.0378254,0.384414,0.146689,0.431071],[0.151134,0.413297,0.168906,0.266663]]},{"db":2,"id":"JUN_HUMAN.H11MO.0.A","len":11,"ltrim":1,"rtrim":1,"nsites":500,"evalue":"1.0e+000","url":"http://hocomoco.autosome.ru/motif/JUN_HUMAN.H11MO.0.A","pwm":[[0.232004,0.144021,0.403969,0.220006],[0.497951,0.162017,0.307988,0.032044],[0.0160472,0.00404879,0.018046,0.961858],[0.0240456,0.0140468,0.921865,0.0400424],[0.977855,0.00404879,0.00604839,0.012048],[5.03899e-05,4.95901e-05,0.94786,0.05204],[0.00604919,0.0240448,0.00804799,0.961858],[0.0240456,0.955858,0.0160464,0.00404959],[0.975855,0.00404879,0.00804799,0.012048],[0.0180468,0.357978,0.118026,0.505949],[0.255999,0.377974,0.122025,0.244002]]},{"db":2,"id":"KLF3_HUMAN.H11MO.0.B","len":19,"ltrim":3,"rtrim":1,"nsites":498,"evalue":"1.0e+000","url":"http://hocomoco.autosome.ru/motif/KLF3_HUMAN.H11MO.0.B","pwm":[[0.212859,0.188767,0.471843,0.126531],[0.226913,0.222897,0.461804,0.0883863],[0.259035,0.204828,0.42366,0.112478],[0.244981,0.186759,0.495934,0.0723252],[0.327294,0.246988,0.315248,0.11047],[0.345363,0.0442176,0.359415,0.251004],[0.0341803,4.97892e-05,0.965719,5.05922e-05],[0.00607348,4.97892e-05,0.991819,0.00205822],[0.00406585,0.00808031,0.985796,0.00205822],[0.0863786,0.642491,4.97892e-05,0.271081],[0.00808111,0.00607268,0.98178,0.00406585],[0.00406585,0.026149,0.724804,0.244981],[0.184752,0.0181185,0.754918,0.0422108],[0.0763405,0.0100879,0.843254,0.0703176],[0.084371,0.6184,0.148614,0.148615],[0.182745,0.381499,0.162668,0.273088],[0.130546,0.204828,0.495934,0.168691],[0.0924015,0.242973,0.530064,0.134562],[0.160661,0.218881,0.481881,0.138577]]},{"db":2,"id":"KLF6_HUMAN.H11MO.0.A","len":19,"ltrim":1,"rtrim":0,"nsites":496,"evalue":"1.0e+000","url":"http://hocomoco.autosome.ru/motif/KLF6_HUMAN.H11MO.0.A","pwm":[[0.155261,0.185496,0.510028,0.149214],[0.22178,0.247984,0.479792,0.0504439],[0.445525,0.189528,0.280235,0.0847111],[0.459636,0.0181915,0.368927,0.153246],[0.0484281,0.00609716,0.814402,0.131073],[0.0242395,4.99899e-05,0.955503,0.020208],[0.0443967,0.0524588,0.890999,0.0121451],[0.260079,0.457619,4.99899e-05,0.282252],[0.116963,0.00609716,0.854716,0.0222237],[0.0282709,0.0222229,0.689427,0.260079],[0.209686,0.0645531,0.68338,0.042381],[0.0867269,0.0302858,0.836575,0.0464124],[0.229843,0.453588,0.207669,0.1089],[0.294346,0.318534,0.137119,0.25],[0.0625382,0.157276,0.522122,0.258063],[0.147199,0.127041,0.608798,0.116963],[0.161309,0.171386,0.602751,0.0645539],[0.348771,0.110915,0.43343,0.106884],[0.258063,0.233874,0.455603,0.0524596]]},{"db":2,"id":"LHX2_HUMAN.H11MO.0.A","len":12,"ltrim":2,"rtrim":3,"nsites":430,"evalue":"1.0e+000","url":"http://hocomoco.autosome.ru/motif/LHX2_HUMAN.H11MO.0.A","pwm":[[0.132586,0.176761,0.237212,0.453442],[0.0930602,0.262787,0.318588,0.325564],[0.111661,0.432515,0.0163329,0.439491],[0.0279591,0.0116829,5.7661e-05,0.9603],[0.774297,0.176761,0.0395834,0.00935875],[0.957975,0.0279581,0.0023827,0.0116838],[5.8591e-05,0.020983,0.020983,0.957975],[0.00935875,0.0140079,0.237212,0.739422],[0.578994,0.00703278,0.353464,0.0605096],[0.172112,0.225587,0.492966,0.109336],[0.176762,0.241862,0.12561,0.455767],[0.0884101,0.213961,0.241862,0.455767]]},{"db":2,"id":"MAFF_HUMAN.H11MO.0.B","len":18,"ltrim":0,"rtrim":0,"nsites":473,"evalue":"1.0e+000","url":"http://hocomoco.autosome.ru/motif/MAFF_HUMAN.H11MO.0.B","pwm":[[0.0571237,0.0698051,0.0824874,0.790584],[0.0211904,0.0951697,0.765218,0.118421],[0.0550099,0.883587,0.0296445,0.031759],[0.084602,0.0613502,0.00639357,0.847654],[0.0275316,0.112079,0.744081,0.116308],[0.77156,0.0507817,0.0444405,0.133218],[0.0592374,0.410114,0.433365,0.0972843],[0.084602,0.0888286,0.0592365,0.767333],[0.0909431,0.661646,0.0423268,0.205084],[0.672216,0.0571228,0.122648,0.148014],[0.0655785,0.093056,0.625713,0.215653],[0.0402139,0.780014,0.112079,0.0676922],[0.589781,0.109966,0.120534,0.179719],[0.177606,0.234675,0.224107,0.363613],[0.234676,0.137444,0.122648,0.505232],[0.164923,0.177605,0.0465542,0.610918],[0.099398,0.253699,0.07826,0.568643],[0.131104,0.205083,0.133217,0.530596]]},{"db":2,"id":"MAF_HUMAN.H11MO.0.A","len":19,"ltrim":2,"rtrim":2,"nsites":500,"evalue":"1.0e+000","url":"http://hocomoco.autosome.ru/motif/MAF_HUMAN.H11MO.0.A","pwm":[[0.305989,0.236002,0.333983,0.124026],[0.469956,0.142021,0.202009,0.186013],[0.587933,0.0840328,0.078034,0.25],[0.391972,0.088032,0.118026,0.40197],[0.15402,0.311987,0.269996,0.263998],[0.110028,0.0400416,0.0260444,0.823886],[0.0180468,0.0140468,0.959858,0.00804879],[0.124026,0.855878,0.00604839,0.0140476],[0.0640376,0.00604839,0.0120472,0.917867],[0.0180468,0.00604839,0.901869,0.0740356],[0.881874,0.0240448,0.068036,0.0260452],[0.10203,0.44596,0.327984,0.124026],[0.238003,0.118026,0.154019,0.489952],[0.242002,0.411967,0.120026,0.226005],[0.473956,0.112027,0.154019,0.259998],[0.194012,0.0720352,0.575934,0.158019],[0.160018,0.511947,0.218006,0.110028],[0.461958,0.236002,0.14602,0.156019],[0.40197,0.152019,0.234003,0.212008]]},{"db":2,"id":"MAX_HUMAN.H11MO.0.A","len":10,"ltrim":2,"rtrim":0,"nsites":500,"evalue":"1.0e+000","url":"http://hocomoco.autosome.ru/motif/MAX_HUMAN.H11MO.0.A","pwm":[[0.297991,0.240002,0.383973,0.0780348],[0.415967,0.138022,0.307988,0.138023],[0.0900324,0.246,0.621925,0.042042],[0.0180468,0.979854,4.95901e-05,0.00204999],[0.937863,0.00404879,0.0540388,0.00404959],[0.00204999,0.825884,0.0940308,0.0780348],[0.0880328,0.0140468,0.891871,0.00604919],[0.106029,0.118026,0.00604839,0.769896],[0.00204999,0.00404879,0.985852,0.00804879],[0.138023,0.088032,0.629924,0.144022]]},{"db":2,"id":"MAZ_HUMAN.H11MO.0.A","len":22,"ltrim":1,"rtrim":0,"nsites":500,"evalue":"1.0e+000","url":"http://hocomoco.autosome.ru/motif/MAZ_HUMAN.H11MO.0.A","pwm":[[0.216007,0.144021,0.503949,0.136023],[0.283994,0.0240448,0.651919,0.0400424],[0.30199,0.0120472,0.673915,0.012048],[0.082034,0.018046,0.865876,0.0340436],[0.05204,0.112027,0.825884,0.0100484],[0.647921,0.088032,0.0260444,0.238003],[0.0540396,0.0100476,0.905868,0.0300444],[0.114028,0.0200456,0.851879,0.0140476],[0.265997,0.0340428,0.665916,0.0340436],[0.271996,0.00804799,0.679914,0.0400424],[0.114028,0.202009,0.655918,0.0280448],[0.317987,0.134023,0.331983,0.216007],[0.174016,0.0400416,0.69791,0.0880328],[0.333984,0.0540388,0.553939,0.0580388],[0.190012,0.120026,0.64792,0.042042],[0.365977,0.078034,0.511947,0.0440416],[0.29999,0.0720352,0.569936,0.0580388],[0.329984,0.134023,0.455958,0.0800344],[0.259998,0.0620372,0.555938,0.122026],[0.273996,0.204009,0.44596,0.0760352],[0.355979,0.106028,0.429964,0.108029],[0.273996,0.09803,0.561937,0.0660372]]},{"db":2,"id":"MEF2A_HUMAN.H11MO.0.A","len":13,"ltrim":1,"rtrim":1,"nsites":500,"evalue":"1.0e+000","url":"http://hocomoco.autosome.ru/motif/MEF2A_HUMAN.H11MO.0.A","pwm":[[0.273996,0.078034,0.244001,0.40397],[0.128025,0.0800336,0.387972,0.40397],[0.0280448,0.723905,0.0500396,0.198011],[0.00204999,0.0560384,4.95901e-05,0.941862],[0.927865,0.00604839,0.00804799,0.0580388],[0.0640376,0.00204919,0.00804799,0.925865],[0.10203,0.00204919,0.00404879,0.891872],[0.0140476,0.04804,0.0100476,0.927865],[0.134024,0.0820332,0.0120472,0.771896],[0.140022,0.0360424,0.116026,0.707909],[0.54994,0.00204919,0.435962,0.012048],[0.160018,0.038042,0.657918,0.144022],[0.359978,0.383973,0.104029,0.15202]]},{"db":2,"id":"MEF2B_HUMAN.H11MO.0.A","len":14,"ltrim":2,"rtrim":0,"nsites":500,"evalue":"1.0e+000","url":"http://hocomoco.autosome.ru/motif/MEF2B_HUMAN.H11MO.0.A","pwm":[[0.254,0.118026,0.413967,0.214008],[0.194012,0.110028,0.251999,0.443962],[0.20401,0.0360424,0.271995,0.487953],[0.168017,0.104029,0.373975,0.35398],[0.0480408,0.771895,0.0400416,0.140022],[0.00204999,0.088032,0.00204919,0.907869],[0.861878,0.0260444,0.0320432,0.0800344],[0.106029,0.0200456,0.00604839,0.867877],[0.0760352,0.00604839,0.00404879,0.913868],[0.0360432,0.04804,0.0140468,0.90187],[0.134024,0.118026,0.04804,0.69991],[0.170016,0.0560384,0.140022,0.633924],[0.471956,4.95901e-05,0.487952,0.0400424],[0.122026,0.0520392,0.69591,0.130024]]},{"db":2,"id":"MEF2C_HUMAN.H11MO.0.A","len":13,"ltrim":1,"rtrim":1,"nsites":500,"evalue":"1.0e+000","url":"http://hocomoco.autosome.ru/motif/MEF2C_HUMAN.H11MO.0.A","pwm":[[0.297991,0.0740348,0.283993,0.343982],[0.10403,0.0920312,0.419966,0.383974],[0.0300444,0.691911,0.0460404,0.232004],[0.00204999,0.0620372,4.95901e-05,0.935863],[0.947861,0.0160464,0.00604839,0.0300444],[0.0600384,0.00604839,0.00204919,0.931864],[0.0800344,0.0120472,0.00604839,0.90187],[0.0240456,0.038042,0.0100476,0.927865],[0.148021,0.0900316,0.0220452,0.739902],[0.138023,0.0420412,0.122025,0.697911],[0.565937,0.00404879,0.421965,0.00804879],[0.15402,0.0720352,0.633923,0.140022],[0.359978,0.363977,0.102029,0.174016]]},{"db":2,"id":"MEF2D_HUMAN.H11MO.0.A","len":12,"ltrim":1,"rtrim":0,"nsites":500,"evalue":"1.0e+000","url":"http://hocomoco.autosome.ru/motif/MEF2D_HUMAN.H11MO.0.A","pwm":[[0.311988,0.0560384,0.301989,0.329984],[0.0680368,0.0640368,0.49995,0.367977],[0.0240456,0.757898,0.0600376,0.158019],[0.00204999,0.0200456,0.00604839,0.971856],[0.969856,0.00204919,0.00204919,0.0260452],[0.0540396,0.00604839,0.00404879,0.935863],[0.0800344,0.0120472,0.00804799,0.89987],[0.0940316,0.0400416,0.00604839,0.859878],[0.297991,0.0860324,0.0120472,0.60393],[0.0860332,0.0140468,0.0540388,0.845881],[0.7539,4.95901e-05,0.236002,0.0100484],[0.0940316,0.0320432,0.785892,0.0880328]]},{"db":2,"id":"MYF6_HUMAN.H11MO.0.C","len":7,"ltrim":0,"rtrim":0,"nsites":7,"evalue":"1.0e+000","url":"http://hocomoco.autosome.ru/motif/MYF6_HUMAN.H11MO.0.C","pwm":[[0.0035493,0.989408,0.00349296,0.0035493],[0.989465,0.00349296,0.00349296,0.0035493],[0.0035493,0.432843,0.560058,0.0035493],[0.0035493,0.989408,0.00349296,0.0035493],[0.0035493,0.00349296,0.00349296,0.989465],[0.0035493,0.00349296,0.989408,0.0035493],[0.035353,0.750881,0.0352967,0.17847]]},{"db":2,"id":"NFIC_HUMAN.H11MO.0.A","len":17,"ltrim":1,"rtrim":1,"nsites":500,"evalue":"1.0e+000","url":"http://hocomoco.autosome.ru/motif/NFIC_HUMAN.H11MO.0.A","pwm":[[0.118027,0.487952,0.212007,0.182014],[0.0760352,0.435962,0.0360424,0.45196],[0.0660372,0.0220452,0.168016,0.743902],[0.0140476,0.00804799,0.915866,0.062038],[0.042042,0.0320432,0.889872,0.0360432],[0.20401,0.679914,0.058038,0.0580388],[0.317987,0.253999,0.0640368,0.363978],[0.092032,0.413967,0.251999,0.242002],[5.03899e-05,0.601929,4.95901e-05,0.397971],[0.234004,0.39997,0.174015,0.192012],[0.285993,0.0900316,0.180014,0.443962],[0.0200464,0.088032,0.627924,0.263998],[0.0240456,0.857878,0.0460404,0.072036],[0.0180468,0.961857,0.00804799,0.012048],[0.669916,0.244001,0.0140468,0.072036],[0.455959,0.0700356,0.377974,0.0960312],[0.214008,0.222005,0.457958,0.106029]]},{"db":2,"id":"NFYC_HUMAN.H11MO.0.A","len":14,"ltrim":2,"rtrim":2,"nsites":426,"evalue":"1.0e+000","url":"http://hocomoco.autosome.ru/motif/NFYC_HUMAN.H11MO.0.A","pwm":[[0.140871,0.338007,0.197195,0.323927],[0.0845464,0.361476,0.190154,0.363824],[0.476473,0.100973,0.333313,0.0892401],[0.316886,0.0681173,0.483513,0.131484],[0.00475287,0.941152,0.0282206,0.0258747],[0.0188341,0.971661,0.0070988,0.00240601],[0.927072,0.0258737,0.00944567,0.037609],[0.90595,0.0399549,0.0469955,0.00709974],[0.0282215,0.0540361,0.0188331,0.898909],[0.12679,0.53045,0.258214,0.0845464],[0.612591,0.0868923,0.274642,0.0258747],[0.173727,0.154951,0.565653,0.105668],[0.448311,0.26056,0.187808,0.103321],[0.356783,0.0845454,0.396679,0.161993]]},{"db":2,"id":"NKX21_HUMAN.H11MO.0.A","len":10,"ltrim":1,"rtrim":1,"nsites":500,"evalue":"1.0e+000","url":"http://hocomoco.autosome.ru/motif/NKX21_HUMAN.H11MO.0.A","pwm":[[0.0660372,0.421965,0.226004,0.285993],[0.132024,0.0920312,0.0240448,0.7519],[0.0760352,0.0220452,0.333983,0.567937],[0.0340436,0.00604839,0.957858,0.00204999],[0.995851,0.00204919,4.95901e-05,0.00204999],[0.0100484,0.00804799,0.981853,5.03899e-05],[0.281994,0.00204919,0.104029,0.611928],[0.108029,0.00204919,0.877874,0.012048],[0.032044,0.325984,0.443961,0.198011],[0.158019,0.34798,0.156018,0.337983]]},{"db":2,"id":"NKX28_HUMAN.H11MO.0.C","len":9,"ltrim":0,"rtrim":0,"nsites":6,"evalue":"1.0e+000","url":"http://hocomoco.autosome.ru/motif/NKX28_HUMAN.H11MO.0.C","pwm":[[0.0282392,0.201751,0.201751,0.568258],[0.00413115,0.00406557,0.00406557,0.987738],[0.00413115,0.765878,0.225859,0.00413115],[0.939522,0.00406557,0.0522816,0.00413115],[0.987738,0.00406557,0.00406557,0.00413115],[0.00413115,0.00406557,0.987672,0.00413115],[0.00413115,0.00406557,0.592301,0.399502],[0.592366,0.00406557,0.399437,0.00413115],[0.0282392,0.568193,0.201751,0.201817]]},{"db":2,"id":"NKX31_HUMAN.H11MO.0.C","len":12,"ltrim":1,"rtrim":1,"nsites":500,"evalue":"1.0e+000","url":"http://hocomoco.autosome.ru/motif/NKX31_HUMAN.H11MO.0.C","pwm":[[0.190012,0.19601,0.321985,0.291992],[0.0860332,0.251999,0.09803,0.563938],[0.252,0.108028,0.152019,0.487953],[0.759898,0.0540388,0.172015,0.0140476],[0.959858,0.00204919,0.0200456,0.0180468],[0.00404959,0.00404879,0.985852,0.00604919],[0.0880328,0.00204919,0.018046,0.891872],[0.170016,0.0140468,0.803889,0.012048],[0.0180468,0.451959,0.265996,0.263998],[0.142022,0.255998,0.038042,0.563938],[0.156019,0.0860324,0.106028,0.65192],[0.279994,0.0840328,0.29599,0.339982]]},{"db":2,"id":"NR1H3_HUMAN.H11MO.0.B","len":19,"ltrim":2,"rtrim":0,"nsites":500,"evalue":"1.0e+000","url":"http://hocomoco.autosome.ru/motif/NR1H3_HUMAN.H11MO.0.B","pwm":[[0.168017,0.481953,0.208008,0.142022],[0.423966,0.224005,0.124025,0.228005],[0.373976,0.126024,0.419966,0.0800344],[0.543942,0.0260444,0.379974,0.0500404],[0.122026,0.00604839,0.813887,0.0580388],[0.0380428,0.0440408,0.755898,0.162018],[0.0640376,0.158018,0.152019,0.625925],[0.144022,0.427964,0.0840328,0.343982],[0.829884,0.018046,0.0540388,0.0980308],[0.114028,0.591931,0.142021,0.15202],[0.224006,0.178014,0.0860324,0.511948],[0.240002,0.228004,0.289992,0.242002],[0.228005,0.323985,0.283993,0.164018],[0.659918,0.0900316,0.172015,0.0780348],[0.0800344,0.0260444,0.835882,0.0580388],[0.106029,0.0400416,0.717906,0.136023],[0.15202,0.138022,0.220006,0.489952],[0.0780348,0.73