<!DOCTYPE HTML>
<html>
  <head>
    <meta charset="UTF-8">
    <title>SpaMo - Spaced Motif Analysis</title>
    <script type="text/javascript">
      //@JSON_VAR data
      var data = {"program":"SpaMo","version":"4.11.3","revision":"c13e15f35e38483381a6e8a363f9137e303c0765","release":"Sat Mar 11 20:16:08 2017 -0800","host":"uger-r7-c001.broadinstitute.org","when":"Sat Feb 27 04:28:20 2021","cmd":["spamo","-verbosity","1","-oc","/broad/sankaranlab/fyu/HemeMap/02262021-downMast_re-analysis/motif_denovo/down_mast0035_interactions_10x_hocomoco_meme-chip/spamo_out_1","-bgfile","/broad/sankaranlab/fyu/HemeMap/02262021-downMast_re-analysis/motif_denovo/down_mast0035_interactions_10x_hocomoco_meme-chip/background","-primary","AGGAARY","/broad/sankaranlab/fyu/HemeMap/02262021-downMast_re-analysis/motif_denovo/down_mast0035_interactions_10x_hocomoco_meme-chip/20210227-deg_interactions_peaks_down_mast0035_fa_1based.fa","/broad/sankaranlab/fyu/HemeMap/02262021-downMast_re-analysis/motif_denovo/down_mast0035_interactions_10x_hocomoco_meme-chip/dreme_out/dreme.xml","/broad/sankaranlab/fyu/HemeMap/02262021-downMast_re-analysis/motif_denovo/down_mast0035_interactions_10x_hocomoco_meme-chip/meme_out/meme.xml","/broad/sankaranlab/fyu/HemeMap/02262021-downMast_re-analysis/motif_denovo/down_mast0035_interactions_10x_hocomoco_meme-chip/dreme_out/dreme.xml","/broad/sankaranlab/fyu/motif_data/HOCOMOCOv11_core_HUMAN_mono_meme_format.meme"],"options":{"seq_min_hit_score":7,"margin":150,"bin_size":1,"bin_pvalue_calc_range":150,"use_best_secondary":0,"seq_max_shared_fract":0.5,"seq_odds_ratio":20,"bin_pvalue_cutoff":0.05,"motif_evalue_cutoff":10,"redundant_overlap":2,"redundant_joint":0.5,"motif_pseudocount":0.1,"bgfile":"/broad/sankaranlab/fyu/HemeMap/02262021-downMast_re-analysis/motif_denovo/down_mast0035_interactions_10x_hocomoco_meme-chip/background","motif_trim":0.25,"xalph":0,"seed":1,"bin_max":31},"alphabet":{"name":"DNA","like":"dna","ncore":4,"symbols":[{"symbol":"A","name":"Adenine","colour":"CC0000","complement":"T"},{"symbol":"C","name":"Cytosine","colour":"0000CC","complement":"G"},{"symbol":"G","name":"Guanine","colour":"FFB300","complement":"C"},{"symbol":"T","aliases":"U","name":"Thymine","colour":"008000","complement":"A"},{"symbol":"N","aliases":"X.","name":"Any base","equals":"ACGT"},{"symbol":"V","name":"Not T","equals":"ACG"},{"symbol":"H","name":"Not G","equals":"ACT"},{"symbol":"D","name":"Not C","equals":"AGT"},{"symbol":"B","name":"Not A","equals":"CGT"},{"symbol":"M","name":"Amino","equals":"AC"},{"symbol":"R","name":"Purine","equals":"AG"},{"symbol":"W","name":"Weak","equals":"AT"},{"symbol":"S","name":"Strong","equals":"CG"},{"symbol":"Y","name":"Pyrimidine","equals":"CT"},{"symbol":"K","name":"Keto","equals":"GT"}]},"background":[0.252,0.248,0.248,0.252],"sequence_dbs":[{"source":"/broad/sankaranlab/fyu/HemeMap/02262021-downMast_re-analysis/motif_denovo/down_mast0035_interactions_10x_hocomoco_meme-chip/20210227-deg_interactions_peaks_down_mast0035_fa_1based.fa","name":"20210227-deg_interactions_peaks_down_mast0035_fa_1based","last_modified":"Sat Feb 27 03:25:29 2021","loaded":6605,"excluded_too_short":0,"excluded_no_match":4241,"excluded_ambigs":0,"excluded_similar":12,"erased_primary_matches":978}],"primary_dbs":[{"source":"/broad/sankaranlab/fyu/HemeMap/02262021-downMast_re-analysis/motif_denovo/down_mast0035_interactions_10x_hocomoco_meme-chip/dreme_out/dreme.xml","name":"dreme.xml","last_modified":"Sat Feb 27 04:25:46 2021","loaded":9,"excluded":8}],"secondary_dbs":[{"source":"/broad/sankaranlab/fyu/HemeMap/02262021-downMast_re-analysis/motif_denovo/down_mast0035_interactions_10x_hocomoco_meme-chip/meme_out/meme.xml","name":"meme.xml","last_modified":"Sat Feb 27 04:16:29 2021","loaded":10,"excluded":0},{"source":"/broad/sankaranlab/fyu/HemeMap/02262021-downMast_re-analysis/motif_denovo/down_mast0035_interactions_10x_hocomoco_meme-chip/dreme_out/dreme.xml","name":"dreme.xml","last_modified":"Sat Feb 27 04:25:46 2021","loaded":10,"excluded":1},{"source":"/broad/sankaranlab/fyu/motif_data/HOCOMOCOv11_core_HUMAN_mono_meme_format.meme","name":"HOCOMOCOv11_core_HUMAN_mono_meme_format","last_modified":"Sat Jun 23 07:43:00 2018","loaded":401,"excluded":0}],"secondary_motifs":[{"db":0,"id":"5","alt":"MEME","len":30,"ltrim":0,"rtrim":0,"nsites":9,"evalue":"1.6e-013","pwm":[[0.00276923,0.00272527,0.991736,0.00276923],[0.00276923,0.771956,0.00272527,0.222549],[0.00276923,0.00272527,0.00272527,0.99178],[0.00276923,0.112615,0.771956,0.112659],[0.112659,0.00272527,0.881846,0.00276923],[0.112659,0.00272527,0.881846,0.00276923],[0.88189,0.00272527,0.112615,0.00276923],[0.00276923,0.552176,0.00272527,0.442329],[0.00276923,0.112615,0.112615,0.772],[0.88189,0.112615,0.00272527,0.00276923],[0.112659,0.771956,0.00272527,0.112659],[0.88189,0.00272527,0.112615,0.00276923],[0.112659,0.00272527,0.881846,0.00276923],[0.112659,0.00272527,0.881846,0.00276923],[0.00276923,0.771956,0.00272527,0.222549],[0.112659,0.00272527,0.881846,0.00276923],[0.00276923,0.442285,0.00272527,0.55222],[0.112659,0.112615,0.662066,0.112659],[0.332439,0.222505,0.00272527,0.442329],[0.222549,0.00272527,0.771956,0.00276923],[0.00276923,0.991736,0.00272527,0.00276923],[0.00276923,0.881846,0.112615,0.00276923],[0.88189,0.00272527,0.112615,0.00276923],[0.00276923,0.881846,0.112615,0.00276923],[0.00276923,0.771956,0.00272527,0.222549],[0.442329,0.112615,0.442285,0.00276923],[0.112659,0.771956,0.00272527,0.112659],[0.442329,0.332395,0.222505,0.00276923],[0.00276923,0.771956,0.112615,0.112659],[0.332439,0.662066,0.00272527,0.00276923]]},{"db":1,"id":"AGAKGGCR","alt":"DREME","len":8,"ltrim":0,"rtrim":0,"nsites":221,"evalue":"8.1e-009","pwm":[[0.999662,0.000112166,0.000112166,0.000113976],[0.000113976,0.000112166,0.99966,0.000113976],[0.999662,0.000112166,0.000112166,0.000113976],[0.000113976,0.000112166,0.592604,0.40717],[0.000113976,0.000112166,0.99966,0.000113976],[0.000113976,0.000112166,0.99966,0.000113976],[0.000113976,0.99966,0.000112166,0.000113976],[0.696632,0.000112166,0.303142,0.000113976]]},{"db":1,"id":"VGGAAR","alt":"DREME","len":6,"ltrim":0,"rtrim":0,"nsites":3235,"evalue":"1.1e-038","pwm":[[0.331992,0.177127,0.490873,7.78956e-06],[7.78956e-06,7.66591e-06,0.999977,7.78956e-06],[7.78956e-06,7.66591e-06,0.999977,7.78956e-06],[0.999977,7.66591e-06,7.66591e-06,7.78956e-06],[0.999977,7.66591e-06,7.66591e-06,7.78956e-06],[0.407414,7.66591e-06,0.59257,7.78956e-06]]},{"db":2,"id":"AP2A_HUMAN.H11MO.0.A","len":15,"ltrim":1,"rtrim":1,"nsites":500,"evalue":"1.0e+000","url":"http://hocomoco.autosome.ru/motif/AP2A_HUMAN.H11MO.0.A","pwm":[[0.416124,0.185376,0.193137,0.205362],[0.231122,0.091152,0.134692,0.543035],[0.176776,0.0944294,0.470182,0.258613],[0.0108817,0.52055,0.431413,0.0371553],[5.03899e-05,0.99985,4.95901e-05,5.03899e-05],[5.03899e-05,0.900843,4.95901e-05,0.0990574],[0.0509787,0.111333,0.0128317,0.824857],[0.00188858,4.95901e-05,0.796457,0.201605],[0.535277,0.0386294,0.409204,0.0168896],[0.142181,4.95901e-05,0.855964,0.00180511],[5.03899e-05,4.95901e-05,0.99985,5.03899e-05],[0.0479055,0.556057,0.379971,0.0160662],[0.308243,0.381609,0.0917711,0.218377],[0.512989,0.0934517,0.204267,0.189293],[0.238523,0.148913,0.208405,0.404159]]},{"db":2,"id":"ETS2_HUMAN.H11MO.0.B","len":13,"ltrim":3,"rtrim":0,"nsites":500,"evalue":"1.0e+000","url":"http://hocomoco.autosome.ru/motif/ETS2_HUMAN.H11MO.0.B","pwm":[[0.230004,0.140022,0.435962,0.194012],[0.317987,0.14602,0.34598,0.190012],[0.321986,0.279994,0.29799,0.10003],[0.473956,0.0760344,0.365976,0.0840336],[0.192012,0.00804799,0.751899,0.0480408],[0.00404959,0.0100476,0.967856,0.0180468],[0.981854,0.0160464,4.95901e-05,0.00204999],[0.95386,0.018046,0.0240448,0.00404959],[0.381974,0.0840328,0.519946,0.0140476],[0.391972,0.261997,0.19801,0.148021],[0.421966,0.04804,0.459958,0.0700364],[0.329984,0.0860324,0.49595,0.0880328],[0.495951,0.10003,0.319986,0.0840336]]},{"db":2,"id":"ETV4_HUMAN.H11MO.0.B","len":11,"ltrim":2,"rtrim":2,"nsites":500,"evalue":"1.0e+000","url":"http://hocomoco.autosome.ru/motif/ETV4_HUMAN.H11MO.0.B","pwm":[[0.335983,0.234003,0.329984,0.10003],[0.383974,0.134023,0.319986,0.162018],[0.136023,0.609928,0.234003,0.0200464],[0.955859,0.0100476,0.0200456,0.0140476],[0.00604919,0.00204919,0.975854,0.0160472],[0.0160472,0.0260444,0.957858,5.03899e-05],[0.923866,0.0160464,0.0500396,0.0100484],[0.869876,0.0140468,0.0460404,0.0700364],[0.307989,0.0220452,0.587932,0.082034],[0.138023,0.178014,0.34598,0.337983],[0.287993,0.132023,0.413967,0.166017]]},{"db":2,"id":"GATA3_HUMAN.H11MO.0.A","len":11,"ltrim":2,"rtrim":1,"nsites":500,"evalue":"1.0e+000","url":"http://hocomoco.autosome.ru/motif/GATA3_HUMAN.H11MO.0.A","pwm":[[0.447961,0.0920312,0.253999,0.206009],[0.347981,0.303989,0.261997,0.0860332],[0.777895,0.00604839,0.00804799,0.208009],[0.0100484,0.00404879,0.985852,5.03899e-05],[0.987853,0.00404879,0.00604839,0.00204999],[0.146021,0.0100476,0.0400416,0.80389],[0.921866,0.0160464,0.0420412,0.0200464],[0.867877,0.00204919,0.0940308,0.0360432],[0.329984,0.224005,0.403969,0.042042],[0.557939,0.120026,0.255998,0.0660372],[0.443962,0.0800336,0.224005,0.252]]},{"db":2,"id":"LEF1_HUMAN.H11MO.0.A","len":14,"ltrim":1,"rtrim":1,"nsites":456,"evalue":"1.0e+000","url":"http://hocomoco.autosome.ru/motif/LEF1_HUMAN.H11MO.0.A","pwm":[[0.0767928,0.260962,0.274117,0.388128],[0.0329428,0.63588,0.184225,0.146953],[0.0175953,0.708232,0.0132094,0.260963],[0.122835,0.0460969,0.0197869,0.811281],[0.00224775,0.138182,0.0351344,0.824436],[0.00224775,0.0132094,0.0329419,0.951601],[0.0439053,0.4254,0.519677,0.0110178],[0.456096,0.138182,0.0154019,0.390321],[0.278503,0.166684,0.157914,0.396898],[0.28508,0.190802,0.201765,0.322353],[0.0417128,0.129412,0.149144,0.679731],[0.0395203,0.31139,0.383742,0.265348],[0.116258,0.46048,0.0899469,0.333316],[0.313583,0.221497,0.103102,0.361818]]},{"db":2,"id":"MEF2B_HUMAN.H11MO.0.A","len":14,"ltrim":2,"rtrim":0,"nsites":500,"evalue":"1.0e+000","url":"http://hocomoco.autosome.ru/motif/MEF2B_HUMAN.H11MO.0.A","pwm":[[0.254,0.118026,0.413967,0.214008],[0.194012,0.110028,0.251999,0.443962],[0.20401,0.0360424,0.271995,0.487953],[0.168017,0.104029,0.373975,0.35398],[0.0480408,0.771895,0.0400416,0.140022],[0.00204999,0.088032,0.00204919,0.907869],[0.861878,0.0260444,0.0320432,0.0800344],[0.106029,0.0200456,0.00604839,0.867877],[0.0760352,0.00604839,0.00404879,0.913868],[0.0360432,0.04804,0.0140468,0.90187],[0.134024,0.118026,0.04804,0.69991],[0.170016,0.0560384,0.140022,0.633924],[0.471956,4.95901e-05,0.487952,0.0400424],[0.122026,0.0520392,0.69591,0.130024]]},{"db":2,"id":"NFAC1_HUMAN.H11MO.0.B","len":15,"ltrim":0,"rtrim":2,"nsites":500,"evalue":"1.0e+000","url":"http://hocomoco.autosome.ru/motif/NFAC1_HUMAN.H11MO.0.B","pwm":[[0.481954,0.230004,0.234003,0.0540396],[0.393972,0.0500396,0.0600376,0.495951],[0.0840336,0.00804799,0.903869,0.00404959],[0.0140476,0.0460404,0.929864,0.0100484],[0.945861,0.0120472,0.0360424,0.00604919],[0.809888,0.068036,0.104029,0.0180468],[0.821886,0.068036,0.0840328,0.0260452],[0.49995,0.166016,0.267996,0.0660372],[0.493952,0.0520392,0.142021,0.311988],[0.355979,0.238002,0.34598,0.0600384],[0.487953,0.088032,0.0440408,0.379974],[0.263998,0.0300436,0.54794,0.158019],[0.537943,0.122025,0.222005,0.118027],[0.429964,0.317986,0.188012,0.0640376],[0.44996,0.120026,0.138022,0.291992]]},{"db":2,"id":"PRDM6_HUMAN.H11MO.0.C","len":13,"ltrim":1,"rtrim":2,"nsites":500,"evalue":"1.0e+000","url":"http://hocomoco.autosome.ru/motif/PRDM6_HUMAN.H11MO.0.C","pwm":[[0.463958,0.166016,0.246,0.124026],[0.529944,0.0700356,0.267996,0.132024],[0.433964,0.19601,0.329984,0.0400424],[0.615927,0.038042,0.202009,0.144022],[0.471956,0.0100476,0.451959,0.0660372],[0.00204999,0.0460404,0.941861,0.0100484],[0.977855,0.0160464,4.95901e-05,0.00604919],[0.983854,0.00404879,4.95901e-05,0.012048],[0.937863,0.00804799,0.00804799,0.0460412],[0.759898,0.132023,0.068036,0.0400424],[0.60393,0.234003,0.112027,0.0500404],[0.491952,0.192011,0.126024,0.190012],[0.50395,0.156018,0.202009,0.138023]]},{"db":2,"id":"PRRX2_HUMAN.H11MO.0.C","len":7,"ltrim":1,"rtrim":0,"nsites":59,"evalue":"1.0e+000","url":"http://hocomoco.autosome.ru/motif/PRRX2_HUMAN.H11MO.0.C","pwm":[[0.173861,0.309218,0.0723316,0.444589],[0.000426396,0.000419628,0.000419628,0.998734],[0.998734,0.000419628,0.000419628,0.000426396],[0.981814,0.000419628,0.0173401,0.000426396],[0.0173469,0.0173401,0.000419628,0.964893],[0.000426396,0.051181,0.051181,0.897212],[0.457279,0.0173401,0.491113,0.0342673]]},{"db":2,"id":"RORG_HUMAN.H11MO.0.C","len":12,"ltrim":2,"rtrim":0,"nsites":500,"evalue":"1.0e+000","url":"http://hocomoco.autosome.ru/motif/RORG_HUMAN.H11MO.0.C","pwm":[[0.242002,0.188012,0.429964,0.140022],[0.475955,0.102029,0.246,0.176015],[0.70391,0.0960304,0.108028,0.092032],[0.64992,0.018046,0.0500396,0.281994],[0.0840336,0.39997,0.455958,0.0600384],[0.0440416,0.038042,0.058038,0.859878],[0.487953,0.00804799,0.49995,0.00404959],[0.313988,0.0100476,0.635922,0.0400424],[0.0240456,0.0220452,0.935862,0.0180468],[0.0200464,0.0900316,0.122025,0.767897],[0.0100484,0.94986,0.018046,0.022046],[0.977855,0.00204919,0.0140468,0.00604919]]},{"db":2,"id":"RUNX2_HUMAN.H11MO.0.A","len":14,"ltrim":1,"rtrim":2,"nsites":500,"evalue":"1.0e+000","url":"http://hocomoco.autosome.ru/motif/RUNX2_HUMAN.H11MO.0.A","pwm":[[0.172016,0.0760344,0.315986,0.435963],[0.092032,0.130024,0.521945,0.255999],[0.114028,0.130024,0.291991,0.463958],[0.122026,0.39797,0.176014,0.30399],[0.0680368,0.0100476,0.0160464,0.905869],[0.00804879,0.0160464,0.923865,0.05204],[0.0340436,0.028044,0.0260444,0.911868],[0.00204999,4.95901e-05,0.99785,5.03899e-05],[0.00204999,0.00404879,0.973855,0.0200464],[0.0180468,0.14602,0.112027,0.723906],[0.032044,0.138022,0.160018,0.669916],[0.176015,0.0260444,0.192011,0.605929],[0.114028,0.110028,0.387972,0.387973],[0.0980308,0.130024,0.379974,0.391972]]},{"db":2,"id":"SOX2_HUMAN.H11MO.0.A","len":13,"ltrim":1,"rtrim":2,"nsites":500,"evalue":"1.0e+000","url":"http://hocomoco.autosome.ru/motif/SOX2_HUMAN.H11MO.0.A","pwm":[[0.10403,0.228004,0.246,0.421966],[0.0360432,0.351979,0.261997,0.34998],[0.0100484,0.641921,0.0800336,0.267997],[0.0160472,0.727904,0.0100476,0.246001],[0.291992,0.0100476,4.95901e-05,0.697911],[5.03899e-05,0.00204919,0.00204919,0.995851],[5.03899e-05,4.95901e-05,4.95901e-05,0.99985],[0.0160472,0.156018,0.807888,0.0200464],[0.062038,0.018046,4.95901e-05,0.919866],[0.0460412,0.253999,0.208008,0.491952],[0.106029,0.411967,0.0760344,0.405969],[0.10203,0.311987,0.136022,0.44996],[0.0760352,0.39597,0.257998,0.269996]]},{"db":2,"id":"SOX4_HUMAN.H11MO.0.B","len":12,"ltrim":0,"rtrim":1,"nsites":500,"evalue":"1.0e+000","url":"http://hocomoco.autosome.ru/motif/SOX4_HUMAN.H11MO.0.B","pwm":[[0.0400424,0.333983,0.236002,0.389972],[0.0180468,0.531943,0.122025,0.327985],[0.00604919,0.803889,0.00804799,0.182014],[0.106029,0.0300436,0.0100476,0.85388],[0.00404959,0.0160464,0.0360424,0.943862],[0.00204999,0.0120472,0.0260444,0.959858],[0.022046,0.0920312,0.84788,0.0380428],[0.012048,0.0200456,0.0140468,0.95386],[0.0140476,0.333983,0.120026,0.531944],[0.0280448,0.573935,0.088032,0.309988],[0.0560392,0.361977,0.162017,0.419966],[0.120026,0.379974,0.206008,0.293992]]},{"db":2,"id":"STAT2_HUMAN.H11MO.0.A","len":19,"ltrim":1,"rtrim":1,"nsites":500,"evalue":"1.0e+000","url":"http://hocomoco.autosome.ru/motif/STAT2_HUMAN.H11MO.0.A","pwm":[[0.419966,0.110028,0.341981,0.128025],[0.34998,0.134023,0.44996,0.0660372],[0.297991,0.0100476,0.635922,0.0560392],[0.60393,0.00404879,0.369976,0.022046],[0.987853,0.00404879,0.00404879,0.00404959],[0.943862,0.0160464,0.018046,0.022046],[0.479954,0.168016,0.130024,0.222006],[0.238003,0.228004,0.140022,0.393972],[0.0780348,0.00204919,0.915866,0.00404959],[0.971856,0.00604839,0.0200456,0.00204999],[0.985853,4.95901e-05,0.0140468,5.03899e-05],[0.993852,4.95901e-05,0.00404879,0.00204999],[0.0880328,0.685912,0.214007,0.012048],[0.10403,0.176014,0.0160464,0.70391],[0.182014,0.114027,0.543941,0.160018],[0.767897,0.0540388,0.112027,0.0660372],[0.641922,0.10003,0.14802,0.110028],[0.60193,0.106028,0.188012,0.10403],[0.20401,0.291991,0.371975,0.132024]]},{"db":2,"id":"ZBT17_HUMAN.H11MO.0.A","len":19,"ltrim":2,"rtrim":0,"nsites":500,"evalue":"1.0e+000","url":"http://hocomoco.autosome.ru/motif/ZBT17_HUMAN.H11MO.0.A","pwm":[[0.184014,0.238002,0.435962,0.142022],[0.387973,0.156018,0.29999,0.156019],[0.279994,0.0540388,0.539942,0.126025],[0.212008,0.0800336,0.609928,0.0980308],[0.20001,0.136022,0.571935,0.092032],[0.319986,0.128024,0.0940308,0.457959],[0.140022,0.0400416,0.811887,0.00804879],[0.20401,0.0260444,0.679914,0.0900324],[0.238003,0.0340428,0.683913,0.0440416],[0.15202,0.00604839,0.789892,0.05204],[0.072036,0.0740348,0.84988,0.00404959],[0.695911,0.20001,0.00204919,0.10203],[0.198011,0.0320432,0.537942,0.232004],[0.05204,0.0160464,0.885872,0.0460412],[0.232004,0.0220452,0.725904,0.0200464],[0.255999,0.00804799,0.709908,0.0260452],[0.527945,0.275994,0.136022,0.0600384],[0.419966,0.0620372,0.331983,0.186013],[0.257999,0.114027,0.507948,0.120026]]},{"db":2,"id":"ZN768_HUMAN.H11MO.0.C","len":20,"ltrim":0,"rtrim":1,"nsites":424,"evalue":"1.0e+000","url":"http://hocomoco.autosome.ru/motif/ZN768_HUMAN.H11MO.0.C","pwm":[[0.200484,0.136819,0.568321,0.0943768],[0.672071,0.0873021,0.179261,0.0613657],[0.252358,0.0142061,0.667354,0.0660816],[0.132104,0.0354275,0.80883,0.0236388],[0.117956,0.771103,0.0307116,0.0802292],[0.27358,0.240568,0.00477435,0.481078],[0.014207,0.971527,0.0118481,0.00241735],[0.983318,0.00477435,5.84768e-05,0.0118491],[0.00713322,0.0142061,0.978601,5.94199e-05],[0.957381,0.0142061,0.0236378,0.00477529],[0.0283546,0.016564,0.952664,0.00241735],[0.957381,0.016564,0.018922,0.00713322],[0.0660816,0.0377854,0.870136,0.0259967],[0.0354284,0.018922,0.919653,0.0259967],[0.00949116,0.0755124,0.285369,0.629628],[0.0920189,0.174546,0.176904,0.556532],[0.601333,0.129745,0.22642,0.0425022],[0.723945,0.0236378,0.195767,0.0566498],[0.0448602,0.0637227,0.834767,0.0566498],[0.120314,0.228778,0.15804,0.492868]]}],"sequence_names":["chr10:102130520-102131019","chr10:120924930-120925429","chr10:121028352-121028851","chr10:22965394-22965893","chr10:22968533-22969032","chr10:23105188-23105687","chr10:23629842-23630341","chr10:23661277-23661776","chr10:72268554-72269053","chr10:72352568-72353067","chr10:79633489-79633988","chr11:111957273-111957772","chr11:14086675-14087174","chr11:14100456-14100955","chr11:14118090-14118589","chr11:14261718-14262217","chr11:14473301-14473800","chr11:14657633-14658132","chr11:14735354-14735853","chr11:22761014-22761513","chr11:23061018-23061517","chr11:23062581-23063080","chr11:46340074-46340573","chr11:46382841-46383340","chr11:57194804-57195303","chr11:63639436-63639935","chr11:64431830-64432329","chr11:64546009-64546508","chr11:805124-805623","chr12:102403954-102404453","chr12:109027486-109027985","chr12:111298561-111299060","chr12:120505864-120506363","chr12:120556375-120556874","chr12:120557060-120557559","chr12:120648682-120649181","chr12:120754650-120755149","chr12:120832387-120832886","chr12:120905963-120906462","chr12:121040207-121040706","chr12:121090865-121091364","chr12:121252394-121252893","chr12:121294726-121295225","chr12:121330050-121330549","chr12:24951230-24951729","chr12:25004867-25005366","chr12:25084540-25085039","chr12:25806735-25807234","chr12:25883646-25884145","chr12:53600842-53601341","chr12:53693221-53693720","chr12:56136815-56137314","chr12:7062947-7063446","chr12:75850937-75851436","chr12:75872157-75872656","chr12:76100552-76101051","chr12:92428527-92429026","chr12:92543281-92543780","chr12:92602351-92602850","chr12:92824905-92825404","chr12:92987565-92988064","chr12:93808135-93808634","chr12:93827204-93827703","chr12:93981356-93981855","chr12:94161261-94161760","chr12:94433719-94434218","chr13:48612775-48613274","chr13:48794899-48795398","chr13:48820126-48820625","chr13:48886635-48887134","chr13:49011016-49011515","chr13:49141844-49142343","chr13:49160675-49161174","chr13:49433751-49434250","chr13:50680652-50681151","chr14:24659373-24659872","chr14:24905673-24906172","chr14:36158210-36158709","chr14:49952004-49952503","chr14:49956450-49956949","chr14:50465830-50466329","chr14:50553968-50554467","chr14:74068844-74069343","chr14:74111329-74111828","chr14:74195329-74195828","chr14:74208149-74208648","chr14:74240800-74241299","chr14:74485055-74485554","chr14:74516777-74517276","chr14:74981248-74981747","chr15:59588255-59588754","chr16:28834107-28834606","chr17:47786127-47786626","chr17:61554173-61554672","chr17:61829208-61829707","chr17:61838843-61839342","chr17:62084023-62084522","chr17:62207930-62208429","chr17:62249873-62250372","chr17:6932956-6933455","chr17:73905650-73906149","chr17:75400832-75401331","chr17:75606195-75606694","chr18:3016524-3017023","chr18:3726220-3726719","chr19:2949940-2950439","chr19:36103397-36103896","chr19:38807664-38808163","chr19:39522167-39522666","chr19:39612655-39613154","chr1:109704820-109705319","chr1:111422553-111423052","chr1:145096184-145096683","chr1:145110351-145110850","chr1:150551817-150552316","chr1:153522363-153522862","chr1:160544766-160545265","chr1:161037997-161038496","chr1:198525979-198526478","chr1:198695552-198696051","chr1:224520961-224521460","chr1:224522000-224522499","chr1:224691150-224691649","chr1:225600155-225600654","chr1:225616378-225616877","chr1:226107536-226108035","chr1:226421435-226421934","chr1:230556972-230557471","chr1:232803214-232803713","chr1:232861785-232862284","chr1:85319965-85320464","chr20:44599433-44599932","chr20:44868648-44869147","chr20:62435079-62435578","chr21:16327643-16328142","chr21:16510799-16511298","chr21:16725806-16726305","chr21:16810203-16810702","chr21:16893128-16893627","chr21:16899119-16899618","chr21:40127549-40128048","chr21:40545623-40546122","chr21:45616017-45616516","chr22:42177029-42177528","chr22:42516663-42517162","chr22:42666321-42666820","chr2:108979984-108980483","chr2:109237475-109237974","chr2:127844782-127845281","chr2:191299916-191300415","chr2:191391035-191391534","chr2:191416645-191417144","chr2:191514504-191515003","chr2:191712273-191712772","chr2:191718687-191719186","chr2:191916037-191916536","chr2:191916851-191917350","chr2:191978479-191978978","chr2:192022867-192023366","chr2:192058622-192059121","chr2:203498627-203499126","chr2:203507614-203508113","chr2:231750426-231750925","chr2:231789726-231790225","chr2:231808218-231808717","chr2:27371623-27372122","chr2:27516194-27516693","chr2:27545051-27545550","chr2:27683909-27684408","chr2:27849720-27850219","chr2:32100480-32100979","chr2:32118175-32118674","chr2:32294279-32294778","chr2:32390684-32391183","chr2:32509394-32509893","chr2:38056203-38056702","chr2:38083225-38083724","chr2:61023637-61024136","chr2:61219996-61220495","chr2:69846799-69847298","chr2:70124571-70125070","chr2:74413007-74413506","chr2:85125471-85125970","chr2:85407771-85408270","chr2:9139840-9140339","chr2:9173514-9174013","chr2:9235765-9236264","chr2:9245524-9246023","chr2:9345563-9346062","chr2:9367068-9367567","chr2:9399113-9399612","chr2:9403509-9404008","chr2:9414796-9415295","chr2:9469454-9469953","chr2:9548907-9549406","chr3:101696413-101696912","chr3:101822834-101823333","chr3:101833070-101833569","chr3:107844401-107844900","chr3:148966081-148966580","chr3:149461876-149462375","chr3:15336928-15337427","chr3:169118620-169119119","chr3:169872219-169872718","chr3:179154304-179154803","chr3:179169129-179169628","chr3:28161623-28162122","chr3:49827540-49828039","chr3:50280195-50280694","chr3:50454948-50455447","chr3:50541426-50541925","chr3:50587471-50587970","chr3:52157012-52157511","chr3:52287239-52287738","chr3:53519957-53520456","chr3:53530893-53531392","chr4:110242368-110242867","chr4:110280193-110280692","chr4:110623138-110623637","chr4:110671446-110671945","chr4:122456034-122456533","chr4:122608576-122609075","chr4:122693489-122693988","chr4:122732227-122732726","chr4:122746070-122746569","chr4:143288828-143289327","chr4:143326353-143326852","chr4:143614132-143614631","chr4:143756158-143756657","chr4:144105821-144106320","chr4:38986944-38987443","chr4:38987698-38988197","chr4:38989175-38989674","chr4:39034293-39034792","chr4:39098409-39098908","chr4:48506358-48506857","chr4:48540434-48540933","chr4:48670504-48671003","chr4:48901107-48901606","chr4:57098002-57098501","chr4:57519584-57520083","chr4:57589411-57589910","chr4:57624182-57624681","chr4:57724266-57724765","chr4:83701798-83702297","chr4:83760767-83761266","chr4:83819434-83819933","chr4:84003859-84004358","chr4:84033284-84033783","chr4:84071619-84072118","chr4:84287287-84287786","chr4:84306981-84307480","chr4:84310470-84310969","chr4:90693206-90693705","chr5:130499295-130499794","chr5:130507179-130507678","chr5:130529531-130530030","chr5:130715333-130715832","chr5:130732648-130733147","chr5:130734490-130734989","chr5:130749628-130750127","chr5:130931001-130931500","chr5:130953978-130954477","chr5:138944972-138945471","chr5:139553978-139554477","chr5:159687915-159688414","chr5:179218907-179219406","chr5:73055574-73056073","chr5:76151707-76152206","chr6:100322325-100322824","chr6:10434331-10434830","chr6:10495252-10495751","chr6:10615840-10616339","chr6:10643280-10643779","chr6:108108391-108108890","chr6:108188036-108188535","chr6:108887030-108887529","chr6:10889505-10890004","chr6:108913736-108914235","chr6:109974404-109974903","chr6:11199086-11199585","chr6:11222762-11223261","chr6:138910602-138911101","chr6:138913830-138914329","chr6:139230578-139231077","chr6:139324753-139325252","chr6:139351629-139352128","chr6:139443926-139444425","chr6:139611751-139612250","chr6:139644696-139645195","chr6:139763208-139763707","chr6:139766604-139767103","chr6:25085945-25086444","chr6:31334713-31335212","chr6:31695240-31695739","chr6:31705127-31705626","chr6:32835886-32836385","chr6:33112091-33112590","chr6:33312367-33312866","chr6:33544793-33545292","chr6:33547770-33548269","chr6:99946331-99946830","chr7:11066005-11066504","chr7:128434024-128434523","chr7:128581057-128581556","chr7:128902119-128902618","chr7:150147469-150147968","chr7:150606218-150606717","chr7:150608105-150608604","chr7:2980775-2981274","chr7:3173577-3174076","chr7:39728216-39728715","chr7:40055358-40055857","chr7:44516939-44517438","chr7:44574101-44574600","chr7:44614401-44614900","chr7:72996304-72996803","chr7:73240951-73241450","chr7:73429217-73429716","chr7:73441870-73442369","chr7:73456605-73457104","chr7:73624087-73624586","chr8:103688317-103688816","chr8:103807365-103807864","chr8:103880924-103881423","chr8:103942265-103942764","chr8:104067505-104068004","chr8:104122278-104122777","chr8:104176659-104177158","chr8:104209219-104209718","chr8:104263980-104264479","chr8:104306158-104306657","chr8:109961012-109961511","chr8:110020641-110021140","chr8:110031165-110031664","chr8:110111919-110112418","chr8:22773713-22774212","chr8:71553961-71554460","chr8:97436198-97436697","chr9:100081636-100082135","chr9:100281127-100281626","chr9:100354439-100354938","chr9:100360923-100361422","chr9:100395659-100396158","chr9:100594498-100594997","chr9:100772649-100773148","chr9:100833975-100834474","chr9:101003655-101004154","chr9:116037620-116038119","chr9:116351650-116352149","chr9:15505853-15506352","chr9:15512657-15513156","chr9:5627054-5627553","chr9:75566595-75567094","chr9:75621807-75622306","chr9:76180667-76181166","chr9:76188240-76188739","chr9:91990379-91990878","chr9:92137170-92137669","chr9:92316175-92316674","chrX:118816192-118816691","chrX:77361971-77362470"],"primaries":[{"motif":{"db":0,"id":"AGGAARY","alt":"DREME","len":7,"ltrim":0,"rtrim":0,"nsites":1683,"evalue":"1.3e-153","pwm":[[0.999956,1.47347e-05,1.47347e-05,1.49724e-05],[1.49724e-05,1.47347e-05,0.999955,1.49724e-05],[1.49724e-05,1.47347e-05,0.999955,1.49724e-05],[0.999956,1.47347e-05,1.47347e-05,1.49724e-05],[0.999956,1.47347e-05,1.47347e-05,1.49724e-05],[0.442057,1.47347e-05,0.557914,1.49724e-05],[1.49724e-05,0.489588,1.47347e-05,0.510383]]},"secondaries":[[{"idx":7,"counts":[[3,6,8,5,7,7,4,6,5,9,3,5,0,6,5,11,13,7,2,6,2,8,2,7,5,6,7,8,6,5,5,6,5,10,6,6,4,8,6,7,9,8,7,3,6,7,8,9,2,4,9,2,6,11,3,6,8,3,5,3,3,4,5,5,6,3,5,5,7,5,7,5,7,6,7,0,8,2,6,11,7,9,5,8,8,4,5,5,5,13,8,2,6,4,3,4,9,6,8,12,5,6,4,4,8,6,9,5,6,10,6,8,5,7,8,8,10,7,3,7,5,12,5,5,10,4,5,5,6,4,4,4,9,4,8,4,7,8,11,0],[1,6,5,7,6,3,4,7,6,3,2,6,4,5,3,7,3,4,10,6,10,13,3,4,3,9,3,7,10,4,4,7,6,6,8,3,5,7,3,4,3,8,4,5,7,5,5,8,5,7,7,7,4,4,9,7,4,7,11,6,8,10,6,8,3,3,7,8,10,3,7,9,5,10,8,5,6,9,6,8,9,5,6,4,5,8,5,9,7,5,7,7,6,5,5,6,4,4,6,6,4,13,4,8,7,6,14,3,6,7,5,8,8,8,4,5,6,7,7,5,5,9,4,4,5,11,8,9,11,7,3,5,8,11,12,14,5,8,7,0],[31,22,12,8,10,8,11,9,9,7,5,7,9,6,9,4,10,7,12,12,5,6,5,8,10,13,6,8,5,13,5,16,9,10,8,7,7,7,7,9,14,13,11,7,9,5,5,10,5,8,6,10,9,13,7,11,9,13,8,9,17,13,8,3,7,6,11,15,9,9,7,10,14,7,13,7,11,11,9,7,5,10,9,5,12,8,12,9,8,6,13,8,13,9,8,8,7,5,6,12,5,9,12,9,6,7,13,10,10,13,8,6,7,9,9,13,5,7,10,4,14,8,10,6,9,8,12,13,9,3,10,13,4,12,4,7,7,6,8,0],[14,11,8,10,4,7,9,11,8,5,6,7,5,9,12,11,10,7,7,4,6,9,12,8,14,6,9,12,8,8,8,7,15,6,7,8,11,7,10,8,7,6,7,6,10,10,4,8,12,1,5,8,13,9,6,6,5,6,9,5,8,9,4,4,1,11,6,11,12,4,4,3,8,3,6,8,9,5,7,9,7,14,7,11,7,8,13,7,9,10,8,7,9,13,5,15,9,6,3,11,12,10,9,8,6,11,5,11,5,4,5,8,11,4,8,6,7,10,14,9,5,7,8,1,8,13,4,6,8,5,6,10,8,4,7,7,6,18,10,0]],"spacings":[{"orient":2,"bin":0,"pvalue":6.63595e-11,"inferred_pwm":[[0,0.774194,0.16129,0.0645161],[0.0645161,0.322581,0,0.612903],[0,0.0322581,0,0.967742],[0,0.129032,0.0322581,0.83871],[0,0,0.0322581,0.967742],[0.0322581,0.451613,0.516129,0],[0.290323,0.225806,0,0.483871],[0.225806,0.16129,0.193548,0.419355],[0.129032,0.258065,0.129032,0.483871],[0.0322581,0.0645161,0.16129,0.741935],[0.0645161,0.354839,0.322581,0.258065],[0.0967742,0.322581,0.0967742,0.483871]],"alignment_pwm":[null,null,[[0.290323,0.225806,0.193548,0.290323],[0.419355,0.129032,0.193548,0.258065],[0.225806,0.225806,0.387097,0.16129],[0.193548,0.290323,0.225806,0.290323],[0.451613,0.0645161,0.193548,0.290323],[0.193548,0.193548,0.322581,0.290323],[0.225806,0.129032,0.354839,0.290323],[0.290323,0.258065,0.258065,0.193548],[0.290323,0.129032,0.322581,0.258065],[0.258065,0.16129,0.290323,0.290323],[0.483871,0.0967742,0.322581,0.0967742],[0.258065,0.322581,0.354839,0.0645161],[0.741935,0.16129,0.0645161,0.0322581],[0.483871,0.129032,0.258065,0.129032],[0.419355,0.193548,0.16129,0.225806],[0.483871,0,0.225806,0.290323],[0,0.516129,0.451613,0.0322581],[0.967742,0.0322581,0,0],[0.83871,0.0322581,0.129032,0],[0.967742,0,0.0322581,0],[0.612903,0,0.322581,0.0645161],[0.0645161,0.16129,0.774194,0],[1,0,0,0],[0,0,1,0],[0,0,1,0],[1,0,0,0],[1,0,0,0],[0.322581,0,0.677419,0],[0,0.387097,0,0.612903],[0.322581,0.225806,0.322581,0.129032],[0.419355,0.193548,0.290323,0.0967742],[0.290323,0.258065,0.225806,0.225806],[0.290323,0.16129,0.290323,0.258065],[0.258065,0.225806,0.258065,0.258065],[0.387097,0.129032,0.225806,0.258065],[0.354839,0.193548,0.258065,0.193548],[0.354839,0.16129,0.290323,0.193548],[0.258065,0.290323,0.225806,0.225806],[0.322581,0.225806,0.225806,0.225806],[0.354839,0.258065,0.225806,0.16129],[0.322581,0.193548,0.129032,0.354839],[0.354839,0.225806,0.258065,0.16129],[0.322581,0.258065,0.258065,0.16129],[0.193548,0.225806,0.258065,0.322581],[0.354839,0.258065,0.16129,0.225806],[0.225806,0.129032,0.419355,0.225806],[0.225806,0.193548,0.225806,0.354839],[0.354839,0.225806,0.290323,0.129032],[0.354839,0.129032,0.193548,0.322581],[0.3,0.3,0.233333,0.166667],[0.3,0.2,0.133333,0.366667]],null],"seqs":[5,16,20,46,48,49,60,63,78,81,121,135,137,142,180,184,190,203,248,271,274,277,282,285,287,301,309,325,346,350,353]},{"orient":2,"bin":1,"pvalue":9.16787e-06,"inferred_pwm":[[0,0.818182,0,0.181818],[0,0.636364,0,0.363636],[0.0909091,0,0,0.909091],[0,0.227273,0,0.772727],[0,0,0.0454545,0.954545],[0.0454545,0.681818,0.227273,0.0454545],[0.272727,0.0909091,0,0.636364],[0.0454545,0.227273,0.227273,0.5],[0.227273,0.227273,0.272727,0.272727],[0,0.0454545,0.136364,0.818182],[0.0454545,0.272727,0.363636,0.318182],[0.272727,0.318182,0.136364,0.272727]],"alignment_pwm":[null,null,[[0.5,0,0.227273,0.272727],[0.227273,0.136364,0.227273,0.409091],[0.227273,0.181818,0.272727,0.318182],[0.318182,0.0909091,0.318182,0.272727],[0.272727,0.136364,0.318182,0.272727],[0.409091,0.136364,0.0909091,0.363636],[0.363636,0.318182,0.136364,0.181818],[0.272727,0.136364,0.181818,0.409091],[0.181818,0.181818,0.454545,0.181818],[0.409091,0.0909091,0.227273,0.272727],[0.272727,0.136364,0.318182,0.272727],[0.318182,0.363636,0.272727,0.0454545],[0.818182,0.136364,0.0454545,0],[0.272727,0.272727,0.227273,0.227273],[0.5,0.227273,0.227273,0.0454545],[0.636364,0,0.0909091,0.272727],[0.0454545,0.227273,0.681818,0.0454545],[0.954545,0.0454545,0,0],[0.772727,0,0.227273,0],[0.909091,0,0,0.0909091],[0.363636,0,0.636364,0],[0.181818,0,0.818182,0],[0.5,0.181818,0.272727,0.0454545],[1,0,0,0],[0,0,1,0],[0,0,1,0],[1,0,0,0],[1,0,0,0],[0.272727,0,0.727273,0],[0,0.454545,0,0.545455],[0.318182,0.272727,0.181818,0.227273],[0.363636,0.136364,0.227273,0.272727],[0.363636,0.272727,0.227273,0.136364],[0.227273,0.272727,0.227273,0.272727],[0.181818,0.227273,0.272727,0.318182],[0.545455,0.0909091,0.181818,0.181818],[0.318182,0.181818,0.363636,0.136364],[0.272727,0.318182,0.272727,0.136364],[0.181818,0.227273,0.363636,0.227273],[0.363636,0,0.181818,0.454545],[0.318182,0.363636,0.318182,0],[0.454545,0.136364,0.272727,0.136364],[0.318182,0.136364,0.181818,0.363636],[0.363636,0.136364,0.409091,0.0909091],[0.318182,0.227273,0.181818,0.272727],[0.272727,0.181818,0.318182,0.227273],[0.318182,0.318182,0.181818,0.181818],[0.318182,0.272727,0.181818,0.227273],[0.272727,0.227273,0.227273,0.272727],[0.409091,0.136364,0.227273,0.227273],[0.363636,0.363636,0.227273,0.0454545],[0.409091,0.136364,0.181818,0.272727],[0.454545,0.0909091,0.227273,0.227273]],null],"seqs":[47,74,75,115,124,139,154,181,188,206,208,249,250,263,269,275,279,327,336,347,349,354]},{"orient":4,"bin":0,"pvalue":1.09176e-05,"inferred_pwm":[[0,0.735294,0.205882,0.0588235],[0.0588235,0.323529,0,0.617647],[0,0.0294118,0,0.970588],[0,0.117647,0.0294118,0.852941],[0,0,0.0294118,0.970588],[0.0294118,0.470588,0.5,0],[0.323529,0.205882,0,0.470588],[0.205882,0.147059,0.205882,0.441176],[0.117647,0.235294,0.147059,0.5],[0.0294118,0.0882353,0.147059,0.735294],[0.0588235,0.323529,0.352941,0.264706],[0.0882353,0.382353,0.0882353,0.441176]],"alignment_pwm":[[[0,0.333333,0,0.666667],[0,0.666667,0.333333,0],[0.333333,0,0,0.666667],[0,0.666667,0.333333,0],[0.333333,0.333333,0.333333,0],[0.333333,0.333333,0,0.333333],[0.333333,0.333333,0,0.333333],[0,0,1,0],[0,0,0,1],[0,0,1,0],[0,0.333333,0.666667,0],[0,0.333333,0,0.666667],[0,0,0,1],[0,0,0,1],[0,0,0,1],[0,0.666667,0.333333,0],[0.666667,0,0,0.333333],[0,0,0.333333,0.666667],[0,0,0.333333,0.666667],[0,0.333333,0,0.666667],[0,0,0.666667,0.333333],[0,1,0,0],[1,0,0,0],[0,0,1,0],[0,0,1,0],[1,0,0,0],[1,0,0,0],[0.333333,0,0.666667,0],[0,0,0,1],[0,0,0.333333,0.666667],[0.666667,0,0.333333,0],[0.333333,0,0.333333,0.333333],[0,0,0,1],[0,0.333333,0,0.666667],[0.333333,0,0.333333,0.333333],[0.333333,0.333333,0,0.333333],[0.333333,0.666667,0,0],[0.666667,0,0,0.333333],[0,0.333333,0,0.666667],[0.333333,0.333333,0,0.333333],[0.333333,0,0.666667,0],[0.333333,0.333333,0,0.333333],[0.333333,0.666667,0,0],[0,0.666667,0,0.333333],[0.333333,0.333333,0.333333,0],[0.666667,0,0.333333,0],[0,0.333333,0.666667,0],[0.333333,0.333333,0,0.333333],[0,0,0.666667,0.333333],[0.333333,0.333333,0,0.333333],[0.666667,0,0.333333,0]],null,[[0.290323,0.225806,0.193548,0.290323],[0.419355,0.129032,0.193548,0.258065],[0.225806,0.225806,0.387097,0.16129],[0.193548,0.290323,0.225806,0.290323],[0.451613,0.0645161,0.193548,0.290323],[0.193548,0.193548,0.322581,0.290323],[0.225806,0.129032,0.354839,0.290323],[0.290323,0.258065,0.258065,0.193548],[0.290323,0.129032,0.322581,0.258065],[0.258065,0.16129,0.290323,0.290323],[0.483871,0.0967742,0.322581,0.0967742],[0.258065,0.322581,0.354839,0.0645161],[0.741935,0.16129,0.0645161,0.0322581],[0.483871,0.129032,0.258065,0.129032],[0.419355,0.193548,0.16129,0.225806],[0.483871,0,0.225806,0.290323],[0,0.516129,0.451613,0.0322581],[0.967742,0.0322581,0,0],[0.83871,0.0322581,0.129032,0],[0.967742,0,0.0322581,0],[0.612903,0,0.322581,0.0645161],[0.0645161,0.16129,0.774194,0],[1,0,0,0],[0,0,1,0],[0,0,1,0],[1,0,0,0],[1,0,0,0],[0.322581,0,0.677419,0],[0,0.387097,0,0.612903],[0.322581,0.225806,0.322581,0.129032],[0.419355,0.193548,0.290323,0.0967742],[0.290323,0.258065,0.225806,0.225806],[0.290323,0.16129,0.290323,0.258065],[0.258065,0.225806,0.258065,0.258065],[0.387097,0.129032,0.225806,0.258065],[0.354839,0.193548,0.258065,0.193548],[0.354839,0.16129,0.290323,0.193548],[0.258065,0.290323,0.225806,0.225806],[0.322581,0.225806,0.225806,0.225806],[0.354839,0.258065,0.225806,0.16129],[0.322581,0.193548,0.129032,0.354839],[0.354839,0.225806,0.258065,0.16129],[0.322581,0.258065,0.258065,0.16129],[0.193548,0.225806,0.258065,0.322581],[0.354839,0.258065,0.16129,0.225806],[0.225806,0.129032,0.419355,0.225806],[0.225806,0.193548,0.225806,0.354839],[0.354839,0.225806,0.290323,0.129032],[0.354839,0.129032,0.193548,0.322581],[0.3,0.3,0.233333,0.166667],[0.3,0.2,0.133333,0.366667]],null],"seqs":[42,204,358,5,16,20,46,48,49,60,63,78,81,121,135,137,142,180,184,190,203,248,271,274,277,282,285,287,301,309,325,346,350,353]}]},{"idx":10,"counts":[[21,17,11,6,10,10,9,14,6,9,4,5,7,8,4,4,6,11,8,7,7,3,8,4,8,6,8,5,3,7,6,8,7,6,14,7,5,10,8,5,10,18,9,8,10,4,8,5,8,9,4,7,6,5,6,8,6,6,8,8,13,14,10,3,7,6,8,11,2,7,5,11,14,8,9,6,7,11,11,9,6,12,8,10,9,6,12,11,6,10,3,12,10,7,5,8,7,8,5,9,4,12,8,8,11,7,8,13,12,6,8,12,8,9,7,16,10,5,8,8,13,7,6,9,12,4,9,9,6,6,11,6,9,12,4,2,10,8,8,9,5,0],[8,3,9,4,9,4,3,8,9,8,9,5,6,5,4,5,3,9,8,4,5,3,8,11,11,4,14,4,4,8,5,10,4,7,9,8,7,6,5,7,6,7,7,10,5,3,12,6,6,7,8,9,5,8,9,5,5,10,4,6,5,4,8,5,6,5,6,6,3,10,3,3,7,5,5,4,6,7,9,8,7,6,9,11,8,7,8,5,2,4,6,8,6,9,6,8,7,4,9,5,6,8,12,9,4,9,5,10,11,6,8,7,4,6,9,3,6,5,8,6,9,5,5,5,7,5,5,12,5,5,2,4,6,11,9,3,6,7,4,10,11,0],[4,4,7,9,7,2,2,4,5,4,5,5,5,3,5,4,3,9,9,4,6,6,9,7,8,7,2,6,6,1,4,3,10,8,7,9,3,6,3,4,7,7,7,4,4,7,5,5,3,3,1,7,5,2,8,2,4,7,1,4,3,9,4,6,4,5,6,6,5,4,8,2,11,8,4,2,6,3,7,2,5,7,4,3,8,8,9,7,6,6,8,13,6,4,8,5,6,10,8,4,4,8,8,6,7,5,7,5,7,4,4,6,7,10,6,6,5,10,10,6,4,6,6,3,5,5,7,3,6,2,6,7,7,2,7,5,2,1,9,8,6,0],[1,4,4,4,7,3,1,4,5,3,4,5,4,4,4,3,2,5,4,1,5,7,5,5,1,6,6,6,8,4,5,5,3,3,9,8,2,4,2,2,4,11,5,8,9,4,8,8,3,9,7,2,5,11,9,4,6,6,6,5,5,6,6,7,2,5,7,0,8,7,6,8,7,7,7,6,5,11,7,4,8,3,4,5,10,6,5,5,5,4,8,7,5,10,1,5,7,9,9,10,3,11,3,9,7,5,4,5,7,5,3,5,4,2,3,9,5,7,8,6,7,8,9,10,9,10,7,8,7,4,3,4,4,4,9,9,6,5,16,14,10,0]],"spacings":[{"orient":0,"bin":0,"pvalue":5.03188e-06,"inferred_pwm":[[0.619048,0.0952381,0.142857,0.142857],[0.52381,0.142857,0.333333,0],[0.428571,0,0.285714,0.285714],[0.714286,0,0.142857,0.142857],[0,0.0952381,0.857143,0.047619],[1,0,0,0],[1,0,0,0],[1,0,0,0],[0.761905,0.047619,0.142857,0.047619],[0.380952,0.333333,0.238095,0.047619]],"alignment_pwm":[[[0.285714,0.190476,0.238095,0.285714],[0.3,0.35,0.15,0.2],[0.5,0.15,0.05,0.3],[0.3,0.25,0.25,0.2],[0.25,0.2,0.35,0.2],[0.4,0.3,0.1,0.2],[0.35,0.1,0.3,0.25],[0.35,0.15,0.25,0.25],[0.52381,0.0952381,0.190476,0.190476],[0.285714,0.238095,0.380952,0.0952381],[0.619048,0.0952381,0.142857,0.142857],[0.52381,0.142857,0.333333,0],[0.428571,0,0.285714,0.285714],[0.714286,0,0.142857,0.142857],[0,0.0952381,0.857143,0.047619],[1,0,0,0],[1,0,0,0],[1,0,0,0],[0.761905,0.047619,0.142857,0.047619],[0.380952,0.333333,0.238095,0.047619],[1,0,0,0],[0,0,1,0],[0,0,1,0],[1,0,0,0],[1,0,0,0],[0.428571,0,0.571429,0],[0,0.380952,0,0.619048],[0.333333,0,0.428571,0.238095],[0.285714,0.142857,0.380952,0.190476],[0.333333,0.190476,0.333333,0.142857],[0.428571,0.142857,0.238095,0.190476],[0.380952,0.047619,0.333333,0.238095],[0.238095,0.238095,0.190476,0.333333],[0.333333,0.142857,0.238095,0.285714],[0.333333,0.285714,0.238095,0.142857],[0.285714,0.47619,0.0952381,0.142857],[0.428571,0.0952381,0.285714,0.190476],[0.52381,0.142857,0.190476,0.142857],[0.285714,0.190476,0.285714,0.238095],[0.428571,0.190476,0.380952,0],[0.380952,0.142857,0.333333,0.142857],[0.238095,0.0952381,0.47619,0.190476],[0.380952,0.285714,0.14285