<!DOCTYPE HTML>
<html>
  <head>
    <meta charset="UTF-8">
    <title>SpaMo - Spaced Motif Analysis</title>
    <script type="text/javascript">
      //@JSON_VAR data
      var data = {"program":"SpaMo","version":"4.11.3","revision":"c13e15f35e38483381a6e8a363f9137e303c0765","release":"Sat Mar 11 20:16:08 2017 -0800","host":"uger-c011.broadinstitute.org","when":"Sun Feb 28 15:52:15 2021","cmd":["spamo","-verbosity","1","-oc","/broad/sankaranlab/fyu/HemeMap/02262021-downMast_re-analysis/motif_denovo/all_mast0035_interactions_10x_hocomoco_meme-chip/spamo_out_2","-bgfile","/broad/sankaranlab/fyu/HemeMap/02262021-downMast_re-analysis/motif_denovo/all_mast0035_interactions_10x_hocomoco_meme-chip/background","-primary","RVCCACA","/broad/sankaranlab/fyu/HemeMap/02262021-downMast_re-analysis/motif_denovo/all_mast0035_interactions_10x_hocomoco_meme-chip/20210227-deg_interactions_peaks_all_mast0035_fa_1based.fa","/broad/sankaranlab/fyu/HemeMap/02262021-downMast_re-analysis/motif_denovo/all_mast0035_interactions_10x_hocomoco_meme-chip/dreme_out/dreme.xml","/broad/sankaranlab/fyu/HemeMap/02262021-downMast_re-analysis/motif_denovo/all_mast0035_interactions_10x_hocomoco_meme-chip/meme_out/meme.xml","/broad/sankaranlab/fyu/HemeMap/02262021-downMast_re-analysis/motif_denovo/all_mast0035_interactions_10x_hocomoco_meme-chip/dreme_out/dreme.xml","/broad/sankaranlab/fyu/motif_data/HOCOMOCOv11_core_HUMAN_mono_meme_format.meme"],"options":{"seq_min_hit_score":7,"margin":150,"bin_size":1,"bin_pvalue_calc_range":150,"use_best_secondary":0,"seq_max_shared_fract":0.5,"seq_odds_ratio":20,"bin_pvalue_cutoff":0.05,"motif_evalue_cutoff":10,"redundant_overlap":2,"redundant_joint":0.5,"motif_pseudocount":0.1,"bgfile":"/broad/sankaranlab/fyu/HemeMap/02262021-downMast_re-analysis/motif_denovo/all_mast0035_interactions_10x_hocomoco_meme-chip/background","motif_trim":0.25,"xalph":0,"seed":1,"bin_max":39},"alphabet":{"name":"DNA","like":"dna","ncore":4,"symbols":[{"symbol":"A","name":"Adenine","colour":"CC0000","complement":"T"},{"symbol":"C","name":"Cytosine","colour":"0000CC","complement":"G"},{"symbol":"G","name":"Guanine","colour":"FFB300","complement":"C"},{"symbol":"T","aliases":"U","name":"Thymine","colour":"008000","complement":"A"},{"symbol":"N","aliases":"X.","name":"Any base","equals":"ACGT"},{"symbol":"V","name":"Not T","equals":"ACG"},{"symbol":"H","name":"Not G","equals":"ACT"},{"symbol":"D","name":"Not C","equals":"AGT"},{"symbol":"B","name":"Not A","equals":"CGT"},{"symbol":"M","name":"Amino","equals":"AC"},{"symbol":"R","name":"Purine","equals":"AG"},{"symbol":"W","name":"Weak","equals":"AT"},{"symbol":"S","name":"Strong","equals":"CG"},{"symbol":"Y","name":"Pyrimidine","equals":"CT"},{"symbol":"K","name":"Keto","equals":"GT"}]},"background":[0.2443,0.2557,0.2557,0.2443],"sequence_dbs":[{"source":"/broad/sankaranlab/fyu/HemeMap/02262021-downMast_re-analysis/motif_denovo/all_mast0035_interactions_10x_hocomoco_meme-chip/20210227-deg_interactions_peaks_all_mast0035_fa_1based.fa","name":"20210227-deg_interactions_peaks_all_mast0035_fa_1based","last_modified":"Sun Feb 28 14:32:25 2021","loaded":13184,"excluded_too_short":0,"excluded_no_match":9284,"excluded_ambigs":0,"excluded_similar":24,"erased_primary_matches":1490}],"primary_dbs":[{"source":"/broad/sankaranlab/fyu/HemeMap/02262021-downMast_re-analysis/motif_denovo/all_mast0035_interactions_10x_hocomoco_meme-chip/dreme_out/dreme.xml","name":"dreme.xml","last_modified":"Sun Feb 28 15:41:49 2021","loaded":9,"excluded":8}],"secondary_dbs":[{"source":"/broad/sankaranlab/fyu/HemeMap/02262021-downMast_re-analysis/motif_denovo/all_mast0035_interactions_10x_hocomoco_meme-chip/meme_out/meme.xml","name":"meme.xml","last_modified":"Sun Feb 28 15:22:49 2021","loaded":10,"excluded":0},{"source":"/broad/sankaranlab/fyu/HemeMap/02262021-downMast_re-analysis/motif_denovo/all_mast0035_interactions_10x_hocomoco_meme-chip/dreme_out/dreme.xml","name":"dreme.xml","last_modified":"Sun Feb 28 15:41:49 2021","loaded":10,"excluded":1},{"source":"/broad/sankaranlab/fyu/motif_data/HOCOMOCOv11_core_HUMAN_mono_meme_format.meme","name":"HOCOMOCOv11_core_HUMAN_mono_meme_format","last_modified":"Sat Jun 23 07:43:00 2018","loaded":401,"excluded":0}],"secondary_motifs":[{"db":0,"id":"1","alt":"MEME","len":11,"ltrim":0,"rtrim":1,"nsites":268,"evalue":"2.2e-065","pwm":[[0.440226,0.153023,0.346981,0.0597699],[0.432766,0.126914,0.324601,0.11572],[0.522284,9.53749e-05,0.335791,0.141829],[0.317137,0.257462,0.42531,9.11227e-05],[0.675212,0.100804,0.223893,9.11227e-05],[0.0112809,9.53749e-05,0.988533,9.11227e-05],[9.11227e-05,9.53749e-05,0.999722,9.11227e-05],[0.999718,9.53749e-05,9.53749e-05,9.11227e-05],[0.999718,9.53749e-05,9.53749e-05,9.11227e-05],[0.421576,0.160484,0.417849,9.11227e-05],[0.268648,0.272382,0.0635047,0.395466]]},{"db":0,"id":"3","alt":"MEME","len":30,"ltrim":0,"rtrim":0,"nsites":12,"evalue":"3.9e-015","pwm":[[0.167309,0.663271,0.00211322,0.167309],[0.00201901,0.580625,0.250047,0.167309],[0.91111,0.00211322,0.0847575,0.00201901],[0.00201901,0.0847575,0.911204,0.00201901],[0.580531,0.00211322,0.415337,0.00201901],[0.00201901,0.911204,0.00211322,0.0846633],[0.00201901,0.00211322,0.00211322,0.993755],[0.249953,0.00211322,0.663271,0.0846633],[0.167309,0.0847575,0.663271,0.0846633],[0.91111,0.00211322,0.00211322,0.0846633],[0.0846633,0.00211322,0.911204,0.00201901],[0.249953,0.00211322,0.0847575,0.663176],[0.00201901,0.00211322,0.828559,0.167309],[0.167309,0.828559,0.00211322,0.00201901],[0.828465,0.00211322,0.00211322,0.167309],[0.0846633,0.0847575,0.828559,0.00201901],[0.167309,0.00211322,0.00211322,0.828465],[0.00201901,0.00211322,0.911204,0.0846633],[0.167309,0.00211322,0.828559,0.00201901],[0.00201901,0.663271,0.00211322,0.332597],[0.415242,0.00211322,0.332691,0.249953],[0.00201901,0.497981,0.332691,0.167309],[0.249953,0.00211322,0.415337,0.332597],[0.415242,0.0847575,0.415337,0.0846633],[0.0846633,0.00211322,0.167403,0.745821],[0.00201901,0.580625,0.00211322,0.415242],[0.332597,0.00211322,0.0847575,0.580531],[0.00201901,0.663271,0.00211322,0.332597],[0.91111,0.00211322,0.0847575,0.00201901],[0.167309,0.167403,0.663271,0.00201901]]},{"db":0,"id":"9","alt":"MEME","len":29,"ltrim":0,"rtrim":0,"nsites":6,"evalue":"1.5e+002","pwm":[[0.987611,0.0041918,0.0041918,0.00400492],[0.495808,0.0041918,0.495995,0.00400492],[0.987611,0.0041918,0.0041918,0.00400492],[0.00400492,0.65993,0.0041918,0.331873],[0.331873,0.0041918,0.495995,0.16794],[0.00400492,0.0041918,0.987798,0.00400492],[0.331873,0.168127,0.495995,0.00400492],[0.00400492,0.0041918,0.65993,0.331873],[0.00400492,0.0041918,0.0041918,0.987611],[0.00400492,0.0041918,0.0041918,0.987611],[0.00400492,0.0041918,0.0041918,0.987611],[0.00400492,0.495995,0.0041918,0.495808],[0.659743,0.168127,0.168127,0.00400492],[0.00400492,0.823864,0.0041918,0.16794],[0.00400492,0.987798,0.0041918,0.00400492],[0.987611,0.0041918,0.0041918,0.00400492],[0.00400492,0.33206,0.0041918,0.659743],[0.00400492,0.168127,0.823864,0.00400492],[0.00400492,0.0041918,0.168127,0.823677],[0.00400492,0.33206,0.0041918,0.659743],[0.331873,0.168127,0.33206,0.16794],[0.16794,0.33206,0.495995,0.00400492],[0.00400492,0.823864,0.0041918,0.16794],[0.00400492,0.33206,0.0041918,0.659743],[0.987611,0.0041918,0.0041918,0.00400492],[0.331873,0.168127,0.33206,0.16794],[0.00400492,0.0041918,0.987798,0.00400492],[0.16794,0.65993,0.0041918,0.16794],[0.331873,0.0041918,0.0041918,0.659743]]},{"db":1,"id":"AGRKGGCG","alt":"DREME","len":8,"ltrim":0,"rtrim":0,"nsites":424,"evalue":"1.2e-023","pwm":[[0.999822,6.02924e-05,6.02924e-05,5.76043e-05],[5.76043e-05,6.02924e-05,0.999824,5.76043e-05],[0.448065,6.02924e-05,0.551817,5.76043e-05],[5.76043e-05,6.02924e-05,0.598976,0.400906],[5.76043e-05,6.02924e-05,0.999824,5.76043e-05],[5.76043e-05,6.02924e-05,0.999824,5.76043e-05],[5.76043e-05,0.999824,6.02924e-05,5.76043e-05],[5.76043e-05,6.02924e-05,0.999824,5.76043e-05]]},{"db":1,"id":"BTTCCB","alt":"DREME","len":6,"ltrim":0,"rtrim":0,"nsites":8580,"evalue":"7.5e-090","pwm":[[2.84729e-06,0.457224,0.241958,0.300815],[2.84729e-06,2.98015e-06,2.98015e-06,0.999991],[2.84729e-06,2.98015e-06,2.98015e-06,0.999991],[2.84729e-06,0.999991,2.98015e-06,2.84729e-06],[2.84729e-06,0.999991,2.98015e-06,2.84729e-06],[2.84729e-06,0.456408,0.175525,0.368064]]},{"db":1,"id":"TGAGTCAB","alt":"DREME","len":8,"ltrim":0,"rtrim":0,"nsites":552,"evalue":"1.8e-048","pwm":[[4.42492e-05,4.63141e-05,4.63141e-05,0.999863],[4.42492e-05,4.63141e-05,0.999865,4.42492e-05],[0.999863,4.63141e-05,4.63141e-05,4.42492e-05],[4.42492e-05,4.63141e-05,0.999865,4.42492e-05],[4.42492e-05,4.63141e-05,4.63141e-05,0.999863],[4.42492e-05,0.999865,4.63141e-05,4.42492e-05],[0.999863,4.63141e-05,4.63141e-05,4.42492e-05],[4.42492e-05,0.371356,0.309773,0.318827]]},{"db":2,"id":"EHF_HUMAN.H11MO.0.B","len":15,"ltrim":2,"rtrim":3,"nsites":500,"evalue":"1.0e+000","url":"http://hocomoco.autosome.ru/motif/EHF_HUMAN.H11MO.0.B","pwm":[[0.249999,0.20801,0.383974,0.158017],[0.44596,0.15602,0.166018,0.232002],[0.84388,0.00604993,0.00804953,0.14202],[0.14202,0.449961,0.192013,0.216006],[0.19401,0.511949,0.293992,4.88502e-05],[0.753898,0.228006,0.0180475,4.88502e-05],[4.88502e-05,5.11298e-05,0.999851,4.88502e-05],[0.00204845,5.11298e-05,0.997852,4.88502e-05],[0.997849,5.11298e-05,0.00205073,4.88502e-05],[0.997849,5.11298e-05,5.11298e-05,0.00204845],[0.226004,0.00804953,0.765898,4.88502e-05],[0.0320425,0.184014,0.0420427,0.7419],[0.269995,0.102031,0.40597,0.222004],[0.249999,0.246002,0.40797,0.0960297],[0.168015,0.359979,0.35398,0.118025]]},{"db":2,"id":"ELF1_HUMAN.H11MO.0.A","len":14,"ltrim":2,"rtrim":0,"nsites":500,"evalue":"1.0e+000","url":"http://hocomoco.autosome.ru/motif/ELF1_HUMAN.H11MO.0.A","pwm":[[0.249999,0.252001,0.401971,0.0960297],[0.457957,0.152021,0.267998,0.122024],[0.573934,0.0880335,0.128026,0.210007],[0.218005,0.461959,0.190013,0.130023],[0.102028,0.677916,0.20801,0.0120465],[0.299989,0.673916,0.0160479,0.0100469],[4.88502e-05,5.11298e-05,0.999851,4.88502e-05],[0.00604765,5.11298e-05,0.993852,4.88502e-05],[0.997849,5.11298e-05,5.11298e-05,0.00204845],[0.987851,5.11298e-05,0.00205073,0.0100469],[0.116026,0.0320447,0.839883,0.0120465],[0.136022,0.164018,0.0440423,0.655918],[0.158017,0.15602,0.577936,0.108027],[0.126024,0.339983,0.461959,0.0720345]]},{"db":2,"id":"ELF2_HUMAN.H11MO.0.C","len":13,"ltrim":3,"rtrim":0,"nsites":500,"evalue":"1.0e+000","url":"http://hocomoco.autosome.ru/motif/ELF2_HUMAN.H11MO.0.C","pwm":[[0.39197,0.152021,0.317988,0.138021],[0.489951,0.102031,0.218008,0.190011],[0.311986,0.317988,0.297992,0.0720345],[0.0720345,0.615928,0.291993,0.0200449],[0.232002,0.739903,0.0140483,0.0140461],[0.00804725,5.11298e-05,0.985854,0.00604765],[0.0120465,0.00804953,0.977856,0.00204845],[0.973854,0.0100491,0.00804953,0.00804725],[0.979853,0.00205073,0.00804953,0.0100469],[0.0860317,0.0140483,0.889873,0.0100469],[0.130023,0.20801,0.10403,0.557937],[0.19601,0.142023,0.551941,0.110027],[0.313986,0.192013,0.433964,0.0600369]]},{"db":2,"id":"ELF3_HUMAN.H11MO.0.A","len":14,"ltrim":2,"rtrim":2,"nsites":500,"evalue":"1.0e+000","url":"http://hocomoco.autosome.ru/motif/ELF3_HUMAN.H11MO.0.A","pwm":[[0.297989,0.170017,0.389973,0.14202],[0.447959,0.152021,0.188014,0.212006],[0.869875,0.00604993,0.0280455,0.0960297],[0.14602,0.411969,0.234004,0.208007],[0.271994,0.385974,0.341983,4.88502e-05],[0.915866,0.0640383,0.0160479,0.00404805],[0.00204845,5.11298e-05,0.983854,0.0140461],[4.88502e-05,0.00604993,0.991853,0.00204845],[0.989851,5.11298e-05,0.0100491,4.88502e-05],[0.977853,5.11298e-05,0.0100491,0.0120465],[0.297989,0.0180475,0.681915,0.00204845],[0.0400409,0.148022,0.0520407,0.759897],[0.351978,0.0640383,0.397972,0.186012],[0.257997,0.20401,0.425966,0.112026]]},{"db":2,"id":"ELF5_HUMAN.H11MO.0.A","len":15,"ltrim":3,"rtrim":2,"nsites":500,"evalue":"1.0e+000","url":"http://hocomoco.autosome.ru/motif/ELF5_HUMAN.H11MO.0.A","pwm":[[0.253998,0.222007,0.40597,0.118025],[0.216006,0.202011,0.491953,0.0900309],[0.467955,0.168018,0.263998,0.100029],[0.799889,0.0220467,0.0740363,0.104028],[0.14402,0.30799,0.369977,0.178013],[0.184012,0.365978,0.443962,0.00604765],[0.683912,0.258,0.0500411,0.00804725],[4.88502e-05,5.11298e-05,0.999851,4.88502e-05],[0.00604765,0.00205073,0.991853,4.88502e-05],[0.99185,5.11298e-05,0.00604993,0.00204845],[0.981852,0.00604993,0.00604993,0.00604765],[0.150019,0.0180475,0.827886,0.00404805],[0.158017,0.15402,0.124026,0.563936],[0.257997,0.120027,0.475956,0.14602],[0.279993,0.220007,0.395972,0.104028]]},{"db":2,"id":"ERG_HUMAN.H11MO.0.A","len":13,"ltrim":1,"rtrim":0,"nsites":500,"evalue":"1.0e+000","url":"http://hocomoco.autosome.ru/motif/ERG_HUMAN.H11MO.0.A","pwm":[[0.337981,0.152021,0.359979,0.150019],[0.307987,0.15602,0.45796,0.0780333],[0.435962,0.0520407,0.45596,0.0560377],[0.102028,0.559939,0.333984,0.00404805],[0.865876,0.116028,0.0160479,0.00204845],[0.00404805,0.00405033,0.985854,0.00604765],[0.00604765,0.00405033,0.989853,4.88502e-05],[0.975854,0.0100491,0.0100491,0.00404805],[0.935862,0.00205073,0.0220467,0.0400409],[0.204008,0.0160479,0.777896,0.00204845],[0.102028,0.309989,0.174016,0.413966],[0.224004,0.160019,0.513948,0.102028],[0.261996,0.134024,0.539943,0.0640361]]},{"db":2,"id":"ETS1_HUMAN.H11MO.0.A","len":13,"ltrim":2,"rtrim":0,"nsites":500,"evalue":"1.0e+000","url":"http://hocomoco.autosome.ru/motif/ETS1_HUMAN.H11MO.0.A","pwm":[[0.367975,0.178016,0.341983,0.112026],[0.259997,0.182015,0.471957,0.0860317],[0.479953,0.0680375,0.423966,0.0280433],[0.128023,0.637924,0.228006,0.00604765],[0.615926,0.349981,0.0340443,4.88502e-05],[0.00404805,5.11298e-05,0.993852,0.00204845],[0.0120465,0.00604993,0.979855,0.00204845],[0.99185,0.00604993,5.11298e-05,0.00204845],[0.827883,0.0100491,0.00405033,0.158017],[0.184012,0.0100491,0.80589,4.88502e-05],[0.0840321,0.188014,0.0580395,0.669915],[0.130023,0.112029,0.633924,0.124024],[0.138021,0.126026,0.627926,0.108027]]},{"db":2,"id":"ETV2_HUMAN.H11MO.0.B","len":16,"ltrim":2,"rtrim":1,"nsites":229,"evalue":"1.0e+000","url":"http://hocomoco.autosome.ru/motif/ETV2_HUMAN.H11MO.0.B","pwm":[[0.32311,0.174708,0.353669,0.148513],[0.301285,0.174708,0.436602,0.0874048],[0.580639,0.135424,0.205262,0.0786749],[0.52826,0.0612203,0.384223,0.0262961],[0.56318,0.0393958,0.388588,0.00883645],[0.0262961,0.873093,0.0917746,0.00883645],[0.890547,0.104869,0.000111611,0.00447154],[0.000106635,0.000111611,0.999675,0.000106635],[0.000106635,0.00447652,0.99531,0.000106635],[0.986575,0.000111611,0.0132063,0.000106635],[0.929832,0.000111611,0.000111611,0.0699451],[0.475881,0.0175712,0.506441,0.000106635],[0.0568504,0.323115,0.0568554,0.56318],[0.349299,0.135424,0.406048,0.109229],[0.109229,0.262006,0.567549,0.0612153],[0.174703,0.288195,0.436602,0.100499]]},{"db":2,"id":"FOSL2_HUMAN.H11MO.0.A","len":12,"ltrim":2,"rtrim":1,"nsites":500,"evalue":"1.0e+000","url":"http://hocomoco.autosome.ru/motif/FOSL2_HUMAN.H11MO.0.A","pwm":[[0.19401,0.190013,0.373976,0.242],[0.281992,0.134024,0.381975,0.202008],[0.519945,0.15802,0.297992,0.0240441],[4.88502e-05,5.11298e-05,0.00205073,0.997849],[4.88502e-05,0.00205073,0.95786,0.0400409],[0.985852,0.00405033,5.11298e-05,0.0100469],[0.102028,5.11298e-05,0.897872,4.88502e-05],[0.00404805,0.00405033,0.00405033,0.987851],[0.00604765,0.991853,0.00205073,4.88502e-05],[0.997849,5.11298e-05,5.11298e-05,0.00204845],[0.0240441,0.351981,0.114028,0.509947],[0.216006,0.377976,0.138024,0.267995]]},{"db":2,"id":"FOXM1_HUMAN.H11MO.0.A","len":12,"ltrim":0,"rtrim":2,"nsites":500,"evalue":"1.0e+000","url":"http://hocomoco.autosome.ru/motif/FOXM1_HUMAN.H11MO.0.A","pwm":[[0.0560377,0.0240463,0.0340443,0.885872],[0.251998,0.0220467,0.715908,0.0100469],[0.0260437,0.0300451,0.0560399,0.887871],[4.88502e-05,0.0680375,0.0620387,0.869875],[0.00204845,0.00205073,0.0720367,0.923864],[0.319985,0.0540403,0.587934,0.0380413],[0.0740341,0.745902,0.0180475,0.162016],[0.246,0.160019,0.0380435,0.555938],[0.0480393,0.289993,0.142023,0.519945],[0.359977,0.0380435,0.0280455,0.573934],[0.108027,0.160019,0.445962,0.285992],[0.166016,0.341983,0.258,0.234002]]},{"db":2,"id":"GABPA_HUMAN.H11MO.0.A","len":14,"ltrim":3,"rtrim":1,"nsites":500,"evalue":"1.0e+000","url":"http://hocomoco.autosome.ru/motif/GABPA_HUMAN.H11MO.0.A","pwm":[[0.182012,0.226006,0.483954,0.108027],[0.285992,0.252001,0.385974,0.0760337],[0.363976,0.230005,0.269997,0.136022],[0.429963,0.146022,0.383974,0.0400409],[0.0980293,0.611929,0.269997,0.0200449],[0.112026,0.85588,0.0260459,0.00604765],[0.00804725,5.11298e-05,0.991853,4.88502e-05],[0.00804725,0.00405033,0.985854,0.00204845],[0.99585,5.11298e-05,0.00405033,4.88502e-05],[0.985852,0.00205073,5.11298e-05,0.0120465],[0.106028,0.0240463,0.867878,0.00204845],[0.0980293,0.188014,0.0320447,0.681912],[0.178013,0.130025,0.569937,0.122024],[0.287991,0.269997,0.383974,0.0580373]]},{"db":2,"id":"HNF4A_HUMAN.H11MO.0.A","len":14,"ltrim":1,"rtrim":0,"nsites":500,"evalue":"1.0e+000","url":"http://hocomoco.autosome.ru/motif/HNF4A_HUMAN.H11MO.0.A","pwm":[[0.289991,0.176016,0.417968,0.116026],[0.459957,0.0340443,0.425966,0.0800329],[0.0740341,0.0180475,0.85588,0.0520385],[0.14602,0.0440423,0.401971,0.407967],[0.134022,0.325986,0.259999,0.279993],[0.00804725,0.90387,0.00804953,0.0800329],[0.947859,0.0140483,0.0320447,0.00604765],[0.903868,0.0180475,0.0700371,0.00804725],[0.931862,5.11298e-05,0.0560399,0.0120465],[0.00604765,0.00405033,0.967858,0.0220445],[0.0280433,0.0100491,0.192013,0.769895],[0.0420405,0.639923,0.0580395,0.259997],[0.0180453,0.893872,0.0100491,0.0780333],[0.763896,0.0700371,0.0840343,0.0820325]]},{"db":2,"id":"IRF7_HUMAN.H11MO.0.C","len":10,"ltrim":0,"rtrim":0,"nsites":40,"evalue":"1.0e+000","url":"http://hocomoco.autosome.ru/motif/IRF7_HUMAN.H11MO.0.C","pwm":[[0.215173,0.0645804,0.658537,0.06171],[0.895807,0.102946,0.000637656,0.000609227],[0.998115,0.000637656,0.000637656,0.000609227],[0.895807,0.0262147,0.000637656,0.0773405],[0.102918,0.353033,0.415555,0.128495],[0.0233444,0.401345,0.1541,0.42121],[0.245012,0.0489499,0.679851,0.0261863],[0.921384,0.000637656,0.0262147,0.0517634],[0.793499,0.205254,0.000637656,0.000609227],[0.668455,0.000637656,0.0773689,0.253538]]},{"db":2,"id":"NF2L1_HUMAN.H11MO.0.C","len":7,"ltrim":1,"rtrim":1,"nsites":112,"evalue":"1.0e+000","url":"http://hocomoco.autosome.ru/motif/NF2L1_HUMAN.H11MO.0.C","pwm":[[0.42914,0.248942,0.0801803,0.241738],[0.215997,0.0467702,0.709588,0.0276447],[0.00021793,0.0002281,0.00728071,0.992273],[0.0297162,0.891559,0.00199125,0.0767336],[0.942905,0.0213859,0.00728071,0.0284284],[0.0135395,0.160229,0.0608754,0.765356],[0.173681,0.226336,0.29121,0.308773]]},{"db":2,"id":"OSR2_HUMAN.H11MO.0.C","len":16,"ltrim":4,"rtrim":0,"nsites":473,"evalue":"1.0e+000","url":"http://hocomoco.autosome.ru/motif/OSR2_HUMAN.H11MO.0.C","pwm":[[0.173377,0.164924,0.488323,0.173377],[0.0719181,0.403774,0.211426,0.312882],[0.167035,0.28752,0.12265,0.422795],[0.131102,0.346704,0.37841,0.143784],[0.0550083,0.670103,0.0592382,0.215651],[0.344588,0.0211912,0.145901,0.488321],[0.0338711,0.0169638,0.944886,0.00427907],[0.0148477,0.972364,0.00850892,0.00427907],[0.00216536,0.0486696,0.00216777,0.946997],[0.243129,0.215653,0.205085,0.336133],[0.00216536,0.991388,0.00216777,0.00427907],[0.00850651,0.173379,0.00216777,0.815947],[0.0951689,0.167038,0.61726,0.120534],[0.181831,0.446049,0.12265,0.24947],[0.302313,0.109967,0.232563,0.355156],[0.0803729,0.169151,0.587668,0.162808]]},{"db":2,"id":"PBX2_HUMAN.H11MO.0.C","len":15,"ltrim":0,"rtrim":1,"nsites":19,"evalue":"1.0e+000","url":"http://hocomoco.autosome.ru/motif/PBX2_HUMAN.H11MO.0.C","pwm":[[0.0406289,0.14772,0.349191,0.462459],[0.435701,0.102074,0.372801,0.0894227],[0.536437,0.209106,0.20281,0.0516469],[0.517549,0.165034,0.0580025,0.259414],[0.0579429,0.0517066,0.322434,0.567917],[0.0579429,0.0517066,0.00133874,0.889012],[0.0516469,0.00133874,0.81352,0.133495],[0.788276,0.00133874,0.158738,0.0516469],[0.00127906,0.165034,0.00133874,0.832348],[0.108311,0.00133874,0.00133874,0.889012],[0.00127906,0.00133874,0.78204,0.215342],[0.706429,0.0328186,0.10837,0.152383],[0.272006,0.114666,0.00133874,0.611989],[0.164974,0.00133874,0.435761,0.397926],[0.17127,0.23429,0.397985,0.196454]]},{"db":2,"id":"PO2F1_HUMAN.H11MO.0.C","len":16,"ltrim":0,"rtrim":0,"nsites":134,"evalue":"1.0e+000","url":"http://hocomoco.autosome.ru/motif/PO2F1_HUMAN.H11MO.0.C","pwm":[[0.634038,0.112048,0.15679,0.0971248],[0.432695,0.171704,0.171704,0.223896],[0.0747534,0.0449334,0.298476,0.581838],[0.0822105,0.36559,0.335761,0.216439],[0.298467,0.134419,0.469989,0.0971248],[0.492352,0.164247,0.0374763,0.305924],[0.947237,0.0374763,0.0076478,0.0076393],[0.0374678,0.0151049,0.0076478,0.939779],[0.0598391,0.000190679,0.939788,0.000182177],[0.0150964,0.462532,0.425247,0.0971248],[0.917408,0.022562,0.0300192,0.0300107],[0.820466,0.0374763,0.126962,0.0150964],[0.537095,0.0673048,0.0523905,0.34321],[0.119496,0.395418,0.0598477,0.425238],[0.604209,0.141876,0.171704,0.0822105],[0.462524,0.082219,0.0747619,0.380495]]},{"db":2,"id":"PO2F2_HUMAN.H11MO.0.A","len":11,"ltrim":1,"rtrim":1,"nsites":500,"evalue":"1.0e+000","url":"http://hocomoco.autosome.ru/motif/PO2F2_HUMAN.H11MO.0.A","pwm":[[0.427963,0.152021,0.212009,0.208007],[0.122024,0.397972,0.0700371,0.409967],[0.901868,0.0640383,0.0260459,0.00804725],[0.0160457,0.0180475,0.0420427,0.923864],[0.00804725,0.00405033,0.963858,0.0240441],[0.0760337,0.823886,0.0340443,0.0660357],[0.955858,0.0100491,0.00604993,0.0280433],[0.589931,0.0740363,0.0860339,0.249999],[0.913866,0.0260459,0.0500411,0.0100469],[0.0840321,0.0980315,0.122027,0.69591],[0.19601,0.152021,0.397972,0.253998]]},{"db":2,"id":"PO5F1_HUMAN.H11MO.0.A","len":16,"ltrim":0,"rtrim":0,"nsites":500,"evalue":"1.0e+000","url":"http://hocomoco.autosome.ru/motif/PO5F1_HUMAN.H11MO.0.A","pwm":[[0.0520385,0.519947,0.194012,0.234002],[0.0740341,0.529945,0.0800351,0.315986],[0.389971,0.0440423,0.0400431,0.525944],[0.0200449,0.0640383,0.0240463,0.89187],[0.0720345,0.0220467,0.0280455,0.877873],[0.104028,0.313988,0.515948,0.0660357],[0.379973,0.0360439,0.0320447,0.551938],[0.176014,0.250001,0.100031,0.473954],[0.883872,0.0200471,0.0320447,0.0640361],[0.0140461,0.00205073,0.0160479,0.967855],[0.0120465,0.00804953,0.921867,0.0580373],[0.0140461,0.759899,0.0940323,0.132022],[0.789891,0.0200471,0.0300451,0.160017],[0.619925,0.0600391,0.254,0.0660357],[0.829883,0.0360439,0.0680375,0.0660357],[0.160017,0.138024,0.122027,0.579933]]},{"db":2,"id":"TEAD4_HUMAN.H11MO.0.A","len":13,"ltrim":0,"rtrim":5,"nsites":500,"evalue":"1.0e+000","url":"http://hocomoco.autosome.ru/motif/TEAD4_HUMAN.H11MO.0.A","pwm":[[0.519945,0.0180475,0.397972,0.0640361],[0.283992,0.649921,0.0560399,0.0100469],[0.963856,0.0100491,0.00604993,0.0200449],[0.0160457,0.0180475,0.0100491,0.955858],[0.0440401,0.0180475,0.0700371,0.867875],[0.0200449,0.933864,0.0180475,0.0280433],[0.00204845,0.843882,0.00604993,0.148019],[0.423964,0.0620387,0.0220467,0.49195],[0.156018,0.140023,0.513948,0.190011],[0.238001,0.192013,0.427966,0.14202],[0.281992,0.375976,0.234004,0.108027],[0.467955,0.202011,0.124026,0.206008],[0.160017,0.170017,0.263998,0.405968]]},{"db":2,"id":"ZN394_HUMAN.H11MO.0.C","len":20,"ltrim":1,"rtrim":1,"nsites":363,"evalue":"1.0e+000","url":"http://hocomoco.autosome.ru/motif/ZN394_HUMAN.H11MO.0.C","pwm":[[0.297506,0.253444,0.283739,0.165311],[0.37462,0.146036,0.454491,0.0248538],[0.84281,0.0110867,0.024857,0.121246],[0.567404,0.0358732,0.314034,0.0826891],[0.291998,0.0634139,0.157052,0.487536],[0.316784,7.04214e-05,0.537113,0.146033],[0.154295,0.201117,0.600456,0.0441323],[0.694091,0.209379,0.0193489,0.077181],[0.630748,0.168068,0.0799382,0.121246],[0.291998,0.0468895,0.212133,0.448979],[0.31403,0.231412,0.278231,0.176327],[0.170819,0.192855,0.493048,0.143279],[0.630748,0.110233,0.0441354,0.214884],[0.504061,0.275477,0.0606598,0.159803],[0.399406,0.0138407,0.0744301,0.512323],[0.181835,0.027611,0.641767,0.148787],[0.256195,0.068922,0.490294,0.184589],[0.771205,0.0606598,0.126757,0.0413782],[0.757434,0.024857,0.140528,0.077181],[0.126754,0.104725,0.330558,0.437963]]},{"db":2,"id":"ZN770_HUMAN.H11MO.0.C","len":22,"ltrim":0,"rtrim":1,"nsites":490,"evalue":"1.0e+000","url":"http://hocomoco.autosome.ru/motif/ZN770_HUMAN.H11MO.0.C","pwm":[[0.226534,0.095951,0.528516,0.148999],[0.126555,0.024537,0.836616,0.0122922],[0.046979,0.0224966,0.928434,0.00209025],[0.940674,0.00617337,0.0429006,0.0102518],[0.0326962,5.2173e-05,0.957,0.0102518],[0.0286154,0.0122946,0.946798,0.0122922],[0.0408578,0.875384,0.0571834,0.026575],[0.124514,0.287749,0.044941,0.542796],[0.116353,0.0816682,0.781525,0.0204538],[0.640735,0.0714662,0.2449,0.0428982],[0.146959,0.0592238,0.763162,0.0306558],[0.191847,0.0898298,0.642778,0.0755446],[0.169403,0.402011,0.204092,0.224494],[0.328554,0.0714662,0.479546,0.120433],[0.106151,0.095951,0.755,0.0428982],[0.161241,0.0939106,0.712152,0.0326962],[0.648897,0.0469814,0.226537,0.077585],[0.0918678,0.044941,0.844778,0.0184134],[0.214292,0.100032,0.661142,0.0245346],[0.565241,0.189809,0.169405,0.0755446],[0.0898274,0.138799,0.255102,0.516271],[0.10207,0.495869,0.222456,0.179605]]}],"sequence_names":["chr10:102772642-102773141","chr10:104687310-104687809","chr10:105110642-105111141","chr10:105528031-105528530","chr10:105539214-105539713","chr10:105549515-105550014","chr10:105605705-105606204","chr10:105641917-105642416","chr10:120850461-120850960","chr10:120950732-120951231","chr10:120968500-120968999","chr10:121129745-121130244","chr10:121356292-121356791","chr10:13578679-13579178","chr10:15250873-15251372","chr10:22887253-22887752","chr10:22892058-22892557","chr10:22912566-22913065","chr10:22916373-22916872","chr10:22986057-22986556","chr10:23105188-23105687","chr10:23652351-23652850","chr10:23702542-23703041","chr10:23735599-23736098","chr10:23845869-23846368","chr10:72268554-72269053","chr10:72335635-72336134","chr10:72338075-72338574","chr10:72745447-72745946","chr10:73118001-73118500","chr10:75350988-75351487","chr10:75716242-75716741","chr10:79435000-79435499","chr10:80009977-80010476","chr11:14259081-14259580","chr11:14261718-14262217","chr11:14292673-14293172","chr11:14341539-14342038","chr11:14929166-14929665","chr11:22364978-22365477","chr11:23042783-23043282","chr11:46340074-46340573","chr11:46402057-46402556","chr11:47026182-47026681","chr11:47422204-47422703","chr11:47638543-47639042","chr11:57085803-57086302","chr11:57150735-57151234","chr11:57154720-57155219","chr11:57194804-57195303","chr11:57241496-57241995","chr11:57365501-57366000","chr11:57371721-57372220","chr11:57430247-57430746","chr11:57560342-57560841","chr11:63719292-63719791","chr11:63775191-63775690","chr11:63913594-63914093","chr11:63973901-63974400","chr11:64454638-64455137","chr11:64484496-64484995","chr11:64531674-64532173","chr11:65548024-65548523","chr11:66049814-66050313","chr11:66247235-66247734","chr11:67007171-67007670","chr11:67381378-67381877","chr11:67909376-67909875","chr11:8279821-8280320","chr12:102137459-102137958","chr12:102169540-102170039","chr12:102177039-102177538","chr12:102288497-102288996","chr12:104457712-104458211","chr12:105063712-105064211","chr12:109027486-109027985","chr12:110478092-110478591","chr12:110787463-110787962","chr12:111096573-111097072","chr12:111882611-111883110","chr12:112884835-112885334","chr12:120512744-120513243","chr12:120524749-120525248","chr12:120549267-120549766","chr12:120549948-120550447","chr12:120552732-120553231","chr12:120594508-120595007","chr12:120654948-120655447","chr12:120669080-120669579","chr12:120832387-120832886","chr12:120904277-120904776","chr12:120971034-120971533","chr12:121126532-121127031","chr12:121294726-121295225","chr12:121323919-121324418","chr12:123484379-123484878","chr12:123544079-123544578","chr12:123634313-123634812","chr12:123707723-123708222","chr12:123853660-123854159","chr12:123868071-123868570","chr12:124016569-124017068","chr12:24991404-24991903","chr12:25003409-25003908","chr12:25209359-25209858","chr12:25504933-25505432","chr12:25767950-25768449","chr12:25792312-25792811","chr12:25806735-25807234","chr12:25850862-25851361","chr12:25896662-25897161","chr12:49366285-49366784","chr12:49491769-49492268","chr12:55942005-55942504","chr12:56174445-56174944","chr12:56324565-56325064","chr12:56326153-56326652","chr12:56333948-56334447","chr12:56522935-56523434","chr12:6213148-6213647","chr12:6404280-6404779","chr12:75594621-75595120","chr12:75605744-75606243","chr12:75682643-75683142","chr12:75715955-75716454","chr12:75723803-75724302","chr12:75842405-75842904","chr12:75910527-75911026","chr12:76116410-76116909","chr12:76357898-76358397","chr12:92578847-92579346","chr12:92824905-92825404","chr12:92872416-92872915","chr12:92927213-92927712","chr12:94078453-94078952","chr12:94106809-94107308","chr12:94204687-94205186","chr12:94362594-94363093","chr13:108877741-108878240","chr13:108921965-108922464","chr13:109067268-109067767","chr13:113809353-113809852","chr13:114444212-114444711","chr13:48794899-48795398","chr13:48975546-48976045","chr13:49018591-49019090","chr13:49066590-49067089","chr13:49135482-49135981","chr13:49343184-49343683","chr13:50015902-50016401","chr14:20945690-20946189","chr14:21341796-21342295","chr14:24171971-24172470","chr14:24636529-24637028","chr14:24682826-24683325","chr14:25076223-25076722","chr14:35818970-35819469","chr14:35835235-35835734","chr14:49952004-49952503","chr14:50050542-50051041","chr14:50465830-50466329","chr14:50511684-50512183","chr14:73931700-73932199","chr14:74210266-74210765","chr14:74485055-74485554","chr14:75360289-75360788","chr15:45694276-45694775","chr15:45746966-45747465","chr15:50108073-50108572","chr15:59469120-59469619","chr15:64230542-64231041","chr15:64455155-64455654","chr15:81706873-81707372","chr16:2285568-2286067","chr16:2537977-2538476","chr16:2590848-2591347","chr16:2643509-2644008","chr16:29086056-29086555","chr16:30583806-30584305","chr16:30770127-30770626","chr16:67880386-67880885","chr16:74729705-74730204","chr16:771214-771713","chr16:89746896-89747395","chr17:26501588-26502087","chr17:26520177-26520676","chr17:26557017-26557516","chr17:26971002-26971501","chr17:27252980-27253479","chr17:40682190-40682689","chr17:43388076-43388575","chr17:47643344-47643843","chr17:48367380-48367879","chr17:48691521-48692020","chr17:48896208-48896707","chr17:48948661-48949160","chr17:55332963-55333462","chr17:55518232-55518731","chr17:56295660-56296159","chr17:56769167-56769666","chr17:61838843-61839342","chr17:74787409-74787908","chr17:74868452-74868951","chr17:74994114-74994613","chr17:75338369-75338868","chr17:75441424-75441923","chr17:79924705-79925204","chr17:80174478-80174977","chr17:80189643-80190142","chr17:80316874-80317373","chr18:11973321-11973820","chr18:12422880-12423379","chr18:12679123-12679622","chr18:33077655-33078154","chr18:33293432-33293931","chr18:3624728-3625227","chr18:46688790-46689289","chr18:46704129-46704628","chr18:47217378-47217877","chr18:77565453-77565952","chr19:10676464-10676963","chr19:10870370-10870869","chr19:13056420-13056919","chr19:14724839-14725338","chr19:18561707-18562206","chr19:18598972-18599471","chr19:18682291-18682790","chr19:18906306-18906805","chr19:19223773-19224272","chr19:2325249-2325748","chr19:2769976-2770475","chr19:35536570-35537069","chr19:35838407-35838906","chr19:36054311-36054810","chr19:36233105-36233604","chr19:36736910-36737409","chr19:38422866-38423365","chr19:38807664-38808163","chr19:38893526-38894025","chr19:39279602-39280101","chr19:39522167-39522666","chr19:39926547-39927046","chr19:40183133-40183632","chr19:40283677-40284176","chr19:40596596-40597095","chr19:41085873-41086372","chr19:45004327-45004826","chr19:45146849-45147348","chr19:45380304-45380803","chr19:49315361-49315860","chr19:49378401-49378900","chr19:49972283-49972782","chr19:50038190-50038689","chr19:50381467-50381966","chr19:50507147-50507646","chr19:55574317-55574816","chr19:55758930-55759429","chr19:56111139-56111638","chr19:56116522-56117021","chr19:56675223-56675722","chr19:5799145-5799644","chr19:58918518-58919017","chr1:109196001-109196500","chr1:109207073-109207572","chr1:110333303-110333802","chr1:11041845-11042344","chr1:111162023-111162522","chr1:111329761-111330260","chr1:1149269-1149768","chr1:145029889-145030388","chr1:145042654-145043153","chr1:150533720-150534219","chr1:155102825-155103324","chr1:155220337-155220836","chr1:160509888-160510387","chr1:160607765-160608264","chr1:160738016-160738515","chr1:160749748-160750247","chr1:160770714-160771213","chr1:160807228-160807727","chr1:160967063-160967562","chr1:161179563-161180062","chr1:161184775-161185274","chr1:161197226-161197725","chr1:182056353-182056852","chr1:182358618-182359117","chr1:19696925-19697424","chr1:198141772-198142271","chr1:198906405-198906904","chr1:202113620-202114119","chr1:202585112-202585611","chr1:220080272-220080771","chr1:22228510-22229009","chr1:22366233-22366732","chr1:223899960-223900459","chr1:224356640-224357139","chr1:224370004-224370503","chr1:224567677-224568176","chr1:224624486-224624985","chr1:225616378-225616877","chr1:226189750-226190249","chr1:226309436-226309935","chr1:230193287-230193786","chr1:230416504-230417003","chr1:230643350-230643849","chr1:233099049-233099548","chr1:24018020-24018519","chr1:24224102-24224601","chr1:244215284-244215783","chr1:244436255-244436754","chr1:244482847-244483346","chr1:244748016-244748515","chr1:244978773-244979272","chr1:245017392-245017891","chr1:245041034-245041533","chr1:245181570-245182069","chr1:245320203-245320702","chr1:245332698-245333197","chr1:25357210-25357709","chr1:40500522-40501021","chr1:45765859-45766358","chr1:46009404-46009903","chr1:54483607-54484106","chr1:54649465-54649964","chr1:67518468-67518967","chr1:67628582-67629081","chr1:67655491-67655990","chr1:67721965-67722464","chr1:67727267-67727766","chr1:67751741-67752240","chr1:67769734-67770233","chr1:68100906-68101405","chr1:85319965-85320464","chr1:87697615-87698114","chr20:17506222-17506721","chr20:17591110-17591609","chr20:17593055-17593554","chr20:17622292-17622791","chr20:17766794-17767293","chr20:17829162-17829661","chr20:17854636-17855135","chr20:17866036-17866535","chr20:17935912-17936411","chr20:17950349-17950848","chr20:17999705-18000204","chr20:24776007-24776506","chr20:24912504-24913003","chr20:25206253-25206752","chr20:2687235-2687734","chr20:2781034-2781533","chr20:3055394-3055893","chr20:3410996-3411495","chr20:34316429-34316928","chr20:34355964-34356463","chr20:3819922-3820421","chr20:4350373-4350872","chr20:43596049-43596548","chr20:43951550-43952049","chr20:52532295-52532794","chr20:52565793-52566292","chr20:52719885-52720384","chr20:52883918-52884417","chr20:57226079-57226578","chr20:57607188-57607687","chr20:60697268-60697767","chr20:60716301-60716800","chr20:60769990-60770489","chr20:60943979-60944478","chr20:61057792-61058291","chr20:61087118-61087617","chr20:62199154-62199653","chr20:62219387-62219886","chr21:16236891-16237390","chr21:16852056-16852555","chr21:16865913-16866412","chr21:16886468-16886967","chr21:16932882-16933381","chr21:30009205-30009704","chr21:30041520-30042019","chr21:30111246-30111745","chr21:30443394-30443893","chr21:30659725-30660224","chr21:30871941-30872440","chr21:30944442-30944941","chr21:34633886-34634385","chr21:34856222-34856721","chr21:39812582-39813081","chr21:40123532-40124031","chr21:40297824-40298323","chr21:40545623-40546122","chr21:44803134-44803633","chr21:45526922-45527421","chr21:48025933-48026432","chr21:48042111-48042610","chr22:22465307-22465806","chr22:29598743-29599242","chr22:36725174-36725673","chr22:36801641-36802140","chr22:36863965-36864464","chr22:40357358-40357857","chr22:42093129-42093628","chr22:42516663-42517162","chr2:10677610-10678109","chr2:109237475-109237974","chr2:109524993-109525492","chr2:11343573-11344072","chr2:118479454-118479953","chr2:118689585-118690084","chr2:11878579-11879078","chr2:11885133-11885632","chr2:118934178-118934677","chr2:11970279-11970778","chr2:12184917-12185416","chr2:12250131-12250630","chr2:127863597-127864096","chr2:128122902-128123401","chr2:145078024-145078523","chr2:145340221-145340720","chr2:145532351-145532850","chr2:181941818-181942317","chr2:182013781-182014280","chr2:182260560-182261059","chr2:182295454-182295953","chr2:182716422-182716921","chr2:191443101-191443600","chr2:191514504-191515003","chr2:191578115-191578614","chr2:191778393-191778892","chr2:191844805-191845304","chr2:191851198-191851697","chr2:191928013-191928512","chr2:192014895-192015394","chr2:192115006-192115505","chr2:192241906-192242405","chr2:192243645-192244144","chr2:192379285-192379784","chr2:197933227-197933726","chr2:197985917-197986416","chr2:197992806-197993305","chr2:197996107-197996606","chr2:198077290-198077789","chr2:198123304-198123803","chr2:198130028-198130527","chr2:198172882-198173381","chr2:198223552-198224051","chr2:198225357-198225856","chr2:198248512-198249011","chr2:198422999-198423498","chr2:198737884-198738383","chr2:198861924-198862423","chr2:201450342-201450841","chr2:201692588-201693087","chr2:202269455-202269954","chr2:202634340-202634839","chr2:202849854-202850353","chr2:231742469-231742968","chr2:232092913-232093412","chr2:232252998-232253497","chr2:232505401-232505900","chr2:232630166-232630665","chr2:27063825-27064324","chr2:27414338-27414837","chr2:27601077-27601576","chr2:27732121-27732620","chr2:27849720-27850219","chr2:27994335-27994834","chr2:32294279-32294778","chr2:32748686-32749185","chr2:37853285-37853784","chr2:38420050-38420549","chr2:38776387-38776886","chr2:55183413-55183912","chr2:55496234-55496733","chr2:60327101-60327600","chr2:60331879-60332378","chr2:60375797-60376296","chr2:60582917-60583416","chr2:60627604-60628103","chr2:60692747-60693246","chr2:60770242-60770741","chr2:60901620-60902119","chr2:60972858-60973357","chr2:68642043-68642542","chr2:69846799-69847298","chr2:73159131-73159630","chr2:73460299-73460798","chr2:74259547-74260046","chr2:74280393-74280892","chr2:75044138-75044637","chr2:75067399-75067898","chr2:75186398-75186897","chr2:84968450-84968949","chr2:85073146-85073645","chr2:85512521-85513020","chr2:85592533-85593032","chr2:85726169-85726668","chr2:85843017-85843516","chr2:86017468-86017967","chr2:9139840-9140339","chr2:9235765-9236264","chr2:9245524-9246023","chr2:9276997-9277496","chr2:9403509-9404008","chr2:9434783-9435282","chr2:9446936-9447435","chr2:9548907-9549406","chr2:9695672-9696171","chr2:9830329-9830828","chr3:101102409-101102908","chr3:101342482-101342981","chr3:101394923-101395422","chr3:101569249-101569748","chr3:101848602-101849101","chr3:122216240-122216739","chr3:122667292-122667791","chr3:127519294-127519793","chr3:128723439-128723938","chr3:128750644-128751143","chr3:128947869-128948368","chr3:128968200-128968699","chr3:129032444-129032943","chr3:129037623-129038122","chr3:129070899-129071398","chr3:129247234-129247733","chr3:129318347-129318846","chr3:148870171-148870670","chr3:149293927-149294426","chr3:149338950-149339449","chr3:149461876-149462375","chr3:149525898-149526397","chr3:15309394-15309893","chr3:15689045-15689544","chr3:168945717-168946216","chr3:169081498-169081997","chr3:170547724-170548223","chr3:170685394-170685893","chr3:170905408-170905907","chr3:170979239-170979738","chr3:178913783-178914282","chr3:178978372-178978871","chr3:179065231-179065730","chr3:179326672-179327171","chr3:179468452-179468951","chr3:183500535-183501034","chr3:183749083-183749582","chr3:184135568-184136067","chr3:184204358-184204857","chr3:184409032-184409531","chr3:27984576-27985075","chr3:28263852-28264351","chr3:28278350-28278849","chr3:28376693-28377192","chr3:28709137-28709636","chr3:50149129-50149628","chr3:50335685-50336184","chr3:50434079-50434578","chr3:50454948-50455447","chr3:51720474-51720973","chr3:52007783-52008282","chr3:52119797-52120296","chr3:52250979-52251478","chr3:53017476-53017975","chr3:53200197-53200696","chr3:53519957-53520456","chr3:57937130-57937629","chr3:58679593-58680092","chr3:58771455-58771954","chr3:87342244-87342743","chr3:99166984-99167483","chr3:99254107-99254606","chr3:99458126-99458625","chr3:99466823-99467322","chr3:99542519-99543018","chr