<!DOCTYPE HTML>
<html>
  <head>
    <meta charset="UTF-8">
    <title>SpaMo - Spaced Motif Analysis</title>
    <script type="text/javascript">
      //@JSON_VAR data
      var data = {"program":"SpaMo","version":"4.11.3","revision":"c13e15f35e38483381a6e8a363f9137e303c0765","release":"Sat Mar 11 20:16:08 2017 -0800","host":"uger-c011.broadinstitute.org","when":"Sun Feb 28 18:16:42 2021","cmd":["spamo","-verbosity","1","-oc","/broad/sankaranlab/fyu/HemeMap/02262021-downMast_re-analysis/motif_denovo/all_mast0035_interactions_10x_hocomoco_meme-chip/spamo_out_31","-bgfile","/broad/sankaranlab/fyu/HemeMap/02262021-downMast_re-analysis/motif_denovo/all_mast0035_interactions_10x_hocomoco_meme-chip/background","-primary","REL_HUMAN.H11MO.0.B","/broad/sankaranlab/fyu/HemeMap/02262021-downMast_re-analysis/motif_denovo/all_mast0035_interactions_10x_hocomoco_meme-chip/20210227-deg_interactions_peaks_all_mast0035_fa_1based.fa","/broad/sankaranlab/fyu/motif_data/HOCOMOCOv11_core_HUMAN_mono_meme_format.meme","/broad/sankaranlab/fyu/HemeMap/02262021-downMast_re-analysis/motif_denovo/all_mast0035_interactions_10x_hocomoco_meme-chip/meme_out/meme.xml","/broad/sankaranlab/fyu/HemeMap/02262021-downMast_re-analysis/motif_denovo/all_mast0035_interactions_10x_hocomoco_meme-chip/dreme_out/dreme.xml","/broad/sankaranlab/fyu/motif_data/HOCOMOCOv11_core_HUMAN_mono_meme_format.meme"],"options":{"seq_min_hit_score":7,"margin":150,"bin_size":1,"bin_pvalue_calc_range":150,"use_best_secondary":0,"seq_max_shared_fract":0.5,"seq_odds_ratio":20,"bin_pvalue_cutoff":0.05,"motif_evalue_cutoff":10,"redundant_overlap":2,"redundant_joint":0.5,"motif_pseudocount":0.1,"bgfile":"/broad/sankaranlab/fyu/HemeMap/02262021-downMast_re-analysis/motif_denovo/all_mast0035_interactions_10x_hocomoco_meme-chip/background","motif_trim":0.25,"xalph":0,"seed":1,"bin_max":68},"alphabet":{"name":"DNA","like":"dna","ncore":4,"symbols":[{"symbol":"A","name":"Adenine","colour":"CC0000","complement":"T"},{"symbol":"C","name":"Cytosine","colour":"0000CC","complement":"G"},{"symbol":"G","name":"Guanine","colour":"FFB300","complement":"C"},{"symbol":"T","aliases":"U","name":"Thymine","colour":"008000","complement":"A"},{"symbol":"N","aliases":"X.","name":"Any base","equals":"ACGT"},{"symbol":"V","name":"Not T","equals":"ACG"},{"symbol":"H","name":"Not G","equals":"ACT"},{"symbol":"D","name":"Not C","equals":"AGT"},{"symbol":"B","name":"Not A","equals":"CGT"},{"symbol":"M","name":"Amino","equals":"AC"},{"symbol":"R","name":"Purine","equals":"AG"},{"symbol":"W","name":"Weak","equals":"AT"},{"symbol":"S","name":"Strong","equals":"CG"},{"symbol":"Y","name":"Pyrimidine","equals":"CT"},{"symbol":"K","name":"Keto","equals":"GT"}]},"background":[0.2443,0.2557,0.2557,0.2443],"sequence_dbs":[{"source":"/broad/sankaranlab/fyu/HemeMap/02262021-downMast_re-analysis/motif_denovo/all_mast0035_interactions_10x_hocomoco_meme-chip/20210227-deg_interactions_peaks_all_mast0035_fa_1based.fa","name":"20210227-deg_interactions_peaks_all_mast0035_fa_1based","last_modified":"Sun Feb 28 14:32:25 2021","loaded":13184,"excluded_too_short":0,"excluded_no_match":8022,"excluded_ambigs":0,"excluded_similar":29,"erased_primary_matches":4099}],"primary_dbs":[{"source":"/broad/sankaranlab/fyu/motif_data/HOCOMOCOv11_core_HUMAN_mono_meme_format.meme","name":"HOCOMOCOv11_core_HUMAN_mono_meme_format","last_modified":"Sat Jun 23 07:43:00 2018","loaded":400,"excluded":399}],"secondary_dbs":[{"source":"/broad/sankaranlab/fyu/HemeMap/02262021-downMast_re-analysis/motif_denovo/all_mast0035_interactions_10x_hocomoco_meme-chip/meme_out/meme.xml","name":"meme.xml","last_modified":"Sun Feb 28 15:22:49 2021","loaded":10,"excluded":0},{"source":"/broad/sankaranlab/fyu/HemeMap/02262021-downMast_re-analysis/motif_denovo/all_mast0035_interactions_10x_hocomoco_meme-chip/dreme_out/dreme.xml","name":"dreme.xml","last_modified":"Sun Feb 28 15:41:49 2021","loaded":10,"excluded":0},{"source":"/broad/sankaranlab/fyu/motif_data/HOCOMOCOv11_core_HUMAN_mono_meme_format.meme","name":"HOCOMOCOv11_core_HUMAN_mono_meme_format","last_modified":"Sat Jun 23 07:43:00 2018","loaded":401,"excluded":1}],"secondary_motifs":[{"db":0,"id":"3","alt":"MEME","len":30,"ltrim":0,"rtrim":0,"nsites":12,"evalue":"3.9e-015","pwm":[[0.167309,0.663271,0.00211322,0.167309],[0.00201901,0.580625,0.250047,0.167309],[0.91111,0.00211322,0.0847575,0.00201901],[0.00201901,0.0847575,0.911204,0.00201901],[0.580531,0.00211322,0.415337,0.00201901],[0.00201901,0.911204,0.00211322,0.0846633],[0.00201901,0.00211322,0.00211322,0.993755],[0.249953,0.00211322,0.663271,0.0846633],[0.167309,0.0847575,0.663271,0.0846633],[0.91111,0.00211322,0.00211322,0.0846633],[0.0846633,0.00211322,0.911204,0.00201901],[0.249953,0.00211322,0.0847575,0.663176],[0.00201901,0.00211322,0.828559,0.167309],[0.167309,0.828559,0.00211322,0.00201901],[0.828465,0.00211322,0.00211322,0.167309],[0.0846633,0.0847575,0.828559,0.00201901],[0.167309,0.00211322,0.00211322,0.828465],[0.00201901,0.00211322,0.911204,0.0846633],[0.167309,0.00211322,0.828559,0.00201901],[0.00201901,0.663271,0.00211322,0.332597],[0.415242,0.00211322,0.332691,0.249953],[0.00201901,0.497981,0.332691,0.167309],[0.249953,0.00211322,0.415337,0.332597],[0.415242,0.0847575,0.415337,0.0846633],[0.0846633,0.00211322,0.167403,0.745821],[0.00201901,0.580625,0.00211322,0.415242],[0.332597,0.00211322,0.0847575,0.580531],[0.00201901,0.663271,0.00211322,0.332597],[0.91111,0.00211322,0.0847575,0.00201901],[0.167309,0.167403,0.663271,0.00201901]]},{"db":0,"id":"4","alt":"MEME","len":29,"ltrim":0,"rtrim":0,"nsites":7,"evalue":"2.6e-013","pwm":[[0.00344085,0.00360141,0.848672,0.144286],[0.00344085,0.00360141,0.989517,0.00344085],[0.00344085,0.848672,0.144446,0.00344085],[0.566822,0.00360141,0.426136,0.00344085],[0.00344085,0.707827,0.00360141,0.285131],[0.425976,0.00360141,0.566982,0.00344085],[0.00344085,0.00360141,0.989517,0.00344085],[0.00344085,0.00360141,0.00360141,0.989356],[0.00344085,0.00360141,0.848672,0.144286],[0.144286,0.00360141,0.848672,0.00344085],[0.00344085,0.989517,0.00360141,0.00344085],[0.425976,0.00360141,0.00360141,0.566822],[0.00344085,0.566982,0.00360141,0.425976],[0.707666,0.00360141,0.285291,0.00344085],[0.00344085,0.707827,0.00360141,0.285131],[0.285131,0.00360141,0.707827,0.00344085],[0.00344085,0.989517,0.00360141,0.00344085],[0.00344085,0.989517,0.00360141,0.00344085],[0.00344085,0.144446,0.00360141,0.848511],[0.285131,0.00360141,0.707827,0.00344085],[0.00344085,0.00360141,0.00360141,0.989356],[0.989356,0.00360141,0.00360141,0.00344085],[0.848511,0.00360141,0.144446,0.00344085],[0.00344085,0.00360141,0.00360141,0.989356],[0.144286,0.707827,0.00360141,0.144286],[0.00344085,0.848672,0.00360141,0.144286],[0.00344085,0.989517,0.00360141,0.00344085],[0.989356,0.00360141,0.00360141,0.00344085],[0.144286,0.00360141,0.848672,0.00344085]]},{"db":0,"id":"5","alt":"MEME","len":21,"ltrim":0,"rtrim":0,"nsites":55,"evalue":"4.2e-012","pwm":[[0.308973,0.290845,0.0367621,0.363419],[0.399717,0.000464065,0.000464065,0.599354],[0.381568,0.236399,0.381589,0.000443376],[0.254526,0.236399,0.0549101,0.454163],[0.0548894,0.0730591,0.163803,0.708247],[0.617503,0.000464065,0.21825,0.163782],[0.526759,0.0367621,0.0549101,0.381568],[0.871586,0.000464065,0.0367621,0.0911874],[0.835289,0.145655,0.0186131,0.000443376],[0.871586,0.000464065,0.0549101,0.0730384],[0.472312,0.0730591,0.0186131,0.436015],[0.490461,0.163803,0.21825,0.127485],[0.563056,0.181952,0.0730591,0.181931],[0.926033,0.000464065,0.000464065,0.0730384],[0.690098,0.163803,0.145655,0.000443376],[0.635652,0.000464065,0.0912081,0.272675],[0.436015,0.200101,0.127506,0.236378],[0.671949,0.0730591,0.127506,0.127485],[0.635652,0.0549101,0.000464065,0.308973],[0.581205,0.290845,0.000464065,0.127485],[0.744545,0.0186131,0.000464065,0.236378]]},{"db":0,"id":"6","alt":"MEME","len":20,"ltrim":0,"rtrim":0,"nsites":35,"evalue":"1.2e-013","pwm":[[0.0291856,0.342609,0.428078,0.200126],[0.285596,0.599019,0.00072849,0.114656],[0.342576,0.114689,0.143178,0.399556],[0.285596,0.143178,0.342609,0.228616],[0.000696011,0.428078,0.00072849,0.570497],[0.371067,0.171669,0.200159,0.257106],[0.000696011,0.655999,0.285628,0.0576762],[0.0861658,0.200159,0.00072849,0.712947],[0.200126,0.00072849,0.798449,0.000696011],[0.0861658,0.76996,0.00072849,0.143146],[0.000696011,0.997879,0.00072849,0.000696011],[0.456537,0.456569,0.00072849,0.0861658],[0.000696011,0.542039,0.00072849,0.456537],[0.000696011,0.826939,0.114689,0.0576762],[0.0861658,0.171669,0.00072849,0.741437],[0.285596,0.00072849,0.314119,0.399556],[0.000696011,0.200159,0.798449,0.000696011],[0.0291856,0.00072849,0.0861983,0.883887],[0.000696011,0.00072849,0.997879,0.000696011],[0.114656,0.00072849,0.826939,0.0576762]]},{"db":0,"id":"8","alt":"MEME","len":11,"ltrim":0,"rtrim":0,"nsites":70,"evalue":"8.2e-001","pwm":[[0.157267,0.000364765,0.842019,0.000348502],[0.143002,0.000364765,0.699366,0.157267],[0.0146141,0.328467,0.65657,0.000348502],[0.685084,0.000364765,0.0859565,0.228593],[0.285655,0.000364765,0.713632,0.000348502],[0.000348502,0.000364765,0.998938,0.000348502],[0.0431444,0.242875,0.713632,0.000348502],[0.371248,0.000364765,0.000364765,0.628023],[0.000348502,0.000364765,0.998938,0.000348502],[0.328451,0.000364765,0.670836,0.000348502],[0.157267,0.028895,0.813489,0.000348502]]},{"db":0,"id":"9","alt":"MEME","len":29,"ltrim":0,"rtrim":0,"nsites":6,"evalue":"1.5e+002","pwm":[[0.987611,0.0041918,0.0041918,0.00400492],[0.495808,0.0041918,0.495995,0.00400492],[0.987611,0.0041918,0.0041918,0.00400492],[0.00400492,0.65993,0.0041918,0.331873],[0.331873,0.0041918,0.495995,0.16794],[0.00400492,0.0041918,0.987798,0.00400492],[0.331873,0.168127,0.495995,0.00400492],[0.00400492,0.0041918,0.65993,0.331873],[0.00400492,0.0041918,0.0041918,0.987611],[0.00400492,0.0041918,0.0041918,0.987611],[0.00400492,0.0041918,0.0041918,0.987611],[0.00400492,0.495995,0.0041918,0.495808],[0.659743,0.168127,0.168127,0.00400492],[0.00400492,0.823864,0.0041918,0.16794],[0.00400492,0.987798,0.0041918,0.00400492],[0.987611,0.0041918,0.0041918,0.00400492],[0.00400492,0.33206,0.0041918,0.659743],[0.00400492,0.168127,0.823864,0.00400492],[0.00400492,0.0041918,0.168127,0.823677],[0.00400492,0.33206,0.0041918,0.659743],[0.331873,0.168127,0.33206,0.16794],[0.16794,0.33206,0.495995,0.00400492],[0.00400492,0.823864,0.0041918,0.16794],[0.00400492,0.33206,0.0041918,0.659743],[0.987611,0.0041918,0.0041918,0.00400492],[0.331873,0.168127,0.33206,0.16794],[0.00400492,0.0041918,0.987798,0.00400492],[0.16794,0.65993,0.0041918,0.16794],[0.331873,0.0041918,0.0041918,0.659743]]},{"db":1,"id":"AGAWAA","alt":"DREME","len":6,"ltrim":0,"rtrim":0,"nsites":2304,"evalue":"8.4e-025","pwm":[[0.999967,1.10976e-05,1.10976e-05,1.06028e-05],[1.06028e-05,1.10976e-05,0.999968,1.06028e-05],[0.999967,1.10976e-05,1.10976e-05,1.06028e-05],[0.641042,1.10976e-05,1.10976e-05,0.358936],[0.999967,1.10976e-05,1.10976e-05,1.06028e-05],[0.999967,1.10976e-05,1.10976e-05,1.06028e-05]]},{"db":1,"id":"CHGCCTS","alt":"DREME","len":7,"ltrim":0,"rtrim":0,"nsites":3158,"evalue":"4.0e-030","pwm":[[7.73566e-06,0.999976,8.09664e-06,7.73566e-06],[0.396132,0.246992,8.09664e-06,0.356867],[7.73566e-06,8.09664e-06,0.999976,7.73566e-06],[7.73566e-06,0.999976,8.09664e-06,7.73566e-06],[7.73566e-06,0.999976,8.09664e-06,7.73566e-06],[7.73566e-06,8.09664e-06,8.09664e-06,0.999976],[7.73566e-06,0.509492,0.490493,7.73566e-06]]},{"db":1,"id":"RVCCACA","alt":"DREME","len":7,"ltrim":0,"rtrim":0,"nsites":2479,"evalue":"1.3e-075","pwm":[[0.562714,1.03142e-05,0.437266,9.85438e-06],[0.397332,0.263413,0.339247,9.85438e-06],[9.85438e-06,0.99997,1.03142e-05,9.85438e-06],[9.85438e-06,0.99997,1.03142e-05,9.85438e-06],[0.99997,1.03142e-05,1.03142e-05,9.85438e-06],[9.85438e-06,0.99997,1.03142e-05,9.85438e-06],[0.99997,1.03142e-05,1.03142e-05,9.85438e-06]]},{"db":2,"id":"AP2C_HUMAN.H11MO.0.A","len":14,"ltrim":2,"rtrim":2,"nsites":500,"evalue":"1.0e+000","url":"http://hocomoco.autosome.ru/motif/AP2C_HUMAN.H11MO.0.A","pwm":[[0.387199,0.201041,0.269564,0.142196],[0.196085,0.123625,0.166418,0.513872],[0.184608,0.0998033,0.518377,0.197211],[0.00958174,0.506989,0.471849,0.0115796],[0.0038517,0.988137,0.00796264,4.88502e-05],[0.00191671,0.951684,0.0023955,0.0440043],[0.0500541,0.131891,0.0254232,0.792632],[0.035406,5.11298e-05,0.917077,0.0474664],[0.554975,0.0254447,0.415805,0.00377476],[0.0734748,5.11298e-05,0.924455,0.00201926],[4.88502e-05,5.11298e-05,0.997968,0.00193195],[0.0289746,0.618175,0.341,0.0118505],[0.313912,0.35152,0.097184,0.237384],[0.428239,0.170537,0.241671,0.159553]]},{"db":2,"id":"BATF3_HUMAN.H11MO.0.B","len":17,"ltrim":1,"rtrim":2,"nsites":500,"evalue":"1.0e+000","url":"http://hocomoco.autosome.ru/motif/BATF3_HUMAN.H11MO.0.B","pwm":[[0.172014,0.35398,0.20601,0.267995],[0.483952,0.0560399,0.244002,0.216006],[0.0300429,0.389973,0.501951,0.0780333],[0.0300429,0.0160479,0.0140483,0.939861],[0.0460397,0.0640383,0.00804953,0.881872],[0.0420405,0.160019,0.0420427,0.755898],[0.0180453,0.85588,0.0200471,0.106028],[0.501948,0.178016,0.120027,0.200009],[0.210007,0.182015,0.218008,0.389971],[0.230003,0.0420427,0.0640383,0.663916],[0.481952,0.198012,0.0560399,0.263996],[0.00804725,5.11298e-05,0.0100491,0.981852],[0.0120465,0.0240463,0.809889,0.154018],[0.863876,0.00604993,0.0420427,0.0880313],[0.100029,0.461959,0.317988,0.120025],[0.251998,0.120027,0.146022,0.481952],[0.242,0.385974,0.186014,0.186012]]},{"db":2,"id":"CRX_HUMAN.H11MO.0.B","len":13,"ltrim":1,"rtrim":1,"nsites":500,"evalue":"1.0e+000","url":"http://hocomoco.autosome.ru/motif/CRX_HUMAN.H11MO.0.B","pwm":[[0.247999,0.164018,0.152021,0.435962],[0.533942,0.10403,0.261999,0.100029],[0.573934,0.0460419,0.275996,0.104028],[0.172014,0.0920327,0.565938,0.170015],[0.497949,0.164018,0.261999,0.0760337],[0.19201,0.00604993,0.775896,0.0260437],[0.0320425,0.0100491,0.935864,0.0220445],[0.763896,0.218008,0.0160479,0.00204845],[4.88502e-05,5.11298e-05,5.11298e-05,0.999849],[0.0220445,0.0580395,0.0240463,0.89587],[0.879873,0.00405033,0.0340443,0.0820325],[0.269995,0.0660379,0.525946,0.138021],[0.234002,0.323986,0.343982,0.0980293]]},{"db":2,"id":"CTCF_HUMAN.H11MO.0.A","len":19,"ltrim":2,"rtrim":1,"nsites":500,"evalue":"1.0e+000","url":"http://hocomoco.autosome.ru/motif/CTCF_HUMAN.H11MO.0.A","pwm":[[0.0940301,0.359979,0.126026,0.419965],[0.152018,0.168018,0.521947,0.158017],[0.257997,0.0840343,0.55394,0.104028],[0.0680353,0.85588,0.0360439,0.0400409],[0.00204845,0.995852,0.00205073,4.88502e-05],[0.699909,0.00604993,0.242003,0.0520385],[0.0160457,0.651921,0.321987,0.0100469],[0.0980293,0.593932,0.0740363,0.234002],[0.905868,0.0180475,0.0540403,0.0220445],[0.00204845,0.00205073,0.991853,0.00404805],[0.385972,5.11298e-05,0.611929,0.00204845],[0.0260437,0.0260459,0.587934,0.359977],[0.0120465,0.00205073,0.983854,0.00204845],[0.0500389,0.0260459,0.859879,0.0640361],[0.0680353,0.875876,0.0120487,0.0440401],[0.39597,0.0140483,0.583934,0.00604765],[0.0760337,0.561939,0.325986,0.0360417],[0.0960297,0.421967,0.116028,0.365976],[0.371974,0.267998,0.315988,0.0440401]]},{"db":2,"id":"DLX3_HUMAN.H11MO.0.C","len":10,"ltrim":0,"rtrim":1,"nsites":34,"evalue":"1.0e+000","url":"http://hocomoco.autosome.ru/motif/DLX3_HUMAN.H11MO.0.C","pwm":[[0.17329,0.128569,0.659114,0.0390271],[0.412006,0.403826,0.183451,0.000716422],[0.000716422,0.023127,0.000749853,0.975407],[0.975407,0.000749853,0.023127,0.000716422],[0.997784,0.000749853,0.000749853,0.000716422],[0.000716422,0.000749853,0.000749853,0.997784],[0.000716422,0.000749853,0.0455041,0.95303],[0.541452,0.000749853,0.363888,0.0939095],[0.161041,0.515711,0.277777,0.0454707],[0.4455,0.154631,0.102795,0.297074]]},{"db":2,"id":"E2F6_HUMAN.H11MO.0.A","len":13,"ltrim":1,"rtrim":2,"nsites":500,"evalue":"1.0e+000","url":"http://hocomoco.autosome.ru/motif/E2F6_HUMAN.H11MO.0.A","pwm":[[0.337981,0.148022,0.341983,0.172014],[0.261996,0.0340443,0.55594,0.148019],[0.154018,0.126026,0.699911,0.0200449],[0.0100469,0.0160479,0.963858,0.0100469],[0.214006,0.70791,0.0120487,0.0660357],[0.0400409,0.0180475,0.893872,0.0480393],[0.0240441,0.0480415,0.895872,0.0320425],[0.0720345,0.0440423,0.871877,0.0120465],[0.94186,0.0320447,0.0140483,0.0120465],[0.511946,0.0360439,0.435964,0.0160457],[0.383972,0.10803,0.437964,0.0700349],[0.277993,0.218008,0.377976,0.126024],[0.275994,0.162019,0.425966,0.136022]]},{"db":2,"id":"EHF_HUMAN.H11MO.0.B","len":15,"ltrim":2,"rtrim":3,"nsites":500,"evalue":"1.0e+000","url":"http://hocomoco.autosome.ru/motif/EHF_HUMAN.H11MO.0.B","pwm":[[0.249999,0.20801,0.383974,0.158017],[0.44596,0.15602,0.166018,0.232002],[0.84388,0.00604993,0.00804953,0.14202],[0.14202,0.449961,0.192013,0.216006],[0.19401,0.511949,0.293992,4.88502e-05],[0.753898,0.228006,0.0180475,4.88502e-05],[4.88502e-05,5.11298e-05,0.999851,4.88502e-05],[0.00204845,5.11298e-05,0.997852,4.88502e-05],[0.997849,5.11298e-05,0.00205073,4.88502e-05],[0.997849,5.11298e-05,5.11298e-05,0.00204845],[0.226004,0.00804953,0.765898,4.88502e-05],[0.0320425,0.184014,0.0420427,0.7419],[0.269995,0.102031,0.40597,0.222004],[0.249999,0.246002,0.40797,0.0960297],[0.168015,0.359979,0.35398,0.118025]]},{"db":2,"id":"ESR1_HUMAN.H11MO.0.A","len":15,"ltrim":0,"rtrim":0,"nsites":500,"evalue":"1.0e+000","url":"http://hocomoco.autosome.ru/motif/ESR1_HUMAN.H11MO.0.A","pwm":[[0.637921,0.0480415,0.259999,0.0540381],[0.0740341,0.00604993,0.80789,0.112026],[0.0460397,0.0180475,0.90787,0.0280433],[0.0940301,0.0720367,0.178016,0.655918],[0.00204845,0.887874,0.0480415,0.0620365],[0.855878,0.00604993,0.112029,0.0260437],[0.108027,0.441963,0.311989,0.138021],[0.39597,0.60393,5.11298e-05,4.88502e-05],[0.182012,0.375976,0.285994,0.156018],[0.104028,0.0780355,0.0440423,0.773894],[0.0540381,0.0340443,0.90787,0.00404805],[0.617925,0.198012,0.0700371,0.114026],[0.0400409,0.883874,0.0140483,0.0620365],[0.0900309,0.821887,0.00804953,0.0800329],[0.0580373,0.329985,0.0660379,0.54594]]},{"db":2,"id":"ESR2_HUMAN.H11MO.0.A","len":15,"ltrim":0,"rtrim":0,"nsites":497,"evalue":"1.0e+000","url":"http://hocomoco.autosome.ru/motif/ESR2_HUMAN.H11MO.0.A","pwm":[[0.494919,0.0966115,0.362152,0.0463175],[0.114714,0.0121214,0.790637,0.0825275],[0.0463175,0.0262031,0.859034,0.0684458],[0.0966092,0.116728,0.229382,0.557281],[0.0161425,0.798684,0.0523548,0.132819],[0.621654,0.0342498,0.247487,0.0966092],[0.0925859,0.511015,0.265592,0.130808],[4.9145e-05,0.667925,5.14383e-05,0.331974],[0.122761,0.422502,0.267603,0.187134],[0.0402825,0.23944,0.0302265,0.690051],[0.0825275,0.0262031,0.89122,4.9145e-05],[0.521071,0.273638,0.0865531,0.118738],[0.0241892,0.844952,0.0221798,0.108679],[0.0825275,0.846964,0.0121214,0.0583875],[0.0724692,0.356117,0.0362615,0.535153]]},{"db":2,"id":"ETS1_HUMAN.H11MO.0.A","len":13,"ltrim":2,"rtrim":0,"nsites":500,"evalue":"1.0e+000","url":"http://hocomoco.autosome.ru/motif/ETS1_HUMAN.H11MO.0.A","pwm":[[0.367975,0.178016,0.341983,0.112026],[0.259997,0.182015,0.471957,0.0860317],[0.479953,0.0680375,0.423966,0.0280433],[0.128023,0.637924,0.228006,0.00604765],[0.615926,0.349981,0.0340443,4.88502e-05],[0.00404805,5.11298e-05,0.993852,0.00204845],[0.0120465,0.00604993,0.979855,0.00204845],[0.99185,0.00604993,5.11298e-05,0.00204845],[0.827883,0.0100491,0.00405033,0.158017],[0.184012,0.0100491,0.80589,4.88502e-05],[0.0840321,0.188014,0.0580395,0.669915],[0.130023,0.112029,0.633924,0.124024],[0.138021,0.126026,0.627926,0.108027]]},{"db":2,"id":"ETV5_HUMAN.H11MO.0.C","len":14,"ltrim":1,"rtrim":1,"nsites":500,"evalue":"1.0e+000","url":"http://hocomoco.autosome.ru/motif/ETV5_HUMAN.H11MO.0.C","pwm":[[0.327983,0.180015,0.381975,0.110027],[0.455958,0.0880335,0.327986,0.128023],[0.297989,0.0980315,0.493952,0.110027],[0.200009,0.417968,0.345982,0.0360417],[0.839881,0.0360439,0.0840343,0.0400409],[0.0160457,0.00604993,0.961859,0.0160457],[0.0440401,0.0160479,0.935864,0.00404805],[0.79389,0.0680375,0.102031,0.0360417],[0.94586,0.00604993,0.0120487,0.0360417],[0.371974,0.0620387,0.547942,0.0180453],[0.228003,0.100031,0.232005,0.439961],[0.218005,0.10603,0.537944,0.138021],[0.405968,0.120027,0.385974,0.0880313],[0.271994,0.216008,0.373976,0.138021]]},{"db":2,"id":"FLI1_HUMAN.H11MO.0.A","len":18,"ltrim":2,"rtrim":1,"nsites":497,"evalue":"1.0e+000","url":"http://hocomoco.autosome.ru/motif/FLI1_HUMAN.H11MO.0.A","pwm":[[0.209263,0.22737,0.440607,0.122761],[0.315881,0.148915,0.43256,0.102644],[0.446639,0.0865531,0.374222,0.0925859],[0.201216,0.0543665,0.653843,0.0905742],[0.299788,0.0362615,0.635738,0.0282125],[0.422499,0.388303,0.183113,0.00608415],[0.915358,0.0342498,0.0402848,0.0101075],[0.00407248,0.00407477,0.981745,0.0101075],[0.00206081,0.0121214,0.985769,4.9145e-05],[0.937486,0.0181564,0.0443081,4.9145e-05],[0.957603,0.00206311,0.0262031,0.0141308],[0.146901,0.0282148,0.822824,0.00206081],[0.134831,0.171043,0.500957,0.193169],[0.410429,0.124775,0.402385,0.0624108],[0.394336,0.0764948,0.474805,0.0543642],[0.301799,0.120751,0.509003,0.0684458],[0.241449,0.150927,0.52912,0.0785042],[0.388301,0.13081,0.364163,0.116726]]},{"db":2,"id":"FOXA3_HUMAN.H11MO.0.B","len":13,"ltrim":2,"rtrim":0,"nsites":500,"evalue":"1.0e+000","url":"http://hocomoco.autosome.ru/motif/FOXA3_HUMAN.H11MO.0.B","pwm":[[0.158017,0.465958,0.216008,0.160017],[0.228003,0.250001,0.0780355,0.44396],[0.0120465,5.11298e-05,0.00604993,0.981852],[0.246,0.00804953,0.737904,0.00804725],[0.00804725,0.0220467,0.0140483,0.955858],[0.00604765,5.11298e-05,0.0360439,0.957857],[0.00804725,5.11298e-05,0.271997,0.719905],[0.855878,0.00604993,0.114028,0.0240441],[0.00404805,0.873876,0.0220467,0.100029],[0.367975,0.152021,0.00804953,0.471954],[0.0940301,0.232005,0.10603,0.567935],[0.425964,0.0140483,0.0540403,0.505948],[0.154018,0.116028,0.577936,0.152018]]},{"db":2,"id":"FOXJ3_HUMAN.H11MO.0.A","len":13,"ltrim":1,"rtrim":0,"nsites":626,"evalue":"1.0e+000","url":"http://hocomoco.autosome.ru/motif/FOXJ3_HUMAN.H11MO.0.A","pwm":[[0.194104,0.146489,0.164705,0.494703],[3.90193e-05,4.08401e-05,4.08401e-05,0.999879],[0.0829608,4.08401e-05,0.914275,0.00272314],[0.00111267,4.08401e-05,4.08401e-05,0.998806],[3.90193e-05,4.08401e-05,4.08401e-05,0.999879],[0.00887182,4.08401e-05,0.175706,0.815382],[0.81815,4.08401e-05,0.0369619,0.144847],[3.90193e-05,0.0711421,4.08401e-05,0.928778],[0.113303,4.08401e-05,0.430182,0.456474],[0.0440537,4.08401e-05,0.325668,0.630237],[0.0528122,4.08401e-05,0.0291576,0.917989],[0.00590373,0.0101747,0.0168457,0.967076],[0.358503,0.0704084,0.138477,0.432612]]},{"db":2,"id":"FOXP1_HUMAN.H11MO.0.A","len":9,"ltrim":0,"rtrim":0,"nsites":295,"evalue":"1.0e+000","url":"http://hocomoco.autosome.ru/motif/FOXP1_HUMAN.H11MO.0.A","pwm":[[0.0576904,0.139023,0.176298,0.626989],[0.0136375,0.281347,0.311845,0.39317],[0.00686015,0.0204187,0.0305848,0.942136],[0.0204149,0.0407508,0.84048,0.0983546],[8.27855e-05,0.0170301,0.0576942,0.925193],[0.00686015,0.0949697,0.0407508,0.857419],[0.0102488,0.0136414,0.081415,0.894695],[0.525328,0.345732,0.0373621,0.0915772],[0.0170262,0.484668,0.0102527,0.488053]]},{"db":2,"id":"GFI1_HUMAN.H11MO.0.C","len":10,"ltrim":0,"rtrim":0,"nsites":150,"evalue":"1.0e+000","url":"http://hocomoco.autosome.ru/motif/GFI1_HUMAN.H11MO.0.C","pwm":[[0.291437,0.0696386,0.587358,0.0515656],[0.0778602,0.68427,0.139396,0.0984741],[0.405077,0.100484,0.0757651,0.418673],[0.0521431,0.285494,0.562928,0.0994346],[0.239212,0.0171373,0.0800836,0.663567],[0.000162758,0.000170353,0.999504,0.000162758],[0.999497,0.000170353,0.000170353,0.000162758],[0.000162758,0.000170353,0.000170353,0.999497],[0.000162758,0.000170353,0.000170353,0.999497],[0.103596,0.118154,0.190868,0.587382]]},{"db":2,"id":"HINFP_HUMAN.H11MO.0.C","len":16,"ltrim":2,"rtrim":1,"nsites":42,"evalue":"1.0e+000","url":"http://hocomoco.autosome.ru/motif/HINFP_HUMAN.H11MO.0.C","pwm":[[0.327109,0.0662264,0.397724,0.208941],[0.333644,0.381252,0.141783,0.143322],[0.0465944,0.405825,0.476413,0.0711679],[0.190902,0.358245,0.166356,0.284497],[0.238483,0.23851,0.0711949,0.451812],[0.473253,0.310664,0.167922,0.0481608],[0.166329,0.118775,0.57314,0.141755],[0.0711679,0.927644,0.000607363,0.000580285],[0.000580285,0.000607363,0.998232,0.000580285],[0.0481608,0.0236144,0.927644,0.000580285],[0.973632,0.0251808,0.000607363,0.000580285],[0.000580285,0.950652,0.0481879,0.000580285],[0.000580285,0.0711949,0.85549,0.0727343],[0.0235873,0.000607363,0.000607363,0.975198],[0.192469,0.0236144,0.117209,0.666708],[0.385801,0.269227,0.26766,0.0773112]]},{"db":2,"id":"IKZF1_HUMAN.H11MO.0.C","len":8,"ltrim":0,"rtrim":0,"nsites":60,"evalue":"1.0e+000","url":"http://hocomoco.autosome.ru/motif/IKZF1_HUMAN.H11MO.0.C","pwm":[[0.0427807,0.286028,0.237721,0.433471],[0.0580354,0.0885638,0.000425458,0.852975],[0.0563404,0.000425458,0.942828,0.000406489],[0.0190511,0.0309349,0.949607,0.000406489],[0.000406489,0.0173751,0.981812,0.000406489],[0.849585,0.000425458,0.149583,0.000406489],[0.320755,0.0309349,0.532645,0.115664],[0.415674,0.0394097,0.368233,0.176683]]},{"db":2,"id":"IRF3_HUMAN.H11MO.0.B","len":20,"ltrim":0,"rtrim":0,"nsites":500,"evalue":"1.0e+000","url":"http://hocomoco.autosome.ru/motif/IRF3_HUMAN.H11MO.0.B","pwm":[[0.299989,0.0780355,0.513948,0.108027],[0.603928,0.0440423,0.299991,0.0520385],[0.677913,0.0660379,0.214008,0.0420405],[0.719905,0.0740363,0.110029,0.0960297],[0.305988,0.10803,0.45596,0.130023],[0.224004,0.0540403,0.55794,0.164016],[0.202008,0.0540403,0.731905,0.0120465],[0.819885,0.0180475,0.148022,0.0140461],[0.815886,0.0360439,0.126026,0.0220445],[0.899869,0.0160479,0.0300451,0.0540381],[0.224004,0.261999,0.445962,0.0680353],[0.29199,0.0880335,0.401971,0.218005],[0.200009,0.00604993,0.783894,0.0100469],[0.673914,0.0240463,0.289993,0.0120465],[0.879873,0.0360439,0.0720367,0.0120465],[0.94186,0.00405033,0.0400431,0.0140461],[0.0960297,0.313988,0.547942,0.0420405],[0.265996,0.142023,0.273996,0.317985],[0.228003,0.122027,0.585934,0.0640361],[0.681912,0.0700371,0.178016,0.0700349]]},{"db":2,"id":"IRF8_HUMAN.H11MO.0.B","len":20,"ltrim":2,"rtrim":2,"nsites":500,"evalue":"1.0e+000","url":"http://hocomoco.autosome.ru/motif/IRF8_HUMAN.H11MO.0.B","pwm":[[0.359977,0.174016,0.309989,0.156018],[0.487951,0.0940323,0.20801,0.210007],[0.567935,0.102031,0.138024,0.19201],[0.54394,0.0560399,0.15402,0.246],[0.317985,0.136024,0.477956,0.0680353],[0.483952,0.136024,0.347982,0.0320425],[0.206008,0.00205073,0.787894,0.00404805],[0.138021,0.00205073,0.85788,0.00204845],[0.99185,0.00604993,0.00205073,4.88502e-05],[0.961856,0.0160479,0.00604993,0.0160457],[0.138021,0.317988,0.521947,0.0220445],[0.0720345,0.0660379,5.11298e-05,0.861876],[0.0180453,0.00604993,0.965858,0.0100469],[0.867875,0.00804953,0.10603,0.0180453],[0.847879,0.0160479,0.122027,0.0140461],[0.947859,0.0160479,0.0140483,0.0220445],[0.106028,0.413968,0.465958,0.0140461],[0.132022,0.246002,0.0580395,0.563936],[0.34598,0.152021,0.323986,0.178013],[0.379973,0.170017,0.299991,0.150019]]},{"db":2,"id":"MAZ_HUMAN.H11MO.0.A","len":22,"ltrim":1,"rtrim":0,"nsites":500,"evalue":"1.0e+000","url":"http://hocomoco.autosome.ru/motif/MAZ_HUMAN.H11MO.0.A","pwm":[[0.216006,0.144022,0.50395,0.136022],[0.283992,0.0240463,0.651921,0.0400409],[0.301988,0.0120487,0.673916,0.0120465],[0.0820325,0.0180475,0.865878,0.0340421],[0.0520385,0.112029,0.825886,0.0100469],[0.647919,0.0880335,0.0260459,0.238001],[0.0540381,0.0100491,0.90587,0.0300429],[0.114026,0.0200471,0.851881,0.0140461],[0.265996,0.0340443,0.665918,0.0340421],[0.271994,0.00804953,0.679915,0.0400409],[0.114026,0.202011,0.65592,0.0280433],[0.317985,0.134024,0.331985,0.216006],[0.174014,0.0400431,0.697912,0.0880313],[0.333982,0.0540403,0.55394,0.0580373],[0.190011,0.120027,0.647922,0.0420405],[0.365976,0.0780355,0.511949,0.0440401],[0.299989,0.0720367,0.569937,0.0580373],[0.329983,0.134024,0.45596,0.0800329],[0.259997,0.0620387,0.55594,0.122024],[0.273994,0.20401,0.445962,0.0760337],[0.355978,0.10603,0.429965,0.108027],[0.273994,0.0980315,0.561939,0.0660357]]},{"db":2,"id":"MECP2_HUMAN.H11MO.0.C","len":7,"ltrim":0,"rtrim":0,"nsites":119,"evalue":"1.0e+000","url":"http://hocomoco.autosome.ru/motif/MECP2_HUMAN.H11MO.0.C","pwm":[[0.0251894,0.591404,0.358217,0.0251894],[0.000205122,0.999375,0.000214694,0.000205122],[0.000205122,0.999375,0.000214694,0.000205122],[0.000205122,0.000214694,0.999375,0.000205122],[0.000205122,0.000214694,0.999375,0.000205122],[0.574791,0.000214694,0.424789,0.000205122],[0.441541,0.000214694,0.558039,0.000205122]]},{"db":2,"id":"MEF2A_HUMAN.H11MO.0.A","len":13,"ltrim":1,"rtrim":1,"nsites":500,"evalue":"1.0e+000","url":"http://hocomoco.autosome.ru/motif/MEF2A_HUMAN.H11MO.0.A","pwm":[[0.273994,0.0780355,0.244002,0.403968],[0.128023,0.0800351,0.387974,0.403968],[0.0280433,0.723906,0.0500411,0.198009],[0.00204845,0.0560399,5.11298e-05,0.94186],[0.927863,0.00604993,0.00804953,0.0580373],[0.0640361,0.00205073,0.00804953,0.925864],[0.102028,0.00205073,0.00405033,0.89187],[0.0140461,0.0480415,0.0100491,0.927863],[0.134022,0.0820347,0.0120487,0.771894],[0.140021,0.0360439,0.116028,0.707907],[0.549939,0.00205073,0.435964,0.0120465],[0.160017,0.0380435,0.65792,0.14402],[0.359977,0.383974,0.10403,0.152018]]},{"db":2,"id":"MEF2B_HUMAN.H11MO.0.A","len":14,"ltrim":2,"rtrim":0,"nsites":500,"evalue":"1.0e+000","url":"http://hocomoco.autosome.ru/motif/MEF2B_HUMAN.H11MO.0.A","pwm":[[0.253998,0.118028,0.413968,0.214006],[0.19401,0.110029,0.252001,0.44396],[0.204008,0.0360439,0.271997,0.487951],[0.168015,0.10403,0.373976,0.353978],[0.0480393,0.771897,0.0400431,0.140021],[0.00204845,0.0880335,0.00205073,0.907867],[0.861876,0.0260459,0.0320447,0.0800329],[0.106028,0.0200471,0.00604993,0.867875],[0.0760337,0.00604993,0.00405033,0.913866],[0.0360417,0.0480415,0.0140483,0.901868],[0.134022,0.118028,0.0480415,0.699909],[0.170015,0.0560399,0.140023,0.633922],[0.471954,5.11298e-05,0.487954,0.0400409],[0.122024,0.0520407,0.695912,0.130023]]},{"db":2,"id":"MEF2C_HUMAN.H11MO.0.A","len":13,"ltrim":1,"rtrim":1,"nsites":500,"evalue":"1.0e+000","url":"http://hocomoco.autosome.ru/motif/MEF2C_HUMAN.H11MO.0.A","pwm":[[0.297989,0.0740363,0.283994,0.34398],[0.104028,0.0920327,0.419967,0.383972],[0.0300429,0.691913,0.0460419,0.232002],[0.00204845,0.0620387,5.11298e-05,0.935862],[0.947859,0.0160479,0.00604993,0.0300429],[0.0600369,0.00604993,0.00205073,0.931862],[0.0800329,0.0120487,0.00604993,0.901868],[0.0240441,0.0380435,0.0100491,0.927863],[0.148019,0.0900331,0.0220467,0.739901],[0.138021,0.0420427,0.122027,0.697909],[0.565936,0.00405033,0.421967,0.00804725],[0.154018,0.0720367,0.633924,0.140021],[0.359977,0.363978,0.102031,0.174014]]},{"db":2,"id":"NFAC1_HUMAN.H11MO.0.B","len":15,"ltrim":0,"rtrim":2,"nsites":500,"evalue":"1.0e+000","url":"http://hocomoco.autosome.ru/motif/NFAC1_HUMAN.H11MO.0.B","pwm":[[0.481952,0.230005,0.234004,0.0540381],[0.39397,0.0500411,0.0600391,0.49595],[0.0840321,0.00804953,0.90387,0.00404805],[0.0140461,0.0460419,0.929865,0.0100469],[0.94586,0.0120487,0.0360439,0.00604765],[0.809887,0.0680375,0.10403,0.0180453],[0.821884,0.0680375,0.0840343,0.0260437],[0.499949,0.166018,0.267998,0.0660357],[0.49395,0.0520407,0.142023,0.311986],[0.355978,0.238004,0.345982,0.0600369],[0.487951,0.0880335,0.0440423,0.379973],[0.263996,0.0300451,0.547942,0.158017],[0.537941,0.122027,0.222007,0.118025],[0.429963,0.317988,0.188014,0.0640361],[0.449959,0.120027,0.138024,0.29199]]},{"db":2,"id":"NFAC2_HUMAN.H11MO.0.B","len":9,"ltrim":0,"rtrim":1,"nsites":86,"evalue":"1.0e+000","url":"http://hocomoco.autosome.ru/motif/NFAC2_HUMAN.H11MO.0.B","pwm":[[0.256308,0.0565983,0.145418,0.541676],[0.00028374,0.00029698,0.999136,0.00028374],[0.00028374,0.00029698,0.999136,0.00028374],[0.999122,0.00029698,0.00029698,0.00028374],[0.971586,0.00029698,0.027833,0.00028374],[0.951158,0.0170153,0.0315425,0.00028374],[0.795017,0.0583193,0.0612696,0.0853937],[0.297142,0.133371,0.0989508,0.470536],[0.159954,0.235156,0.171233,0.433658]]},{"db":2,"id":"NOBOX_HUMAN.H11MO.0.C","len":9,"ltrim":1,"rtrim":1,"nsites":66,"evalue":"1.0e+000","url":"http://hocomoco.autosome.ru/motif/NOBOX_HUMAN.H11MO.0.C","pwm":[[0.291431,0.329396,0.0510037,0.328169],[0.000369592,0.000386838,0.000386838,0.998857],[0.973548,0.000386838,0.000386838,0.025678],[0.973548,0.0256953,0.000386838,0.000369592],[0.025678,0.0256953,0.0256953,0.922931],[0.025678,0.000386838,0.10162,0.872315],[0.366089,0.000386838,0.633155,0.000369592],[0.18893,0.304116,0.443298,0.063655],[0.0826363,0.271214,0.171219,0.474931]]},{"db":2,"id":"OSR2_HUMAN.H11MO.0.C","len":16,"ltrim":4,"rtrim":0,"nsites":473,"evalue":"1.0e+000","url":"http://hocomoco.autosome.ru/motif/OSR2_HUMAN.H11MO.0.C","pwm":[[0.173377,0.164924,0.488323,0.173377],[0.0719181,0.403774,0.211426,0.312882],[0.167035,0.28752,0.12265,0.422795],[0.131102,0.346704,0.37841,0.143784],[0.0550083,0.670103,0.0592382,0.215651],[0.344588,0.0211912,0.145901,0.488321],[0.0338711,0.0169638,0.944886,0.00427907],[0.0148477,0.972364,0.00850892,0.00427907],[0.00216536,0.0486696,0.00216777,0.946997],[0.243129,0.215653,0.205085,0.336133],[0.00216536,0.991388,0.00216777,0.00427907],[0.00850651,0.173379,0.00216777,0.815947],[0.0951689,0.167038,0.61726,0.120534],[0.181831,0.446049,0.12265,0.24947],[0.302313,0.109967,0.232563,0.355156],[0.0803729,0.169151,0.587668,0.162808]]},{"db":2,"id":"OTX2_HUMAN.H11MO.0.A","len":11,"ltrim":1,"rtrim":1,"nsites":500,"evalue":"1.0e+000","url":"http://hocomoco.autosome.ru/motif/OTX2_HUMAN.H11MO.0.A","pwm":[[0.44396,0.140023,0.256,0.160017],[0.379973,0.0600391,0.417968,0.14202],[0.333982,0.0820347,0.527946,0.0560377],[0.210007,0.00205073,0.771897,0.0160457],[0.0320425,0.0400431,0.923866,0.00404805],[0.835882,0.152021,0.00405033,0.00804725],[0.00204845,0.00604993,0.00405033,0.987851],[0.0140461,0.0200471,0.00804953,0.957857],[0.883872,0.00405033,0.0220467,0.0900309],[0.427963,0.0500411,0.401971,0.120025],[0.208007,0.35798,0.35598,0.0780333]]},{"db":2,"id":"PATZ1_HUMAN.H11MO.0.C","len":22,"ltrim":0,"rtrim":1,"nsites":491,"evalue":"1.0e+000","url":"http://hocomoco.autosome.ru/motif/PATZ1_HUMAN.H11MO.0.C","pwm":[[0.234218,0.0916831,0.560019,0.114079],[0.136478,0.0265233,0.639433,0.197566],[0.142587,0.0835381,0.682194,0.0916808],[0.0407746,0.0855744,0.841021,0.0326297],[0.458205,0.287163,0.13648,0.118152],[0.244399,0.0611394,0.623143,0.0713183],[0.142587,0.0305957,0.706629,0.120188],[0.215892,0.0652119,0.692375,0.0265209],[0.126297,0.016342,0.84713,0.010231],[0.211819,0.118154,0.614998,0.0550284],[0.41748,0.557983,0.00819705,0.0163397],[0.0794633,0.0285595,0.553911,0.338066],[0.0285572,0.142589,0.76568,0.0631733],[0.160913,0.160915,0.606853,0.0713183],[0.327885,0.0631757,0.578346,0.0305934],[0.291233,0.191459,0.49486,0.0224484],[0.240327,0.240329,0.34825,0.171094],[0.158877,0.0753931,0.576309,0.189421],[0.128333,0.0570669,0.773825,0.0407746],[0.413408,0.21793,0.313634,0.0550284],[0.317704,0.0143058,0.623143,0.0448471],[0.138514,0.203677,0.488751,0.169058]]},{"db":2,"id":"PAX5_HUMAN.H11MO.0.A","len":21,"ltrim":0,"rtrim":0,"nsites":202,"evalue":"1.0e+000","url":"http://hocomoco.autosome.ru/motif/PAX5_HUMAN.H11MO.0.A","pwm":[[0.133718,0.282165,0.504827,0.0792896],[0.12877,0.499879,0.188152,0.183199],[0.148562,0.415762,0.331646,0.10403],[0.202991,0.054555,0.257425,0.485029],[0.198043,0.0446589,0.752229,0.00506893],[0.158458,0.138672,0.539463,0.163406],[0.0248611,0.11888,0.62358,0.232679],[0.0347572,0.875931,0.0595031,0.0298092],[0.781912,0.0347628,0.163412,0.0199131],[0.386068,0.113932,0.465243,0.0347572],[0.0347572,0.732437,0.128776,0.10403],[0.410809,0.267321,0.277217,0.0446533],[0.311848,0.0199187,0.618632,0.0496013],[0.682951,0.0397109,0.163412,0.113926],[0.0347572,0.163412,0.772022,0.0298092],[0.010017,0.781918,0.0446589,0.163406],[0.217835,0.0347628,0.717593,0.0298092],[0.321744,0.0298148,0.158464,0.489977],[0.173302,0.0298148,0.791814,0.00506893],[0.8116,0.0347628,0.104035,0.0496013],[0.118874,0.80171,0.0298148,0.0496013]]},{"db":2,"id":"PEBB_HUMAN.H11MO.0.C","len":11,"ltrim":0,"rtrim":1,"nsites":23,"evalue":"1.0e+000","url":"http://hocomoco.autosome.ru/motif/PEBB_HUMAN.H11MO.0.C","pwm":[[0.0161435,0.263602,0.179121,0.541134],[0.0432982,0.417478,0.133863,0.40536],[0.0312294,0.00110693,0.0493819,0.918282],[0.00105758,0.151966,0.809712,0.0372638],[0.00105758,0.248516,0.00110693,0.749319],[0.07347,0.00110693,0.924365,0.00105758],[0.0372638,0.00110693,0.960572,0.00105758],[0.00105758,0.00110693,0.236447,0.761388],[0.0553669,0.423513,0.0493819,0.471738],[0.381223,0.0373131,0.188172,0.393292],[0.0553669,0.320929,0.339032,0.284673]]},{"db":2,"id":"PO2F2_HUMAN.H11MO.0.A","len":11,"ltrim":1,"rtrim":1,"nsites":500,"evalue":"1.0e+000","url":"http://hocomoco.autosome.ru/motif/PO2F2_HUMAN.H11MO.0.A","pwm":[[0.427963,0.152021,0.212009,0.208007],[0.122024,0.397972,0.0700371,0.409967],[0.901868,0.0640383,0.0260459,0.00804725],[0.0160457,0.0180475,0.0420427,0.923864],[0.00804725,0.00405033,0.963858,0.0240441],[0.0760337,0.823886,0.0340443,0.0660357],[0.955858,0.0100491,0.00604993,0.0280433],[0.589931,0.0740363,0.0860339,0.249999],[0.913866,0.0260459,0.0500411,0.0100469],[0.0840321,0.0980315,0.122027,0.69591],[0.19601,0.152021,0.397972,0.253998]]},{"db":2,"id":"PRDM1_HUMAN.H11MO.0.A","len":14,"ltrim":0,"rtrim":2,"nsites":500,"evalue":"1.0e+000","url":"http://hocomoco.autosome.ru/motif/PRDM1_HUMAN.H11MO.0.A","pwm":[[0.313986,0.0560399,0.567938,0.0620365],[0.607927,0.0820347,0.261999,0.0480393],[0.773894,0.0800351,0.0980315,0.0480393],[0.913866,5.11298e-05,0.0780355,0.00804725],[0.0940301,0.0760359,0.80789,0.0220445],[0.236002,0.0620387,0.218008,0.483952],[0.0460397,0.00604993,0.947862,4.88502e-05],[0.99185,0.00205073,0.00604993,4.88502e-05],[0.903868,0.00804953,0.0880335,4.88502e-05],[0.985852,5.11298e-05,0.0120487,0.00204845],[0.0460397,0.0420427,0.897872,0.0140461],[0.0420405,0.128026,0.15802,0.671914],[0.198009,0.146022,0.459959,0.19601],[0.39597,0.176016,0.265998,0.162016]]},{"db":2,"id":"PRRX2_HUMAN.H11MO.0.C","len":7,"ltrim":1,"rtrim":0,"nsites":59,"evalue":"1.0e+000","url":"http://hocomoco.autosome.ru/motif/PRRX2_HUMAN.H11MO.0.C","pwm":[[0.173848,0.309231,0.0723447,0.444576],[0.000413367,0.000432656,0.000432656,0.998721],[0.998721,0.000432656,0.000432656,0.000413367],[0.981801,0.000432656,0.0173531,0.000413367],[0.0173338,0.0173531,0.000432656,0.96488],[0.000413367,0.0511941,0.0511941,0.897198],[0.457266,0.0173531,0.491126,0.0342543]]},{"db":2,"id":"RUNX1_HUMAN.H11MO.0.A","len":11,"ltrim":1,"rtrim":1,"nsites":500,"evalue":"1.0e+000","url":"http://hocomoco.autosome.ru/motif/RUNX1_HUMAN.H11MO.0.A","pwm":[[0.114026,0.212009,0.301991,0.371974],[0.150019,0.469957,0.0380435,0.34198],[0.0700349,0.00804953,0.0260459,0.89587],[0.00204845,0.00604993,0.975856,0.0160457],[0.0320425,0.0860339,0.0100491,0.871874],[4.88502e-05,5.11298e-05,0.993852,0.00604765],[0.00404805,0.00205073,0.989853,0.00404805],[0.00404805,0.0860339,0.0340443,0.875874],[0.0280433,0.15602,0.0400431,0.775894],[0.283992,0.0400431,0.112029,0.563936],[0.138021,0.351981,0.246002,0.263996]]},{"db":2,"id":"RUNX2_HUMAN.H11MO.0.A","len":14,"ltrim":1,"rtrim":2,"nsites":500,"evalue":"1.0e+000","url":"http://hocomoco.autosome.ru/motif/RUNX2_HUMAN.H11MO.0.A","pwm":[[0.172014,0.0760359,0.315988,0.435962],[0.0920305,0.130025,0.521947,0.255998],[0.114026,0.130025,0.291993,0.463956],[0.122024,0.397972,0.176016,0.303988],[0.0680353,0.0100491,0.0160479,0.905868],[0.00804725,0.0160479,0.923866,0.0520385],[0.0340421,0.0280455,0.0260459,0.911866],[0.00204845,5.11298e-05,0.997852,4.88502e-05],[0.00204845,0.00405033,0.973856,0.0200449],[0.0180453,0.146022,0.112029,0.723904],[0.0320425,0.138024,0.160019,0.669915],[0.176014,0.0260459,0.192013,0.605928],[0.114026,0.110029,0.387974,0.387971],[0.0980293,0.130025,0.379975,0.39197]]},{"db":2,"id":"RUNX3_HUMAN.H11MO.0.A","len":10,"ltrim":1,"rtrim":0,"nsites":500,"evalue":"1.0e+000","url":"http://hocomoco.autosome.ru/motif/RUNX3_HUMAN.H11MO.0.A","pwm":[[0.134022,0.212009,0.287994,0.365976],[0.128023,0.391973,0.0660379,0.413966],[0.0360417,0.0140483,0.0240463,0.925864],[0.00404805,0.00405033,0.985854,0.00604765],[0.0480393,0.172017,0.00804953,0.771894],[0.00204845,5.11298e-05,0.995852,0.00204845],[4.88502e-05,0.00405033,0.993852,0.00204845],[4.88502e-05,0.0540403,0.0360439,0.909867],[0.0180453,0.188014,0.06