<!DOCTYPE HTML>
<html>
  <head>
    <meta charset="UTF-8">
    <title>SpaMo - Spaced Motif Analysis</title>
    <script type="text/javascript">
      //@JSON_VAR data
      var data = {"program":"SpaMo","version":"4.11.3","revision":"c13e15f35e38483381a6e8a363f9137e303c0765","release":"Sat Mar 11 20:16:08 2017 -0800","host":"uger-c011.broadinstitute.org","when":"Sun Feb 28 16:54:30 2021","cmd":["spamo","-verbosity","1","-oc","/broad/sankaranlab/fyu/HemeMap/02262021-downMast_re-analysis/motif_denovo/all_mast0035_interactions_10x_hocomoco_meme-chip/spamo_out_15","-bgfile","/broad/sankaranlab/fyu/HemeMap/02262021-downMast_re-analysis/motif_denovo/all_mast0035_interactions_10x_hocomoco_meme-chip/background","-primary","ZN563_HUMAN.H11MO.0.C","/broad/sankaranlab/fyu/HemeMap/02262021-downMast_re-analysis/motif_denovo/all_mast0035_interactions_10x_hocomoco_meme-chip/20210227-deg_interactions_peaks_all_mast0035_fa_1based.fa","/broad/sankaranlab/fyu/motif_data/HOCOMOCOv11_core_HUMAN_mono_meme_format.meme","/broad/sankaranlab/fyu/HemeMap/02262021-downMast_re-analysis/motif_denovo/all_mast0035_interactions_10x_hocomoco_meme-chip/meme_out/meme.xml","/broad/sankaranlab/fyu/HemeMap/02262021-downMast_re-analysis/motif_denovo/all_mast0035_interactions_10x_hocomoco_meme-chip/dreme_out/dreme.xml","/broad/sankaranlab/fyu/motif_data/HOCOMOCOv11_core_HUMAN_mono_meme_format.meme"],"options":{"seq_min_hit_score":7,"margin":150,"bin_size":1,"bin_pvalue_calc_range":150,"use_best_secondary":0,"seq_max_shared_fract":0.5,"seq_odds_ratio":20,"bin_pvalue_cutoff":0.05,"motif_evalue_cutoff":10,"redundant_overlap":2,"redundant_joint":0.5,"motif_pseudocount":0.1,"bgfile":"/broad/sankaranlab/fyu/HemeMap/02262021-downMast_re-analysis/motif_denovo/all_mast0035_interactions_10x_hocomoco_meme-chip/background","motif_trim":0.25,"xalph":0,"seed":1,"bin_max":90},"alphabet":{"name":"DNA","like":"dna","ncore":4,"symbols":[{"symbol":"A","name":"Adenine","colour":"CC0000","complement":"T"},{"symbol":"C","name":"Cytosine","colour":"0000CC","complement":"G"},{"symbol":"G","name":"Guanine","colour":"FFB300","complement":"C"},{"symbol":"T","aliases":"U","name":"Thymine","colour":"008000","complement":"A"},{"symbol":"N","aliases":"X.","name":"Any base","equals":"ACGT"},{"symbol":"V","name":"Not T","equals":"ACG"},{"symbol":"H","name":"Not G","equals":"ACT"},{"symbol":"D","name":"Not C","equals":"AGT"},{"symbol":"B","name":"Not A","equals":"CGT"},{"symbol":"M","name":"Amino","equals":"AC"},{"symbol":"R","name":"Purine","equals":"AG"},{"symbol":"W","name":"Weak","equals":"AT"},{"symbol":"S","name":"Strong","equals":"CG"},{"symbol":"Y","name":"Pyrimidine","equals":"CT"},{"symbol":"K","name":"Keto","equals":"GT"}]},"background":[0.2443,0.2557,0.2557,0.2443],"sequence_dbs":[{"source":"/broad/sankaranlab/fyu/HemeMap/02262021-downMast_re-analysis/motif_denovo/all_mast0035_interactions_10x_hocomoco_meme-chip/20210227-deg_interactions_peaks_all_mast0035_fa_1based.fa","name":"20210227-deg_interactions_peaks_all_mast0035_fa_1based","last_modified":"Sun Feb 28 14:32:25 2021","loaded":13184,"excluded_too_short":0,"excluded_no_match":7303,"excluded_ambigs":0,"excluded_similar":38,"erased_primary_matches":5802}],"primary_dbs":[{"source":"/broad/sankaranlab/fyu/motif_data/HOCOMOCOv11_core_HUMAN_mono_meme_format.meme","name":"HOCOMOCOv11_core_HUMAN_mono_meme_format","last_modified":"Sat Jun 23 07:43:00 2018","loaded":400,"excluded":399}],"secondary_dbs":[{"source":"/broad/sankaranlab/fyu/HemeMap/02262021-downMast_re-analysis/motif_denovo/all_mast0035_interactions_10x_hocomoco_meme-chip/meme_out/meme.xml","name":"meme.xml","last_modified":"Sun Feb 28 15:22:49 2021","loaded":10,"excluded":0},{"source":"/broad/sankaranlab/fyu/HemeMap/02262021-downMast_re-analysis/motif_denovo/all_mast0035_interactions_10x_hocomoco_meme-chip/dreme_out/dreme.xml","name":"dreme.xml","last_modified":"Sun Feb 28 15:41:49 2021","loaded":10,"excluded":0},{"source":"/broad/sankaranlab/fyu/motif_data/HOCOMOCOv11_core_HUMAN_mono_meme_format.meme","name":"HOCOMOCOv11_core_HUMAN_mono_meme_format","last_modified":"Sat Jun 23 07:43:00 2018","loaded":401,"excluded":1}],"secondary_motifs":[{"db":0,"id":"3","alt":"MEME","len":30,"ltrim":0,"rtrim":0,"nsites":12,"evalue":"3.9e-015","pwm":[[0.167309,0.663271,0.00211322,0.167309],[0.00201901,0.580625,0.250047,0.167309],[0.91111,0.00211322,0.0847575,0.00201901],[0.00201901,0.0847575,0.911204,0.00201901],[0.580531,0.00211322,0.415337,0.00201901],[0.00201901,0.911204,0.00211322,0.0846633],[0.00201901,0.00211322,0.00211322,0.993755],[0.249953,0.00211322,0.663271,0.0846633],[0.167309,0.0847575,0.663271,0.0846633],[0.91111,0.00211322,0.00211322,0.0846633],[0.0846633,0.00211322,0.911204,0.00201901],[0.249953,0.00211322,0.0847575,0.663176],[0.00201901,0.00211322,0.828559,0.167309],[0.167309,0.828559,0.00211322,0.00201901],[0.828465,0.00211322,0.00211322,0.167309],[0.0846633,0.0847575,0.828559,0.00201901],[0.167309,0.00211322,0.00211322,0.828465],[0.00201901,0.00211322,0.911204,0.0846633],[0.167309,0.00211322,0.828559,0.00201901],[0.00201901,0.663271,0.00211322,0.332597],[0.415242,0.00211322,0.332691,0.249953],[0.00201901,0.497981,0.332691,0.167309],[0.249953,0.00211322,0.415337,0.332597],[0.415242,0.0847575,0.415337,0.0846633],[0.0846633,0.00211322,0.167403,0.745821],[0.00201901,0.580625,0.00211322,0.415242],[0.332597,0.00211322,0.0847575,0.580531],[0.00201901,0.663271,0.00211322,0.332597],[0.91111,0.00211322,0.0847575,0.00201901],[0.167309,0.167403,0.663271,0.00201901]]},{"db":0,"id":"4","alt":"MEME","len":29,"ltrim":0,"rtrim":0,"nsites":7,"evalue":"2.6e-013","pwm":[[0.00344085,0.00360141,0.848672,0.144286],[0.00344085,0.00360141,0.989517,0.00344085],[0.00344085,0.848672,0.144446,0.00344085],[0.566822,0.00360141,0.426136,0.00344085],[0.00344085,0.707827,0.00360141,0.285131],[0.425976,0.00360141,0.566982,0.00344085],[0.00344085,0.00360141,0.989517,0.00344085],[0.00344085,0.00360141,0.00360141,0.989356],[0.00344085,0.00360141,0.848672,0.144286],[0.144286,0.00360141,0.848672,0.00344085],[0.00344085,0.989517,0.00360141,0.00344085],[0.425976,0.00360141,0.00360141,0.566822],[0.00344085,0.566982,0.00360141,0.425976],[0.707666,0.00360141,0.285291,0.00344085],[0.00344085,0.707827,0.00360141,0.285131],[0.285131,0.00360141,0.707827,0.00344085],[0.00344085,0.989517,0.00360141,0.00344085],[0.00344085,0.989517,0.00360141,0.00344085],[0.00344085,0.144446,0.00360141,0.848511],[0.285131,0.00360141,0.707827,0.00344085],[0.00344085,0.00360141,0.00360141,0.989356],[0.989356,0.00360141,0.00360141,0.00344085],[0.848511,0.00360141,0.144446,0.00344085],[0.00344085,0.00360141,0.00360141,0.989356],[0.144286,0.707827,0.00360141,0.144286],[0.00344085,0.848672,0.00360141,0.144286],[0.00344085,0.989517,0.00360141,0.00344085],[0.989356,0.00360141,0.00360141,0.00344085],[0.144286,0.00360141,0.848672,0.00344085]]},{"db":0,"id":"5","alt":"MEME","len":21,"ltrim":0,"rtrim":0,"nsites":55,"evalue":"4.2e-012","pwm":[[0.308973,0.290845,0.0367621,0.363419],[0.399717,0.000464065,0.000464065,0.599354],[0.381568,0.236399,0.381589,0.000443376],[0.254526,0.236399,0.0549101,0.454163],[0.0548894,0.0730591,0.163803,0.708247],[0.617503,0.000464065,0.21825,0.163782],[0.526759,0.0367621,0.0549101,0.381568],[0.871586,0.000464065,0.0367621,0.0911874],[0.835289,0.145655,0.0186131,0.000443376],[0.871586,0.000464065,0.0549101,0.0730384],[0.472312,0.0730591,0.0186131,0.436015],[0.490461,0.163803,0.21825,0.127485],[0.563056,0.181952,0.0730591,0.181931],[0.926033,0.000464065,0.000464065,0.0730384],[0.690098,0.163803,0.145655,0.000443376],[0.635652,0.000464065,0.0912081,0.272675],[0.436015,0.200101,0.127506,0.236378],[0.671949,0.0730591,0.127506,0.127485],[0.635652,0.0549101,0.000464065,0.308973],[0.581205,0.290845,0.000464065,0.127485],[0.744545,0.0186131,0.000464065,0.236378]]},{"db":0,"id":"7","alt":"MEME","len":30,"ltrim":0,"rtrim":0,"nsites":70,"evalue":"2.3e+001","pwm":[[0.0431444,0.200079,0.499651,0.257125],[0.0288787,0.342733,0.513917,0.114471],[0.114471,0.0859565,0.770693,0.0288787],[0.000348502,0.528182,0.399794,0.0716756],[0.228593,0.028895,0.685101,0.05741],[0.157267,0.22861,0.528182,0.0859402],[0.143002,0.128752,0.599509,0.128736],[0.285655,0.271407,0.371264,0.0716756],[0.100206,0.399794,0.371264,0.128736],[0.100206,0.399794,0.485386,0.0146141],[0.0146141,0.171549,0.670836,0.143002],[0.143002,0.0716919,0.613774,0.171533],[0.242859,0.143018,0.585243,0.0288787],[0.242859,0.22861,0.428324,0.100206],[0.185798,0.314202,0.356998,0.143002],[0.0859402,0.271407,0.456856,0.185798],[0.185798,0.299937,0.328467,0.185798],[0.0859402,0.214345,0.513917,0.185798],[0.143002,0.44259,0.41406,0.000348502],[0.157267,0.0859565,0.599509,0.157267],[0.0859402,0.185814,0.727896,0.000348502],[0.471105,0.271407,0.0716919,0.185798],[0.100206,0.0431606,0.842019,0.0146141],[0.000348502,0.257141,0.65657,0.0859402],[0.000348502,0.528182,0.328467,0.143002],[0.000348502,0.100222,0.670836,0.228593],[0.05741,0.22861,0.713632,0.000348502],[0.0859402,0.670836,0.214345,0.0288787],[0.200063,0.143018,0.456856,0.200063],[0.000348502,0.299937,0.699366,0.000348502]]},{"db":0,"id":"9","alt":"MEME","len":29,"ltrim":0,"rtrim":0,"nsites":6,"evalue":"1.5e+002","pwm":[[0.987611,0.0041918,0.0041918,0.00400492],[0.495808,0.0041918,0.495995,0.00400492],[0.987611,0.0041918,0.0041918,0.00400492],[0.00400492,0.65993,0.0041918,0.331873],[0.331873,0.0041918,0.495995,0.16794],[0.00400492,0.0041918,0.987798,0.00400492],[0.331873,0.168127,0.495995,0.00400492],[0.00400492,0.0041918,0.65993,0.331873],[0.00400492,0.0041918,0.0041918,0.987611],[0.00400492,0.0041918,0.0041918,0.987611],[0.00400492,0.0041918,0.0041918,0.987611],[0.00400492,0.495995,0.0041918,0.495808],[0.659743,0.168127,0.168127,0.00400492],[0.00400492,0.823864,0.0041918,0.16794],[0.00400492,0.987798,0.0041918,0.00400492],[0.987611,0.0041918,0.0041918,0.00400492],[0.00400492,0.33206,0.0041918,0.659743],[0.00400492,0.168127,0.823864,0.00400492],[0.00400492,0.0041918,0.168127,0.823677],[0.00400492,0.33206,0.0041918,0.659743],[0.331873,0.168127,0.33206,0.16794],[0.16794,0.33206,0.495995,0.00400492],[0.00400492,0.823864,0.0041918,0.16794],[0.00400492,0.33206,0.0041918,0.659743],[0.987611,0.0041918,0.0041918,0.00400492],[0.331873,0.168127,0.33206,0.16794],[0.00400492,0.0041918,0.987798,0.00400492],[0.16794,0.65993,0.0041918,0.16794],[0.331873,0.0041918,0.0041918,0.659743]]},{"db":1,"id":"BTTCCB","alt":"DREME","len":6,"ltrim":0,"rtrim":0,"nsites":8580,"evalue":"7.5e-090","pwm":[[2.84729e-06,0.457224,0.241958,0.300815],[2.84729e-06,2.98015e-06,2.98015e-06,0.999991],[2.84729e-06,2.98015e-06,2.98015e-06,0.999991],[2.84729e-06,0.999991,2.98015e-06,2.84729e-06],[2.84729e-06,0.999991,2.98015e-06,2.84729e-06],[2.84729e-06,0.456408,0.175525,0.368064]]},{"db":1,"id":"CHGCCTS","alt":"DREME","len":7,"ltrim":0,"rtrim":0,"nsites":3158,"evalue":"4.0e-030","pwm":[[7.73566e-06,0.999976,8.09664e-06,7.73566e-06],[0.396132,0.246992,8.09664e-06,0.356867],[7.73566e-06,8.09664e-06,0.999976,7.73566e-06],[7.73566e-06,0.999976,8.09664e-06,7.73566e-06],[7.73566e-06,0.999976,8.09664e-06,7.73566e-06],[7.73566e-06,8.09664e-06,8.09664e-06,0.999976],[7.73566e-06,0.509492,0.490493,7.73566e-06]]},{"db":2,"id":"EGR1_HUMAN.H11MO.0.A","len":17,"ltrim":4,"rtrim":1,"nsites":500,"evalue":"1.0e+000","url":"http://hocomoco.autosome.ru/motif/EGR1_HUMAN.H11MO.0.A","pwm":[[0.232002,0.248002,0.409969,0.110027],[0.319985,0.128026,0.317988,0.234002],[0.277993,0.180015,0.459959,0.0820325],[0.236002,0.112029,0.35398,0.297989],[0.112026,0.0300451,0.80789,0.0500389],[0.236002,0.50595,0.0460419,0.212006],[0.0560377,0.0340443,0.869877,0.0400409],[0.0320425,0.00405033,0.409969,0.553938],[0.0920305,0.00205073,0.891873,0.0140461],[0.0160457,0.00405033,0.95786,0.0220445],[0.0240441,0.0320447,0.929865,0.0140461],[0.220005,0.475956,0.00405033,0.299989],[0.0880313,0.0100491,0.841883,0.0600369],[0.110027,0.0220467,0.695912,0.172014],[0.337981,0.128026,0.40597,0.128023],[0.311986,0.0820347,0.45596,0.150019],[0.263996,0.182015,0.435964,0.118025]]},{"db":2,"id":"ELF2_HUMAN.H11MO.0.C","len":13,"ltrim":3,"rtrim":0,"nsites":500,"evalue":"1.0e+000","url":"http://hocomoco.autosome.ru/motif/ELF2_HUMAN.H11MO.0.C","pwm":[[0.39197,0.152021,0.317988,0.138021],[0.489951,0.102031,0.218008,0.190011],[0.311986,0.317988,0.297992,0.0720345],[0.0720345,0.615928,0.291993,0.0200449],[0.232002,0.739903,0.0140483,0.0140461],[0.00804725,5.11298e-05,0.985854,0.00604765],[0.0120465,0.00804953,0.977856,0.00204845],[0.973854,0.0100491,0.00804953,0.00804725],[0.979853,0.00205073,0.00804953,0.0100469],[0.0860317,0.0140483,0.889873,0.0100469],[0.130023,0.20801,0.10403,0.557937],[0.19601,0.142023,0.551941,0.110027],[0.313986,0.192013,0.433964,0.0600369]]},{"db":2,"id":"ERG_HUMAN.H11MO.0.A","len":13,"ltrim":1,"rtrim":0,"nsites":500,"evalue":"1.0e+000","url":"http://hocomoco.autosome.ru/motif/ERG_HUMAN.H11MO.0.A","pwm":[[0.337981,0.152021,0.359979,0.150019],[0.307987,0.15602,0.45796,0.0780333],[0.435962,0.0520407,0.45596,0.0560377],[0.102028,0.559939,0.333984,0.00404805],[0.865876,0.116028,0.0160479,0.00204845],[0.00404805,0.00405033,0.985854,0.00604765],[0.00604765,0.00405033,0.989853,4.88502e-05],[0.975854,0.0100491,0.0100491,0.00404805],[0.935862,0.00205073,0.0220467,0.0400409],[0.204008,0.0160479,0.777896,0.00204845],[0.102028,0.309989,0.174016,0.413966],[0.224004,0.160019,0.513948,0.102028],[0.261996,0.134024,0.539943,0.0640361]]},{"db":2,"id":"ETS1_HUMAN.H11MO.0.A","len":13,"ltrim":2,"rtrim":0,"nsites":500,"evalue":"1.0e+000","url":"http://hocomoco.autosome.ru/motif/ETS1_HUMAN.H11MO.0.A","pwm":[[0.367975,0.178016,0.341983,0.112026],[0.259997,0.182015,0.471957,0.0860317],[0.479953,0.0680375,0.423966,0.0280433],[0.128023,0.637924,0.228006,0.00604765],[0.615926,0.349981,0.0340443,4.88502e-05],[0.00404805,5.11298e-05,0.993852,0.00204845],[0.0120465,0.00604993,0.979855,0.00204845],[0.99185,0.00604993,5.11298e-05,0.00204845],[0.827883,0.0100491,0.00405033,0.158017],[0.184012,0.0100491,0.80589,4.88502e-05],[0.0840321,0.188014,0.0580395,0.669915],[0.130023,0.112029,0.633924,0.124024],[0.138021,0.126026,0.627926,0.108027]]},{"db":2,"id":"ETV4_HUMAN.H11MO.0.B","len":11,"ltrim":2,"rtrim":2,"nsites":500,"evalue":"1.0e+000","url":"http://hocomoco.autosome.ru/motif/ETV4_HUMAN.H11MO.0.B","pwm":[[0.335982,0.234004,0.329985,0.100029],[0.383972,0.134024,0.319987,0.162016],[0.136022,0.609929,0.234004,0.0200449],[0.955858,0.0100491,0.0200471,0.0140461],[0.00604765,0.00205073,0.975856,0.0160457],[0.0160457,0.0260459,0.95786,4.88502e-05],[0.923864,0.0160479,0.0500411,0.0100469],[0.869875,0.0140483,0.0460419,0.0700349],[0.307987,0.0220467,0.587934,0.0820325],[0.138021,0.178016,0.345982,0.337981],[0.287991,0.132025,0.413968,0.166016]]},{"db":2,"id":"ETV5_HUMAN.H11MO.0.C","len":14,"ltrim":1,"rtrim":1,"nsites":500,"evalue":"1.0e+000","url":"http://hocomoco.autosome.ru/motif/ETV5_HUMAN.H11MO.0.C","pwm":[[0.327983,0.180015,0.381975,0.110027],[0.455958,0.0880335,0.327986,0.128023],[0.297989,0.0980315,0.493952,0.110027],[0.200009,0.417968,0.345982,0.0360417],[0.839881,0.0360439,0.0840343,0.0400409],[0.0160457,0.00604993,0.961859,0.0160457],[0.0440401,0.0160479,0.935864,0.00404805],[0.79389,0.0680375,0.102031,0.0360417],[0.94586,0.00604993,0.0120487,0.0360417],[0.371974,0.0620387,0.547942,0.0180453],[0.228003,0.100031,0.232005,0.439961],[0.218005,0.10603,0.537944,0.138021],[0.405968,0.120027,0.385974,0.0880313],[0.271994,0.216008,0.373976,0.138021]]},{"db":2,"id":"FEV_HUMAN.H11MO.0.B","len":10,"ltrim":0,"rtrim":0,"nsites":498,"evalue":"1.0e+000","url":"http://hocomoco.autosome.ru/motif/FEV_HUMAN.H11MO.0.B","pwm":[[0.224903,0.204829,0.520027,0.0502398],[0.255018,0.530065,0.134562,0.0803542],[0.281117,0.321272,0.355402,0.0422093],[0.317254,0.0120971,0.658554,0.0120948],[0.0321711,0.00607422,0.947652,0.0141024],[0.967726,0.0221353,0.00406659,0.00607193],[0.672605,0.0582726,0.251005,0.0181177],[0.186759,0.132555,0.60234,0.0783466],[0.154636,0.387524,0.088387,0.369453],[0.0723237,0.230929,0.584271,0.112476]]},{"db":2,"id":"FOXJ3_HUMAN.H11MO.0.A","len":13,"ltrim":1,"rtrim":0,"nsites":626,"evalue":"1.0e+000","url":"http://hocomoco.autosome.ru/motif/FOXJ3_HUMAN.H11MO.0.A","pwm":[[0.194104,0.146489,0.164705,0.494703],[3.90193e-05,4.08401e-05,4.08401e-05,0.999879],[0.0829608,4.08401e-05,0.914275,0.00272314],[0.00111267,4.08401e-05,4.08401e-05,0.998806],[3.90193e-05,4.08401e-05,4.08401e-05,0.999879],[0.00887182,4.08401e-05,0.175706,0.815382],[0.81815,4.08401e-05,0.0369619,0.144847],[3.90193e-05,0.0711421,4.08401e-05,0.928778],[0.113303,4.08401e-05,0.430182,0.456474],[0.0440537,4.08401e-05,0.325668,0.630237],[0.0528122,4.08401e-05,0.0291576,0.917989],[0.00590373,0.0101747,0.0168457,0.967076],[0.358503,0.0704084,0.138477,0.432612]]},{"db":2,"id":"FOXO1_HUMAN.H11MO.0.A","len":12,"ltrim":3,"rtrim":1,"nsites":500,"evalue":"1.0e+000","url":"http://hocomoco.autosome.ru/motif/FOXO1_HUMAN.H11MO.0.A","pwm":[[0.186012,0.160019,0.259999,0.39397],[0.0960297,0.309989,0.256,0.337981],[0.0600369,0.451961,0.254,0.234002],[0.0400409,0.477956,0.170017,0.311986],[0.00604765,0.0120487,0.0140483,0.967855],[0.0320425,0.0340443,0.917868,0.0160457],[0.00404805,0.186014,0.0160479,0.79389],[0.0100469,0.0300451,0.0620387,0.897869],[0.0120465,0.0400431,0.222007,0.725904],[0.403968,0.224006,0.0520407,0.319985],[0.00604765,0.691913,0.0520407,0.249999],[0.226004,0.263998,0.176016,0.333982]]},{"db":2,"id":"FOXQ1_HUMAN.H11MO.0.C","len":12,"ltrim":1,"rtrim":0,"nsites":13,"evalue":"1.0e+000","url":"http://hocomoco.autosome.ru/motif/FOXQ1_HUMAN.H11MO.0.C","pwm":[[0.307208,0.307295,0.0782878,0.307208],[0.688888,0.0782878,0.23096,0.00186489],[0.0782008,0.154624,0.00195191,0.765224],[0.00186489,0.00195191,0.00195191,0.994231],[0.00186489,0.00195191,0.994318,0.00186489],[0.00186489,0.00195191,0.00195191,0.994231],[0.00186489,0.00195191,0.00195191,0.994231],[0.00186489,0.00195191,0.00195191,0.994231],[0.994231,0.00195191,0.00195191,0.00186489],[0.00186489,0.00195191,0.0782878,0.917895],[0.154537,0.00195191,0.23096,0.612552],[0.00186489,0.307295,0.00195191,0.688888]]},{"db":2,"id":"IRF2_HUMAN.H11MO.0.A","len":20,"ltrim":1,"rtrim":1,"nsites":498,"evalue":"1.0e+000","url":"http://hocomoco.autosome.ru/motif/IRF2_HUMAN.H11MO.0.A","pwm":[[0.285132,0.17873,0.367447,0.16869],[0.614384,0.0964175,0.214868,0.0743313],[0.712757,0.072326,0.108463,0.106453],[0.754918,0.0562649,0.0783489,0.110469],[0.283125,0.198807,0.385516,0.132553],[0.259033,0.222898,0.126532,0.391537],[0.16869,0.0241429,0.799088,0.00807956],[0.977764,5.13351e-05,0.0201276,0.00205668],[0.993825,0.00205896,0.00406659,4.90464e-05],[0.971741,5.13351e-05,0.0161124,0.0120948],[0.130545,0.263051,0.590294,0.0161101],[0.0883847,0.218883,0.00808185,0.684651],[0.054255,0.0100895,0.921553,0.0141024],[0.943635,0.0100895,0.0462268,4.90464e-05],[0.987803,5.13351e-05,0.0120971,4.90464e-05],[0.977764,5.13351e-05,0.0120971,0.0100872],[0.00607193,0.377486,0.582264,0.0341787],[0.0984229,0.263051,0.0642955,0.574231],[0.403582,0.12854,0.383508,0.0843695],[0.365438,0.208845,0.309226,0.116492]]},{"db":2,"id":"NDF2_HUMAN.H11MO.0.B","len":9,"ltrim":0,"rtrim":0,"nsites":500,"evalue":"1.0e+000","url":"http://hocomoco.autosome.ru/motif/NDF2_HUMAN.H11MO.0.B","pwm":[[0.463956,0.100031,0.40597,0.0300429],[0.471954,0.0980315,0.425966,0.00404805],[0.00804725,0.989853,0.00205073,4.88502e-05],[0.999849,5.11298e-05,5.11298e-05,4.88502e-05],[4.88502e-05,0.0220467,0.95386,0.0240441],[0.677913,0.279995,0.0320447,0.0100469],[0.112026,0.00604993,0.00604993,0.875874],[4.88502e-05,5.11298e-05,0.951861,0.0480393],[0.00604765,0.134024,0.833884,0.0260437]]},{"db":2,"id":"NOBOX_HUMAN.H11MO.0.C","len":9,"ltrim":1,"rtrim":1,"nsites":66,"evalue":"1.0e+000","url":"http://hocomoco.autosome.ru/motif/NOBOX_HUMAN.H11MO.0.C","pwm":[[0.291431,0.329396,0.0510037,0.328169],[0.000369592,0.000386838,0.000386838,0.998857],[0.973548,0.000386838,0.000386838,0.025678],[0.973548,0.0256953,0.000386838,0.000369592],[0.025678,0.0256953,0.0256953,0.922931],[0.025678,0.000386838,0.10162,0.872315],[0.366089,0.000386838,0.633155,0.000369592],[0.18893,0.304116,0.443298,0.063655],[0.0826363,0.271214,0.171219,0.474931]]},{"db":2,"id":"PAX6_HUMAN.H11MO.0.C","len":12,"ltrim":0,"rtrim":0,"nsites":500,"evalue":"1.0e+000","url":"http://hocomoco.autosome.ru/motif/PAX6_HUMAN.H11MO.0.C","pwm":[[0.124024,0.0320447,0.0740363,0.769895],[0.0220445,0.341983,0.0380435,0.597929],[0.415966,0.467958,0.0500411,0.0660357],[0.0440401,0.565938,0.0400431,0.349979],[0.285992,0.0700371,0.60593,0.0380413],[0.0100469,0.80389,0.166018,0.0200449],[0.257997,0.136024,0.0180475,0.587931],[0.0280433,0.0760359,0.0180475,0.877873],[0.0140461,0.40797,0.567938,0.0100469],[0.709907,0.0160479,0.236004,0.0380413],[0.14602,0.35798,0.287994,0.208007],[0.0660357,0.0940323,0.0320447,0.807887]]},{"db":2,"id":"SMAD3_HUMAN.H11MO.0.B","len":12,"ltrim":2,"rtrim":0,"nsites":500,"evalue":"1.0e+000","url":"http://hocomoco.autosome.ru/motif/SMAD3_HUMAN.H11MO.0.B","pwm":[[0.164016,0.363978,0.313988,0.158017],[0.110027,0.271997,0.168018,0.449959],[0.0640361,0.695912,0.0600391,0.180013],[0.216006,0.00405033,0.0140483,0.765896],[0.0700349,0.293992,0.55394,0.0820325],[0.212006,0.311989,0.10603,0.369975],[0.0380413,0.869877,0.00804953,0.0840321],[0.465956,0.118028,0.0220467,0.39397],[0.00804725,0.565938,0.331985,0.0940301],[0.0320425,0.911869,0.0140483,0.0420405],[0.351978,0.0560399,0.00405033,0.587931],[0.0720345,0.271997,0.493952,0.162016]]},{"db":2,"id":"SMCA1_HUMAN.H11MO.0.C","len":12,"ltrim":0,"rtrim":1,"nsites":441,"evalue":"1.0e+000","url":"http://hocomoco.autosome.ru/motif/SMCA1_HUMAN.H11MO.0.C","pwm":[[0.238097,0.494277,0.179156,0.0884707],[0.448933,0.501078,0.0159274,0.0340613],[0.596292,0.127013,0.0907404,0.185954],[0.537349,5.79687e-05,0.4376,0.024993],[0.0453966,0.0249956,0.918217,0.0113907],[0.920482,0.0272627,0.040865,0.0113907],[0.954487,0.00912621,0.0181944,0.0181919],[0.0907378,0.040865,0.720983,0.147414],[0.609894,0.344651,0.0249956,0.0204589],[0.857004,0.0431321,0.0567345,0.0431295],[0.2585,0.0544674,0.0567345,0.630298],[0.224494,0.174622,0.380924,0.21996]]},{"db":2,"id":"SPIB_HUMAN.H11MO.0.A","len":17,"ltrim":1,"rtrim":0,"nsites":500,"evalue":"1.0e+000","url":"http://hocomoco.autosome.ru/motif/SPIB_HUMAN.H11MO.0.A","pwm":[[0.403968,0.186014,0.248002,0.162016],[0.459957,0.116028,0.347982,0.0760337],[0.751898,0.0320447,0.118028,0.0980293],[0.717905,0.0320447,0.174016,0.0760337],[0.667915,0.0140483,0.102031,0.216006],[0.164016,0.0520407,0.771897,0.0120465],[0.657917,0.0740363,0.259999,0.00804725],[0.0760337,5.11298e-05,0.923866,4.88502e-05],[4.88502e-05,5.11298e-05,0.999851,4.88502e-05],[0.999849,5.11298e-05,5.11298e-05,4.88502e-05],[0.989851,5.11298e-05,0.00205073,0.00804725],[0.0220445,0.20601,0.769897,0.00204845],[0.0160457,0.00804953,0.0140483,0.961856],[0.00404805,0.0480415,0.941863,0.00604765],[0.579933,0.10603,0.267998,0.0460397],[0.463956,0.118028,0.313988,0.104028],[0.539941,0.118028,0.20401,0.138021]]},{"db":2,"id":"WT1_HUMAN.H11MO.0.C","len":20,"ltrim":0,"rtrim":0,"nsites":500,"evalue":"1.0e+000","url":"http://hocomoco.autosome.ru/motif/WT1_HUMAN.H11MO.0.C","pwm":[[0.311986,0.102031,0.513948,0.0720345],[0.210007,0.160019,0.559939,0.0700349],[0.0880313,0.112029,0.761899,0.0380413],[0.273994,0.30399,0.275996,0.14602],[0.0980293,0.0840343,0.80389,0.0140461],[0.289991,0.0520407,0.595932,0.0620365],[0.251998,0.0260459,0.713908,0.00804725],[0.00604765,0.0260459,0.95586,0.0120465],[0.0120465,0.0160479,0.971857,4.88502e-05],[0.825884,0.148022,0.00405033,0.0220445],[0.0120465,0.00804953,0.969857,0.0100469],[0.0360417,0.0120487,0.90787,0.0440401],[0.475954,0.100031,0.385974,0.0380413],[0.238001,0.0360439,0.713908,0.0120465],[0.242,0.186014,0.515948,0.0560377],[0.305988,0.214008,0.387974,0.0920305],[0.120025,0.0680375,0.751901,0.0600369],[0.19401,0.0940323,0.673916,0.0380413],[0.369975,0.10803,0.471957,0.0500389],[0.214006,0.0800351,0.679915,0.0260437]]},{"db":2,"id":"ZN121_HUMAN.H11MO.0.C","len":20,"ltrim":0,"rtrim":0,"nsites":486,"evalue":"1.0e+000","url":"http://hocomoco.autosome.ru/motif/ZN121_HUMAN.H11MO.0.C","pwm":[[0.0267937,0.917559,0.0288533,0.0267937],[0.0823379,0.0350248,0.0843974,0.79824],[0.0123934,0.0123957,0.958703,0.0165078],[0.0370797,0.0247389,0.934017,0.00416464],[0.0926238,0.0679399,0.833215,0.00622183],[0.0350225,0.921674,0.0350248,0.00827902],[0.827041,0.0926261,0.0617683,0.018565],[0.81264,0.0617683,0.0987977,0.0267937],[0.0432512,0.750927,0.090569,0.115253],[0.841441,0.037082,0.0926261,0.0288509],[0.0391369,0.220172,0.300402,0.440289],[0.824983,0.0288533,0.0453108,0.100853],[0.0226793,0.0350248,0.917559,0.0247365],[0.0329653,0.571951,0.037082,0.358001],[0.448518,0.080283,0.438234,0.0329653],[0.872299,0.0247389,0.0699971,0.0329653],[0.0226793,0.0206245,0.942246,0.0144506],[0.86407,0.0453108,0.0699971,0.0206222],[0.0288509,0.804414,0.0391392,0.127596],[0.0329653,0.773556,0.0453108,0.148168]]},{"db":2,"id":"ZN394_HUMAN.H11MO.0.C","len":20,"ltrim":1,"rtrim":1,"nsites":363,"evalue":"1.0e+000","url":"http://hocomoco.autosome.ru/motif/ZN394_HUMAN.H11MO.0.C","pwm":[[0.297506,0.253444,0.283739,0.165311],[0.37462,0.146036,0.454491,0.0248538],[0.84281,0.0110867,0.024857,0.121246],[0.567404,0.0358732,0.314034,0.0826891],[0.291998,0.0634139,0.157052,0.487536],[0.316784,7.04214e-05,0.537113,0.146033],[0.154295,0.201117,0.600456,0.0441323],[0.694091,0.209379,0.0193489,0.077181],[0.630748,0.168068,0.0799382,0.121246],[0.291998,0.0468895,0.212133,0.448979],[0.31403,0.231412,0.278231,0.176327],[0.170819,0.192855,0.493048,0.143279],[0.630748,0.110233,0.0441354,0.214884],[0.504061,0.275477,0.0606598,0.159803],[0.399406,0.0138407,0.0744301,0.512323],[0.181835,0.027611,0.641767,0.148787],[0.256195,0.068922,0.490294,0.184589],[0.771205,0.0606598,0.126757,0.0413782],[0.757434,0.024857,0.140528,0.077181],[0.126754,0.104725,0.330558,0.437963]]},{"db":2,"id":"ZNF18_HUMAN.H11MO.0.C","len":12,"ltrim":0,"rtrim":3,"nsites":500,"evalue":"1.0e+000","url":"http://hocomoco.autosome.ru/motif/ZNF18_HUMAN.H11MO.0.C","pwm":[[0.29399,0.0140483,0.613928,0.0780333],[0.00404805,0.00804953,0.987854,4.88502e-05],[0.0180453,5.11298e-05,0.0100491,0.971854],[0.0220445,0.00604993,0.969857,0.00204845],[0.0560377,0.00205073,0.0880335,0.853878],[0.00604765,0.0140483,0.979855,4.88502e-05],[0.951858,0.0280455,0.00604993,0.0140461],[0.785892,0.0160479,0.130025,0.0680353],[0.0260437,0.583934,0.168018,0.222004],[0.249999,0.232005,0.0960319,0.421964],[0.0900309,0.267998,0.481955,0.160017],[0.208007,0.178016,0.411969,0.202008]]}],"sequence_names":["chr10:102756126-102756625","chr10:103542921-103543420","chr10:105210718-105211217","chr10:105254434-105254933","chr10:105314546-105315045","chr10:105315904-105316403","chr10:105336551-105337050","chr10:105356728-105357227","chr10:105428260-105428759","chr10:105443486-105443985","chr10:105455348-105455847","chr10:105466491-105466990","chr10:105468445-105468944","chr10:105490444-105490943","chr10:105505330-105505829","chr10:105549515-105550014","chr10:105572209-105572708","chr10:105615052-105615551","chr10:120491696-120492195","chr10:120789912-120790411","chr10:120863349-120863848","chr10:120891270-120891769","chr10:120950732-120951231","chr10:120958853-120959352","chr10:121028352-121028851","chr10:121189269-121189768","chr10:121201711-121202210","chr10:121253957-121254456","chr10:121276083-121276582","chr10:13413839-13414338","chr10:13495865-13496364","chr10:13569594-13570093","chr10:14585067-14585566","chr10:14650419-14650918","chr10:14690288-14690787","chr10:14791107-14791606","chr10:15211577-15212076","chr10:22955338-22955837","chr10:22984761-22985260","chr10:23002431-23002930","chr10:23012150-23012649","chr10:23031567-23032066","chr10:23105188-23105687","chr10:23138271-23138770","chr10:23272634-23273133","chr10:23370729-23371228","chr10:23481007-23481506","chr10:23650609-23651108","chr10:23727949-23728448","chr10:23748405-23748904","chr10:23832849-23833348","chr10:32049029-32049528","chr10:6102660-6103159","chr10:6104039-6104538","chr10:6205519-6206018","chr10:6244600-6245099","chr10:6312262-6312761","chr10:72352568-72353067","chr10:75532129-75532628","chr10:79470999-79471498","chr10:80062887-80063386","chr10:94449389-94449888","chr10:94450370-94450869","chr11:111751718-111752217","chr11:14665867-14666366","chr11:22800194-22800693","chr11:22838641-22839140","chr11:22941076-22941575","chr11:327288-327787","chr11:396461-396960","chr11:441762-442261","chr11:45921263-45921762","chr11:46259537-46260036","chr11:46382841-46383340","chr11:47256248-47256747","chr11:47609418-47609917","chr11:568349-568848","chr11:57045262-57045761","chr11:57113031-57113530","chr11:57150735-57151234","chr11:57154720-57155219","chr11:57173827-57174326","chr11:57225848-57226347","chr11:57226565-57227064","chr11:57266984-57267483","chr11:57298027-57298526","chr11:57333495-57333994","chr11:57400093-57400592","chr11:57413654-57414153","chr11:57568091-57568590","chr11:62172326-62172825","chr11:62432532-62433031","chr11:62623269-62623768","chr11:62648144-62648643","chr11:63639436-63639935","chr11:63749583-63750082","chr11:63767890-63768389","chr11:63775191-63775690","chr11:63920464-63920963","chr11:64001761-64002260","chr11:64014164-64014663","chr11:64036015-64036514","chr11:64086722-64087221","chr11:64099134-64099633","chr11:64215541-64216040","chr11:64252202-64252701","chr11:64305836-64306335","chr11:64401208-64401707","chr11:64418257-64418756","chr11:64443304-64443803","chr11:64478650-64479149","chr11:64480892-64481391","chr11:64497307-64497806","chr11:64511896-64512395","chr11:64531674-64532173","chr11:64563628-64564127","chr11:65381539-65382038","chr11:65430316-65430815","chr11:65600863-65601362","chr11:65625516-65626015","chr11:65686339-65686838","chr11:65780325-65780824","chr11:65837585-65838084","chr11:65848892-65849391","chr11:65894176-65894675","chr11:66034840-66035339","chr11:66049814-66050313","chr11:66079566-66080065","chr11:66188226-66188725","chr11:66311192-66311691","chr11:66360043-66360542","chr11:67171137-67171636","chr11:67195682-67196181","chr11:67909376-67909875","chr11:8227785-8228284","chr11:8280719-8281218","chr11:8284309-8284808","chr11:8294781-8295280","chr11:8410429-8410928","chr11:8891984-8892483","chr11:8895512-8896011","chr11:8932249-8932748","chr12:102028423-102028922","chr12:102065105-102065604","chr12:102137459-102137958","chr12:102188652-102189151","chr12:102259716-102260215","chr12:102269323-102269822","chr12:102357381-102357880","chr12:102403954-102404453","chr12:104234726-104235225","chr12:104322611-104323110","chr12:109531187-109531686","chr12:109729172-109729671","chr12:109744776-109745275","chr12:109915100-109915599","chr12:110151784-110152283","chr12:110478092-110478591","chr12:111022931-111023430","chr12:111096573-111097072","chr12:111136015-111136514","chr12:111142506-111143005","chr12:111298561-111299060","chr12:112563056-112563555","chr12:112856393-112856892","chr12:120449981-120450480","chr12:120523954-120524453","chr12:120530091-120530590","chr12:120530825-120531324","chr12:120558789-120559288","chr12:120638789-120639288","chr12:120656922-120657421","chr12:120658406-120658905","chr12:120662535-120663034","chr12:120686288-120686787","chr12:120687205-120687704","chr12:120703325-120703824","chr12:120806734-120807233","chr12:120868144-120868643","chr12:120912357-120912856","chr12:120976358-120976857","chr12:121036901-121037400","chr12:121115938-121116437","chr12:121126532-121127031","chr12:121147989-121148488","chr12:121213868-121214367","chr12:123427643-123428142","chr12:123513024-123513523","chr12:123518470-123518969","chr12:123520998-123521497","chr12:123544079-123544578","chr12:123616406-123616905","chr12:123634313-123634812","chr12:123635391-123635890","chr12:123728312-123728811","chr12:123754012-123754511","chr12:123942774-123943273","chr12:124018016-124018515","chr12:124068829-124069328","chr12:124086375-124086874","chr12:125477997-125478496","chr12:24956727-24957226","chr12:25003409-25003908","chr12:25054994-25055493","chr12:25102144-25102643","chr12:25742872-25743371","chr12:2903870-2904369","chr12:49392843-49393342","chr12:49449727-49450226","chr12:49504434-49504933","chr12:49582270-49582769","chr12:49658599-49659098","chr12:49659108-49659607","chr12:49760118-49760617","chr12:49932691-49933190","chr12:53490971-53491470","chr12:54145013-54145512","chr12:56053550-56054049","chr12:56075081-56075580","chr12:56121429-56121928","chr12:56136815-56137314","chr12:56138478-56138977","chr12:56211291-56211790","chr12:56223159-56223658","chr12:56240770-56241269","chr12:56349080-56349579","chr12:56360304-56360803","chr12:56367448-56367947","chr12:56401194-56401693","chr12:56414502-56415001","chr12:56497854-56498353","chr12:56558169-56558668","chr12:56583102-56583601","chr12:56615550-56616049","chr12:56617853-56618352","chr12:56627193-56627692","chr12:56752554-56753053","chr12:56858027-56858526","chr12:56959380-56959879","chr12:57027936-57028435","chr12:57028601-57029100","chr12:57118972-57119471","chr12:6213148-6213647","chr12:6387734-6388233","chr12:6642844-6643343","chr12:6723019-6723518","chr12:6832658-6833157","chr12:6873315-6873814","chr12:6948869-6949368","chr12:7008928-7009427","chr12:75782841-75783340","chr12:76357898-76358397","chr12:92797450-92797949","chr12:92824905-92825404","chr12:92899085-92899584","chr12:92932938-92933437","chr12:93491814-93492313","chr12:93561467-93561966","chr12:93798105-93798604","chr12:93858834-93859333","chr12:93975466-93975965","chr12:93997592-93998091","chr12:94078453-94078952","chr12:94135940-94136439","chr12:94217412-94217911","chr12:94433719-94434218","chr13:108988143-108988642","chr13:109147925-109148424","chr13:114107590-114108089","chr13:114238764-114239263","chr13:114321221-114321720","chr13:48439943-48440442","chr13:48801676-48802175","chr13:48807045-48807544","chr13:48885319-48885818","chr13:49145607-49146106","chr13:49831563-49832062","chr13:49880016-49880515","chr13:49975363-49975862","chr13:50140605-50141104","chr13:50199410-50199909","chr13:50234047-50234546","chr13:50265362-50265861","chr13:50552422-50552921","chr13:50629576-50630075","chr13:50656058-50656557","chr14:101183664-101184163","chr14:102227886-102228385","chr14:20773904-20774403","chr14:21159059-21159558","chr14:24548929-24549428","chr14:24636529-24637028","chr14:24664633-24665132","chr14:24701379-24701878","chr14:24711631-24712130","chr14:24748748-24749247","chr14:24765937-24766436","chr14:24782294-24782793","chr14:24800758-24801257","chr14:24838029-24838528","chr14:24896314-24896813","chr14:24900858-24901357","chr14:24944432-24944931","chr14:25045217-25045716","chr14:25129302-25129801","chr14:25131928-25132427","chr14:25164433-25164932","chr14:35873706-35874205","chr14:49621727-49622226","chr14:49964394-49964893","chr14:50159574-50160073","chr14:50173114-50173613","chr14:50468469-50468968","chr14:50469873-50470372","chr14:50522561-50523060","chr14:51411205-51411704","chr14:73805269-73805768","chr14:73933993-73934492","chr14:73957485-73957984","chr14:74003569-74004068","chr14:74068844-74069343","chr14:74208149-74208648","chr14:74213031-74213530","chr14:74238437-74238936","chr14:74253681-74254180","chr14:74741841-74742340","chr14:74892556-74893055","chr15:102040097-102040596","chr15:45459428-45459927","chr15:50474144-50474643","chr15:64110314-64110813","chr15:64184888-64185387","chr15:64230542-64231041","chr15:64237375-64237874","chr15:64799458-64799957","chr15:75494101-75494600","chr15:75746819-75747318","chr15:75932356-75932855","chr16:1728008-1728507","chr16:1772107-1772606","chr16:1822907-1823406","chr16:1993078-1993577","chr16:2083330-2083829","chr16:2205450-2205949","chr16:2509832-2510331","chr16:2537042-2537541","chr16:2643509-2644008","chr16:2827049-2827548","chr16:28338190-28338689","chr16:284296-284795","chr16:28481619-28482118","chr16:28834107-28834606","chr16:28914138-28914637","chr16:28936399-28936898","chr16:28986387-28986886","chr16:29086056-29086555","chr16:29168334-29168833","chr16:29184547-29185046","chr16:30569570-30570069","chr16:30596843-30597342","chr16:30660961-30661460","chr16:30661789-30662288","chr16:30662543-30663042","chr16:30939278-30939777","chr16:74314250-74314749","chr16:74330424-74330923","chr16:74411527-74412026","chr16:74734609-74735108","chr16:88717311-88717810","chr16:88878103-88878602","chr17:16118613-16119112","chr17:26266394-26266893","chr17:26366240-26366739","chr17:26698344-26698843","chr17:26698855-26699354","chr17:26699861-26700360","chr17:26898641-26899140","chr17:26940966-26941465","chr17:26971002-26971501","chr17:27053746-27054245","chr17:27070753-27071252","chr17:27333209-27333708","chr17:27522400-27522899","chr17:40682190-40682689","chr17:41080590-41081089","chr17:41176891-41177390","chr17:41446257-41446756","chr17:47287687-47288186","chr17:47307879-47308378","chr17:47647309-47647808","chr17:47653853-47654352","chr17:47662893-47663392","chr17:47755347-47755846","chr17:48105401-48105900","chr17:48193196-48193695","chr17:48344725-48345224","chr17:48503270-48503769","chr17:48586874-48587373","chr17:48589027-48589526","chr17:48636332-48636831","chr17:48663369-48663868","chr17:48691521-48692020","chr17:48694413-48694912","chr17:48739111-48739610","chr17:48785947-48786446","chr17:55123580-55124079","chr17:55332963-55333462","chr17:55366051-55366550","chr17:55456666-55457165","chr17:55946064-55946563","chr17:56032435-56032934","chr17:56267093-56267592","chr17:56769167-56769666","chr17:61513884-61514383","chr17:61519770-61520269","chr17:61532234-61532733","chr17:61775682-61776181","chr17:61776588-61777087","chr17:62009465-62009964","chr17:62023807-62024306","chr17:62060679-62061178","chr17:62206591-62207090","chr17:62249873-62250372","chr17:62501392-62501891","chr17:62504068-62504567","chr17:655318-655817","chr17:6932956-6933455","chr17:73042831-73043330","chr17:73120333-73120832","chr17:73389848-73390347","chr17:73511415-73511914","chr17:73520912-73521411","chr17:74722663-74723162","chr17:74864289-74864788","chr17:75079657-75080156","chr17:75386054-75386553","chr17:75441424-75441923","chr17:77751682-77752181","chr17:79479650-79480149","chr17:79633416-79633915","chr17:79761759-79762258","chr17:79849213-79849712","chr17:79925712-79926211","chr17:80055959-80056458","chr17:80199340-80199839","chr17:80263778-80264277","chr17:80375945-80376444","chr17:80376264-80376763","chr18:11937776-11938275","chr18:12200101-12200600","chr18:12237109-12237608","chr18:12288938-12289437","chr18:12308509-12309008","chr18:12318170-12318669","chr18:12407646-12408145","chr18:12420860-12421359","chr18:12422880-12423379","chr18:12515492-12515991","chr18:12658488-12658987","chr18:12679123-12679622","chr18:2906497-2906996","chr18:3016524-3017023","chr18:3213339-3213838","chr18:3223232-3223731","chr18:32934980-32935479","chr18:33074774-33075273","chr18:33105634-33106133","chr18:33161773-33162272","chr18:33196730-33197229","chr18:33293432-33293931","chr18:33530161-33530660","chr18:3499469-3499968","chr18:3525837-3526336","chr18:3639298-3639797","chr18:3717307-3717806","chr18:44526526-44527025","chr18:44786639-44787138","chr18:46519042-46519541","chr18:46550388-46550887","chr18:46687973-46688472","chr18:46695284-46695783","chr18:47002884-47003383","chr18:47013373-47013872","chr18:47314870-47315369","chr18:47363744-47364243","chr18:77403021-77403520","chr18:77439552-77440051","chr19:10341713-10342212","chr19:10664596-10665095","chr19:10697742-10698241","chr19:10981940-10982439","chr19:11071349-11071848","chr19:14228647-14229146","chr19:1605195-1605694","chr19:18548862-18549361","chr19:18598972-18599471","chr19:18699246-18699745","chr19:18704985-18705484","chr19:18794238-18794737","chr19:18977274-18977773","chr19:19051821-19052320","chr19:19245463-19245962","chr19:19373356-19373855","chr19:19431404-19431903","chr19:19586852-19587351","chr19:19713662-19714161","chr19:19962555-19963054","chr19:2328370-2328869","chr19:2627393-2627892","chr19:33668260-33668759","chr19:33793221-33793720","chr19:34850136-34850635","chr19:35166355-35166854","chr19:36036248-36036747","chr19:36135193-36135692","chr19:36138876-36139375","chr19:36208672-36209