<!DOCTYPE HTML>
<html>
  <head>
    <meta charset="UTF-8">
    <title>TOMTOM</title>
    <script>
      // @JSON_VAR data
      var data = {
        "program": "Tomtom",
        "version": "4.11.3",
        "release": "Sat Mar 11 20:16:08 2017 -0800",
        "cmd": [
          "tomtom", "-verbosity", "1", "-oc",
          "/broad/sankaranlab/fyu/HemeMap/02262021-downMast_re-analysis/motif_denovo/up_mast0035_interactions_10x_hocomoco_meme-chip/dreme_tomtom_out",
          "-min-overlap", "5", "-dist", "pearson", "-evalue", "-thresh", "1",
          "-no-ssc", "-bfile",
          "/broad/sankaranlab/fyu/HemeMap/02262021-downMast_re-analysis/motif_denovo/up_mast0035_interactions_10x_hocomoco_meme-chip/background",
          "/broad/sankaranlab/fyu/HemeMap/02262021-downMast_re-analysis/motif_denovo/up_mast0035_interactions_10x_hocomoco_meme-chip/dreme_out/dreme.xml",
          "/broad/sankaranlab/fyu/motif_data/HOCOMOCOv11_core_HUMAN_mono_meme_format.meme"
        ],
        "options": {
          "strands": "both",
          "distance_measure": "pearson",
          "threshold_type": "evalue",
          "threshold_value": 1,
          "background_source": "file",
          "background_file": "/broad/sankaranlab/fyu/HemeMap/02262021-downMast_re-analysis/motif_denovo/up_mast0035_interactions_10x_hocomoco_meme-chip/background"
        },
        "alphabet": {
          "name": "DNA",
          "like": "dna",
          "ncore": 4,
          "symbols": [
            {
              "symbol": "A",
              "name": "Adenine",
              "colour": "CC0000",
              "complement": "T"
            }, {
              "symbol": "C",
              "name": "Cytosine",
              "colour": "0000CC",
              "complement": "G"
            }, {
              "symbol": "G",
              "name": "Guanine",
              "colour": "FFB300",
              "complement": "C"
            }, {
              "symbol": "T",
              "aliases": "U",
              "name": "Thymine",
              "colour": "008000",
              "complement": "A"
            }, {
              "symbol": "N",
              "aliases": "X.",
              "name": "Any base",
              "equals": "ACGT"
            }, {
              "symbol": "V",
              "name": "Not T",
              "equals": "ACG"
            }, {
              "symbol": "H",
              "name": "Not G",
              "equals": "ACT"
            }, {
              "symbol": "D",
              "name": "Not C",
              "equals": "AGT"
            }, {
              "symbol": "B",
              "name": "Not A",
              "equals": "CGT"
            }, {
              "symbol": "M",
              "name": "Amino",
              "equals": "AC"
            }, {
              "symbol": "R",
              "name": "Purine",
              "equals": "AG"
            }, {
              "symbol": "W",
              "name": "Weak",
              "equals": "AT"
            }, {
              "symbol": "S",
              "name": "Strong",
              "equals": "CG"
            }, {
              "symbol": "Y",
              "name": "Pyrimidine",
              "equals": "CT"
            }, {
              "symbol": "K",
              "name": "Keto",
              "equals": "GT"
            }
          ]
        },
        "background": [0.2358, 0.2642, 0.2642, 0.2358],
        "query_dbs": [
          {
            "source": "/broad/sankaranlab/fyu/HemeMap/02262021-downMast_re-analysis/motif_denovo/up_mast0035_interactions_10x_hocomoco_meme-chip/dreme_out/dreme.xml",
            "name": "dreme",
            "loaded": 10,
            "excluded": 0,
            "last_modified": "Sun Feb 28 15:34:55 2021"
          }
        ],
        "target_dbs": [
          {
            "source": "/broad/sankaranlab/fyu/motif_data/HOCOMOCOv11_core_HUMAN_mono_meme_format.meme",
            "name": "HOCOMOCOv11 core HUMAN mono meme format",
            "loaded": 401,
            "excluded": 0,
            "last_modified": "Sat Jun 23 07:43:00 2018"
          }
        ],
        "queries": [
          {
            "db": 0,
            "id": "AGATAA",
            "alt": "DREME",
            "len": 6,
            "nsites": 313,
            "evalue": "4.8e-009",
            "pwm": [
              [0.999756, 8.4382e-05, 8.4382e-05, 7.53114e-05], 
              [7.53114e-05, 8.4382e-05, 0.999765, 7.53114e-05], 
              [0.999756, 8.4382e-05, 8.4382e-05, 7.53114e-05], 
              [7.53114e-05, 8.4382e-05, 8.4382e-05, 0.999756], 
              [0.999756, 8.4382e-05, 8.4382e-05, 7.53114e-05], 
              [0.999756, 8.4382e-05, 8.4382e-05, 7.53114e-05]
            ]
          }, {
            "db": 0,
            "id": "AGGAARY",
            "alt": "DREME",
            "len": 7,
            "nsites": 1690,
            "evalue": "1.9e-157",
            "pwm": [
              [0.999955, 1.56322e-05, 1.56322e-05, 1.39518e-05], 
              [1.39518e-05, 1.56322e-05, 0.999956, 1.39518e-05], 
              [1.39518e-05, 1.56322e-05, 0.999956, 1.39518e-05], 
              [0.999955, 1.56322e-05, 1.56322e-05, 1.39518e-05], 
              [0.999955, 1.56322e-05, 1.56322e-05, 1.39518e-05], 
              [0.409457, 1.56322e-05, 0.590514, 1.39518e-05], 
              [1.39518e-05, 0.495844, 1.56322e-05, 0.504126]
            ]
          }, {
            "db": 0,
            "id": "AKAAAH",
            "alt": "DREME",
            "len": 6,
            "nsites": 2847,
            "evalue": "2.1e-026",
            "pwm": [
              [0.999973, 9.27962e-06, 9.27962e-06, 8.28211e-06], 
              [8.28211e-06, 9.27962e-06, 0.636798, 0.363185], 
              [0.999973, 9.27962e-06, 9.27962e-06, 8.28211e-06], 
              [0.999973, 9.27962e-06, 9.27962e-06, 8.28211e-06], 
              [0.999973, 9.27962e-06, 9.27962e-06, 8.28211e-06], 
              [0.437295, 0.269758, 9.27962e-06, 0.292938]
            ]
          }, {
            "db": 0,
            "id": "CACGTGRY",
            "alt": "DREME",
            "len": 8,
            "nsites": 113,
            "evalue": "1.4e-014",
            "pwm": [
              [0.000208488, 0.999349, 0.000233599, 0.000208488], 
              [0.999324, 0.000233599, 0.000233599, 0.000208488], 
              [0.000208488, 0.999349, 0.000233599, 0.000208488], 
              [0.000208488, 0.000233599, 0.999349, 0.000208488], 
              [0.000208488, 0.000233599, 0.000233599, 0.999324], 
              [0.000208488, 0.000233599, 0.999349, 0.000208488], 
              [0.521871, 0.000233599, 0.477687, 0.000208488], 
              [0.000208488, 0.663364, 0.000233599, 0.336194]
            ]
          }, {
            "db": 0,
            "id": "CCDCCKCC",
            "alt": "DREME",
            "len": 8,
            "nsites": 737,
            "evalue": "4.0e-023",
            "pwm": [
              [3.19902e-05, 0.9999, 3.58432e-05, 3.19902e-05], 
              [3.19902e-05, 0.9999, 3.58432e-05, 3.19902e-05], 
              [0.207602, 3.58432e-05, 0.473513, 0.318849], 
              [3.19902e-05, 0.9999, 3.58432e-05, 3.19902e-05], 
              [3.19902e-05, 0.9999, 3.58432e-05, 3.19902e-05], 
              [3.19902e-05, 3.58432e-05, 0.472157, 0.527775], 
              [3.19902e-05, 0.9999, 3.58432e-05, 3.19902e-05], 
              [3.19902e-05, 0.9999, 3.58432e-05, 3.19902e-05]
            ]
          }, {
            "db": 0,
            "id": "CMCAGM",
            "alt": "DREME",
            "len": 6,
            "nsites": 3163,
            "evalue": "2.7e-014",
            "pwm": [
              [7.45471e-06, 0.999977, 8.35256e-06, 7.45471e-06], 
              [0.411312, 0.588672, 8.35256e-06, 7.45471e-06], 
              [7.45471e-06, 0.999977, 8.35256e-06, 7.45471e-06], 
              [0.999976, 8.35256e-06, 8.35256e-06, 7.45471e-06], 
              [7.45471e-06, 8.35256e-06, 0.999977, 7.45471e-06], 
              [0.412893, 0.587091, 8.35256e-06, 7.45471e-06]
            ]
          }, {
            "db": 0,
            "id": "CYCCRCCC",
            "alt": "DREME",
            "len": 8,
            "nsites": 865,
            "evalue": "2.2e-036",
            "pwm": [
              [2.7257e-05, 0.999915, 3.05398e-05, 2.7257e-05], 
              [2.7257e-05, 0.707463, 3.05398e-05, 0.292479], 
              [2.7257e-05, 0.999915, 3.05398e-05, 2.7257e-05], 
              [2.7257e-05, 0.999915, 3.05398e-05, 2.7257e-05], 
              [0.321377, 3.05398e-05, 0.678565, 2.7257e-05], 
              [2.7257e-05, 0.999915, 3.05398e-05, 2.7257e-05], 
              [2.7257e-05, 0.999915, 3.05398e-05, 2.7257e-05], 
              [2.7257e-05, 0.999915, 3.05398e-05, 2.7257e-05]
            ]
          }, {
            "db": 0,
            "id": "RRCCACA",
            "alt": "DREME",
            "len": 7,
            "nsites": 1027,
            "evalue": "5.3e-040",
            "pwm": [
              [0.591981, 2.57229e-05, 0.40797, 2.29578e-05], 
              [0.533564, 2.57229e-05, 0.466387, 2.29578e-05], 
              [2.29578e-05, 0.999928, 2.57229e-05, 2.29578e-05], 
              [2.29578e-05, 0.999928, 2.57229e-05, 2.29578e-05], 
              [0.999926, 2.57229e-05, 2.57229e-05, 2.29578e-05], 
              [2.29578e-05, 0.999928, 2.57229e-05, 2.29578e-05], 
              [0.999926, 2.57229e-05, 2.57229e-05, 2.29578e-05]
            ]
          }, {
            "db": 0,
            "id": "RTGASTCA",
            "alt": "DREME",
            "len": 8,
            "nsites": 281,
            "evalue": "2.5e-031",
            "pwm": [
              [0.458996, 9.39879e-05, 0.540827, 8.38847e-05], 
              [8.38847e-05, 9.39879e-05, 9.39879e-05, 0.999728], 
              [8.38847e-05, 9.39879e-05, 0.999738, 8.38847e-05], 
              [0.999728, 9.39879e-05, 9.39879e-05, 8.38847e-05], 
              [8.38847e-05, 0.569286, 0.430546, 8.38847e-05], 
              [8.38847e-05, 9.39879e-05, 9.39879e-05, 0.999728], 
              [8.38847e-05, 0.999738, 9.39879e-05, 8.38847e-05], 
              [0.999728, 9.39879e-05, 9.39879e-05, 8.38847e-05]
            ]
          }, {
            "db": 0,
            "id": "SVGGAA",
            "alt": "DREME",
            "len": 6,
            "nsites": 3197,
            "evalue": "6.0e-043",
            "pwm": [
              [7.37543e-06, 0.431337, 0.568648, 7.37543e-06], 
              [0.420388, 0.227402, 0.352202, 7.37543e-06], 
              [7.37543e-06, 8.26374e-06, 0.999977, 7.37543e-06], 
              [7.37543e-06, 8.26374e-06, 0.999977, 7.37543e-06], 
              [0.999976, 8.26374e-06, 8.26374e-06, 7.37543e-06], 
              [0.999976, 8.26374e-06, 8.26374e-06, 7.37543e-06]
            ]
          }
        ],
        "targets": [
          {
            "db": 0,
            "id": "ATF3_HUMAN.H11MO.0.A",
            "len": 11,
            "nsites": 500,
            "evalue": "1.0e+000",
            "url": "http://hocomoco.autosome.ru/motif/ATF3_HUMAN.H11MO.0.A",
            "pwm": [
              [0.222003, 0.0900348, 0.579937, 0.108026], 
              [0.255996, 0.0280472, 0.709911, 0.00604595], 
              [0.0180436, 0.0420444, 0.00805123, 0.931861], 
              [0.0100452, 0.477957, 0.507951, 0.00404635], 
              [0.939859, 0.024048, 0.00405203, 0.0320408], 
              [0.00204675, 0.81389, 0.0420444, 0.142019], 
              [0.0380396, 0.0180492, 0.925868, 0.0180436], 
              [0.0280416, 0.224008, 0.00805123, 0.739899], 
              [0.265994, 0.16402, 0.535946, 0.0340404], 
              [0.575932, 0.104032, 0.252002, 0.0680336], 
              [0.0940284, 0.295994, 0.275998, 0.33398]
            ]
          }, {
            "db": 0,
            "id": "BACH1_HUMAN.H11MO.0.A",
            "len": 13,
            "nsites": 500,
            "evalue": "1.0e+000",
            "url": "http://hocomoco.autosome.ru/motif/BACH1_HUMAN.H11MO.0.A",
            "pwm": [
              [0.0628486, 0.168184, 0.0975475, 0.67142], 
              [0.00920382, 0.0664278, 0.922339, 0.00202921], 
              [0.0209116, 0.967528, 0.00397728, 0.00758271], 
              [0.0362154, 0.079586, 0.0801419, 0.804057], 
              [0.0038954, 0.0613593, 0.89089, 0.043855], 
              [0.802818, 0.0206218, 0.124526, 0.052035], 
              [0.0133087, 0.214868, 0.763226, 0.00859752], 
              [0.00624673, 0.0361822, 0.14588, 0.811691], 
              [0.0162383, 0.943695, 0.0343195, 0.00574709], 
              [0.786279, 0.0958404, 0.0824561, 0.0354248], 
              [0.00982447, 0.334265, 0.256608, 0.399302], 
              [0.151625, 0.265559, 0.394695, 0.188121], 
              [0.105262, 0.378567, 0.372603, 0.143568]
            ]
          }, {
            "db": 0,
            "id": "BACH2_HUMAN.H11MO.0.A",
            "len": 11,
            "nsites": 500,
            "evalue": "1.0e+000",
            "url": "http://hocomoco.autosome.ru/motif/BACH2_HUMAN.H11MO.0.A",
            "pwm": [
              [0.122023, 0.0960336, 0.0680392, 0.713904], 
              [0.0140444, 0.0780372, 0.893874, 0.0140444], 
              [0.0440384, 0.923868, 0.0120504, 0.0200432], 
              [0.0780316, 0.0380452, 0.00805123, 0.875872], 
              [0.0580356, 0.0600408, 0.793894, 0.0880296], 
              [0.757896, 0.0380452, 0.0560416, 0.148018], 
              [0.0440384, 0.224008, 0.669919, 0.0620348], 
              [0.0100452, 0.0160496, 0.00805123, 0.965854], 
              [0.0600352, 0.919869, 0.0160496, 0.00404635], 
              [0.963854, 0.0120504, 0.00805123, 0.016044], 
              [0.056036, 0.319989, 0.21201, 0.411965]
            ]
          }, {
            "db": 0,
            "id": "BATF_HUMAN.H11MO.0.A",
            "len": 18,
            "nsites": 500,
            "evalue": "1.0e+000",
            "url": "http://hocomoco.autosome.ru/motif/BATF_HUMAN.H11MO.0.A",
            "pwm": [
              [0.451957, 0.0780372, 0.264, 0.206006], 
              [0.0480376, 0.399973, 0.345984, 0.206006], 
              [0.0120448, 0.0180492, 0.044044, 0.925862], 
              [0.13402, 0.327987, 0.024048, 0.513944], 
              [0.08603, 0.238005, 0.0520424, 0.623922], 
              [0.142019, 0.545944, 0.0460436, 0.265994], 
              [0.379971, 0.0860356, 0.395974, 0.13802], 
              [0.369973, 0.11403, 0.230007, 0.28599], 
              [0.33798, 0.0180492, 0.084036, 0.559935], 
              [0.577932, 0.158021, 0.0220484, 0.241999], 
              [0.00204675, 0.00205243, 5.28294e-05, 0.995848], 
              [0.00404635, 0.0560416, 0.849883, 0.0900292], 
              [0.977852, 0.00805123, 0.0120504, 0.00204675], 
              [0.104026, 0.557941, 0.31599, 0.0220428], 
              [0.0720328, 0.0300468, 0.0200488, 0.877872], 
              [0.212005, 0.507951, 0.21201, 0.0680336], 
              [0.611925, 0.084036, 0.110031, 0.194008], 
              [0.142019, 0.186016, 0.305992, 0.365974]
            ]
          }, {
            "db": 0,
            "id": "BC11A_HUMAN.H11MO.0.A",
            "len": 17,
            "nsites": 500,
            "evalue": "1.0e+000",
            "url": "http://hocomoco.autosome.ru/motif/BC11A_HUMAN.H11MO.0.A",
            "pwm": [
              [0.375727, 0.184628, 0.286197, 0.153448], 
              [0.550577, 0.0994733, 0.224097, 0.125853], 
              [0.500161, 0.142366, 0.230717, 0.126756], 
              [0.589979, 0.0166192, 0.226054, 0.167348], 
              [0.187432, 0.160799, 0.580419, 0.0713492], 
              [0.664508, 0.0145845, 0.269379, 0.0515282], 
              [0.104034, 0.0144913, 0.828553, 0.052921], 
              [0.200414, 0.0327745, 0.758549, 0.00826209], 
              [0.880095, 0.0431281, 0.0486003, 0.0281767], 
              [0.867861, 0.00584248, 0.055547, 0.0707495], 
              [0.248396, 0.226049, 0.502144, 0.0234111], 
              [0.150155, 0.154995, 0.0315614, 0.663289], 
              [0.11783, 0.0724952, 0.760192, 0.0494837], 
              [0.658746, 0.0644159, 0.250666, 0.026172], 
              [0.458782, 0.143456, 0.310169, 0.0875932], 
              [0.622699, 0.0788478, 0.157297, 0.141156], 
              [0.358982, 0.204703, 0.318079, 0.118236]
            ]
          }, {
            "db": 0,
            "id": "BHE40_HUMAN.H11MO.0.A",
            "len": 10,
            "nsites": 500,
            "evalue": "1.0e+000",
            "url": "http://hocomoco.autosome.ru/motif/BHE40_HUMAN.H11MO.0.A",
            "pwm": [
              [0.345978, 0.084036, 0.369979, 0.200007], 
              [0.170013, 0.01405, 0.627927, 0.18801], 
              [0.0980276, 0.897873, 0.00205243, 0.00204675], 
              [0.943858, 0.0120504, 0.0160496, 0.0280416], 
              [0.00804555, 0.929867, 0.0160496, 0.046038], 
              [0.0520368, 0.0420444, 0.899873, 0.00604595], 
              [0.046038, 0.01405, 0.0460436, 0.893868], 
              [0.00204675, 5.28294e-05, 0.997853, 4.71506e-05], 
              [0.58393, 0.234006, 0.11603, 0.066034], 
              [0.0920288, 0.457961, 0.379977, 0.0700332]
            ]
          }, {
            "db": 0,
            "id": "BMAL1_HUMAN.H11MO.0.A",
            "len": 11,
            "nsites": 410,
            "evalue": "1.0e+000",
            "url": "http://hocomoco.autosome.ru/motif/BMAL1_HUMAN.H11MO.0.A",
            "pwm": [
              [0.160994, 0.161001, 0.370706, 0.3073], 
              [0.173186, 0.521888, 0.292676, 0.0122496], 
              [0.0658951, 0.926668, 0.00250285, 0.00493436], 
              [0.8974, 0.0122566, 0.0342024, 0.0561414], 
              [0.0244418, 0.731593, 0.0342024, 0.209762], 
              [0.00737279, 0.0220103, 0.951052, 0.0195649], 
              [0.0146881, 6.44233e-05, 0.0122566, 0.972991], 
              [5.74982e-05, 0.00494128, 0.975436, 0.0195649], 
              [0.453605, 0.265853, 0.0268871, 0.253654], 
              [0.0512645, 0.492627, 0.292676, 0.163432], 
              [0.139048, 0.319499, 0.143932, 0.397522]
            ]
          }, {
            "db": 0,
            "id": "CLOCK_HUMAN.H11MO.0.C",
            "len": 14,
            "nsites": 252,
            "evalue": "1.0e+000",
            "url": "http://hocomoco.autosome.ru/motif/CLOCK_HUMAN.H11MO.0.C",
            "pwm": [
              [0.158761, 0.599073, 0.178605, 0.0635604], 
              [0.424528, 0.115139, 0.190505, 0.269828], 
              [0.202394, 0.146872, 0.511807, 0.138927], 
              [0.337261, 0.321406, 0.166705, 0.174627], 
              [0.0952939, 0.848974, 0.0437383, 0.0119936], 
              [0.809296, 0.0635717, 0.0437383, 0.0833938], 
              [0.154794, 0.607007, 0.127039, 0.111161], 
              [0.253961, 0.0556383, 0.642707, 0.0476937], 
              [0.0952939, 0.119105, 0.0437383, 0.741863], 
              [0.0873605, 0.0239049, 0.860874, 0.0278603], 
              [0.400728, 0.313473, 0.178605, 0.107194], 
              [0.368995, 0.242072, 0.281739, 0.107194], 
              [0.222228, 0.388839, 0.289672, 0.0992605], 
              [0.491962, 0.297606, 0.0239049, 0.186527]
            ]
          }, {
            "db": 0,
            "id": "E2F1_HUMAN.H11MO.0.A",
            "len": 14,
            "nsites": 500,
            "evalue": "1.0e+000",
            "url": "http://hocomoco.autosome.ru/motif/E2F1_HUMAN.H11MO.0.A",
            "pwm": [
              [0.327982, 0.160021, 0.377977, 0.13402], 
              [0.236, 0.200013, 0.451962, 0.112025], 
              [0.271993, 0.210011, 0.289995, 0.228002], 
              [0.190009, 0.102032, 0.46596, 0.241999], 
              [0.0820308, 0.200013, 0.703912, 0.0140444], 
              [0.0180436, 0.00605163, 0.96586, 0.0100452], 
              [0.056036, 0.921868, 0.00405203, 0.0180436], 
              [0.016044, 0.00805123, 0.957861, 0.0180436], 
              [0.0220428, 0.0820364, 0.889875, 0.00604595], 
              [0.0680336, 0.034046, 0.889875, 0.00804555], 
              [0.855876, 0.0200488, 0.0900348, 0.0340404], 
              [0.653916, 0.06404, 0.271998, 0.0100452], 
              [0.399967, 0.140025, 0.36598, 0.0940284], 
              [0.271993, 0.16402, 0.395974, 0.168014]
            ]
          }, {
            "db": 0,
            "id": "E2F3_HUMAN.H11MO.0.A",
            "len": 11,
            "nsites": 500,
            "evalue": "1.0e+000",
            "url": "http://hocomoco.autosome.ru/motif/E2F3_HUMAN.H11MO.0.A",
            "pwm": [
              [0.375972, 0.140025, 0.208011, 0.275992], 
              [0.261995, 0.0460436, 0.409971, 0.281991], 
              [0.126022, 0.124028, 0.675918, 0.0740324], 
              [0.0340404, 0.00605163, 0.955862, 0.00404635], 
              [0.124022, 0.769899, 0.0200488, 0.08603], 
              [0.152017, 0.00405203, 0.683916, 0.160015], 
              [0.096028, 0.0200488, 0.867879, 0.016044], 
              [0.0180436, 0.0100508, 0.957861, 0.0140444], 
              [0.83388, 0.0380452, 0.118029, 0.0100452], 
              [0.711905, 0.0620404, 0.200013, 0.026042], 
              [0.53394, 0.110031, 0.250003, 0.106026]
            ]
          }, {
            "db": 0,
            "id": "E2F4_HUMAN.H11MO.0.A",
            "len": 13,
            "nsites": 500,
            "evalue": "1.0e+000",
            "url": "http://hocomoco.autosome.ru/motif/E2F4_HUMAN.H11MO.0.A",
            "pwm": [
              [0.146018, 0.258001, 0.505952, 0.0900292], 
              [0.277992, 0.0960336, 0.46196, 0.164014], 
              [0.243998, 0.100033, 0.525948, 0.130021], 
              [0.100027, 0.188015, 0.695914, 0.016044], 
              [0.00404635, 0.0360456, 0.957861, 0.00204675], 
              [0.0120448, 0.973858, 5.28294e-05, 0.0140444], 
              [0.03604, 0.00205243, 0.945864, 0.016044], 
              [0.00404635, 0.0380452, 0.949863, 0.00804555], 
              [0.0900292, 0.01405, 0.893874, 0.00204675], 
              [0.715904, 0.0220484, 0.250003, 0.0120448], 
              [0.53594, 0.200013, 0.222008, 0.0420388], 
              [0.381971, 0.188015, 0.281996, 0.148018], 
              [0.253996, 0.11403, 0.305992, 0.325982]
            ]
          }, {
            "db": 0,
            "id": "E2F6_HUMAN.H11MO.0.A",
            "len": 13,
            "nsites": 500,
            "evalue": "1.0e+000",
            "url": "http://hocomoco.autosome.ru/motif/E2F6_HUMAN.H11MO.0.A",
            "pwm": [
              [0.33798, 0.148023, 0.341984, 0.172013], 
              [0.261995, 0.034046, 0.555942, 0.148018], 
              [0.154016, 0.126028, 0.699913, 0.0200432], 
              [0.0100452, 0.0160496, 0.96386, 0.0100452], 
              [0.214004, 0.707911, 0.0120504, 0.066034], 
              [0.0400392, 0.0180492, 0.893874, 0.0480376], 
              [0.0240424, 0.0480432, 0.895874, 0.0320408], 
              [0.0720328, 0.044044, 0.871878, 0.0120448], 
              [0.941859, 0.0320464, 0.01405, 0.0120448], 
              [0.511945, 0.0360456, 0.435966, 0.016044], 
              [0.38397, 0.108031, 0.437965, 0.0700332], 
              [0.277992, 0.218009, 0.377977, 0.126022], 
              [0.275992, 0.16202, 0.425968, 0.13602]
            ]
          }, {
            "db": 0,
            "id": "E2F7_HUMAN.H11MO.0.B",
            "len": 13,
            "nsites": 500,
            "evalue": "1.0e+000",
            "url": "http://hocomoco.autosome.ru/motif/E2F7_HUMAN.H11MO.0.B",
            "pwm": [
              [0.196008, 0.148023, 0.529947, 0.126022], 
              [0.33798, 0.0320464, 0.41597, 0.214004], 
              [0.142019, 0.0820364, 0.771898, 0.00404635], 
              [0.0440384, 0.00405203, 0.941864, 0.0100452], 
              [0.0840304, 0.853882, 0.00405203, 0.0580356], 
              [0.140019, 0.0160496, 0.81389, 0.0300412], 
              [0.0220428, 0.0120504, 0.957861, 0.00804555], 
              [0.204006, 0.00605163, 0.775898, 0.0140444], 
              [0.713904, 0.00405203, 0.275998, 0.00604595], 
              [0.603926, 0.138025, 0.240005, 0.0180436], 
              [0.427962, 0.192014, 0.224008, 0.156016], 
              [0.343978, 0.0860356, 0.355982, 0.214004], 
              [0.259995, 0.152022, 0.485956, 0.102027]
            ]
          }, {
            "db": 0,
            "id": "EGR1_HUMAN.H11MO.0.A",
            "len": 17,
            "nsites": 500,
            "evalue": "1.0e+000",
            "url": "http://hocomoco.autosome.ru/motif/EGR1_HUMAN.H11MO.0.A",
            "pwm": [
              [0.232001, 0.248003, 0.409971, 0.110025], 
              [0.319983, 0.128027, 0.317989, 0.234], 
              [0.277992, 0.180017, 0.459961, 0.0820308], 
              [0.236, 0.11203, 0.353982, 0.297988], 
              [0.112025, 0.0300468, 0.807891, 0.0500372], 
              [0.236, 0.505952, 0.0460436, 0.212005], 
              [0.056036, 0.034046, 0.869879, 0.0400392], 
              [0.0320408, 0.00405203, 0.409971, 0.553936], 
              [0.0920288, 0.00205243, 0.891874, 0.0140444], 
              [0.016044, 0.00405203, 0.957861, 0.0220428], 
              [0.0240424, 0.0320464, 0.929867, 0.0140444], 
              [0.220003, 0.475958, 0.00405203, 0.299987], 
              [0.0880296, 0.0100508, 0.841884, 0.0600352], 
              [0.110025, 0.0220484, 0.695914, 0.172013], 
              [0.33798, 0.128027, 0.405972, 0.128022], 
              [0.311985, 0.0820364, 0.455962, 0.150017], 
              [0.263994, 0.182016, 0.435966, 0.118024]
            ]
          }, {
            "db": 0,
            "id": "EGR2_HUMAN.H11MO.0.A",
            "len": 18,
            "nsites": 500,
            "evalue": "1.0e+000",
            "url": "http://hocomoco.autosome.ru/motif/EGR2_HUMAN.H11MO.0.A",
            "pwm": [
              [0.216004, 0.074038, 0.61193, 0.0980276], 
              [0.293988, 0.0960336, 0.41197, 0.198008], 
              [0.228002, 0.074038, 0.621928, 0.076032], 
              [0.253996, 0.0680392, 0.501952, 0.176012], 
              [0.319983, 0.104032, 0.505952, 0.0700332], 
              [0.150017, 0.104032, 0.449963, 0.295988], 
              [0.076032, 0.102032, 0.7659, 0.056036], 
              [0.369973, 0.190015, 0.044044, 0.395968], 
              [0.0340404, 0.0220484, 0.929867, 0.0140444], 
              [0.0400392, 0.0120504, 0.46196, 0.48595], 
              [0.182011, 0.00605163, 0.793894, 0.0180436], 
              [0.03604, 0.01405, 0.889875, 0.0600352], 
              [0.0240424, 0.0400448, 0.91587, 0.0200432], 
              [0.349977, 0.281996, 0.0220484, 0.345978], 
              [0.0580356, 0.00605163, 0.873878, 0.0620348], 
              [0.076032, 0.034046, 0.781896, 0.108026], 
              [0.341979, 0.074038, 0.501952, 0.0820308], 
              [0.253996, 0.0480432, 0.56194, 0.13602]
            ]
          }, {
            "db": 0,
            "id": "EHF_HUMAN.H11MO.0.B",
            "len": 15,
            "nsites": 500,
            "evalue": "1.0e+000",
            "url": "http://hocomoco.autosome.ru/motif/EHF_HUMAN.H11MO.0.B",
            "pwm": [
              [0.249997, 0.208011, 0.383976, 0.158016], 
              [0.445958, 0.156022, 0.16602, 0.232001], 
              [0.843878, 0.00605163, 0.00805123, 0.142019], 
              [0.142019, 0.449963, 0.192014, 0.216004], 
              [0.194008, 0.51195, 0.293994, 4.71506e-05], 
              [0.753896, 0.228007, 0.0180492, 4.71506e-05], 
              [4.71506e-05, 5.28294e-05, 0.999853, 4.71506e-05], 
              [0.00204675, 5.28294e-05, 0.997853, 4.71506e-05], 
              [0.997848, 5.28294e-05, 0.00205243, 4.71506e-05], 
              [0.997848, 5.28294e-05, 5.28294e-05, 0.00204675], 
              [0.226002, 0.00805123, 0.7659, 4.71506e-05], 
              [0.0320408, 0.184016, 0.0420444, 0.741899], 
              [0.269993, 0.102032, 0.405972, 0.222003], 
              [0.249997, 0.246004, 0.407971, 0.096028], 
              [0.168014, 0.359981, 0.353982, 0.118024]
            ]
          }, {
            "db": 0,
            "id": "ELF3_HUMAN.H11MO.0.A",
            "len": 14,
            "nsites": 500,
            "evalue": "1.0e+000",
            "url": "http://hocomoco.autosome.ru/motif/ELF3_HUMAN.H11MO.0.A",
            "pwm": [
              [0.297988, 0.170019, 0.389975, 0.142019], 
              [0.447958, 0.152022, 0.188015, 0.212005], 
              [0.869873, 0.00605163, 0.0280472, 0.096028], 
              [0.146018, 0.41197, 0.234006, 0.208006], 
              [0.271993, 0.385976, 0.341984, 4.71506e-05], 
              [0.915864, 0.06404, 0.0160496, 0.00404635], 
              [0.00204675, 5.28294e-05, 0.983856, 0.0140444], 
              [4.71506e-05, 0.00605163, 0.991854, 0.00204675], 
              [0.989849, 5.28294e-05, 0.0100508, 4.71506e-05], 
              [0.977852, 5.28294e-05, 0.0100508, 0.0120448], 
              [0.297988, 0.0180492, 0.681916, 0.00204675], 
              [0.0400392, 0.148023, 0.0520424, 0.759895], 
              [0.351977, 0.06404, 0.397973, 0.18601], 
              [0.257996, 0.204012, 0.425968, 0.112025]
            ]
          }, {
            "db": 0,
            "id": "ELF5_HUMAN.H11MO.0.A",
            "len": 15,
            "nsites": 500,
            "evalue": "1.0e+000",
            "url": "http://hocomoco.autosome.ru/motif/ELF5_HUMAN.H11MO.0.A",
            "pwm": [
              [0.253996, 0.222008, 0.405972, 0.118024], 
              [0.216004, 0.202012, 0.491954, 0.0900292], 
              [0.467954, 0.168019, 0.264, 0.100027], 
              [0.799887, 0.0220484, 0.074038, 0.104026], 
              [0.144018, 0.307991, 0.369979, 0.178012], 
              [0.18401, 0.36598, 0.443964, 0.00604595], 
              [0.68391, 0.258001, 0.0500428, 0.00804555], 
              [4.71506e-05, 5.28294e-05, 0.999853, 4.71506e-05], 
              [0.00604595, 0.00205243, 0.991854, 4.71506e-05], 
              [0.991849, 5.28294e-05, 0.00605163, 0.00204675], 
              [0.981851, 0.00605163, 0.00605163, 0.00604595], 
              [0.150017, 0.0180492, 0.827887, 0.00404635], 
              [0.158016, 0.154022, 0.124028, 0.563934], 
              [0.257996, 0.120029, 0.475958, 0.146018], 
              [0.279991, 0.220009, 0.395974, 0.104026]
            ]
          }, {
            "db": 0,
            "id": "ERG_HUMAN.H11MO.0.A",
            "len": 13,
            "nsites": 500,
            "evalue": "1.0e+000",
            "url": "http://hocomoco.autosome.ru/motif/ERG_HUMAN.H11MO.0.A",
            "pwm": [
              [0.33798, 0.152022, 0.359981, 0.150017], 
              [0.307986, 0.156022, 0.457961, 0.0780316], 
              [0.43596, 0.0520424, 0.455962, 0.056036], 
              [0.102027, 0.559941, 0.333986, 0.00404635], 
              [0.865874, 0.11603, 0.0160496, 0.00204675], 
              [0.00404635, 0.00405203, 0.985856, 0.00604595], 
              [0.00604595, 0.00405203, 0.989855, 4.71506e-05], 
              [0.975852, 0.0100508, 0.0100508, 0.00404635], 
              [0.93586, 0.00205243, 0.0220484, 0.0400392], 
              [0.204006, 0.0160496, 0.777897, 0.00204675], 
              [0.102027, 0.309991, 0.174018, 0.413964], 
              [0.224002, 0.160021, 0.51395, 0.102027], 
              [0.261995, 0.134026, 0.539945, 0.0640344]
            ]
          }, {
            "db": 0,
            "id": "ETS1_HUMAN.H11MO.0.A",
            "len": 13,
            "nsites": 500,
            "evalue": "1.0e+000",
            "url": "http://hocomoco.autosome.ru/motif/ETS1_HUMAN.H11MO.0.A",
            "pwm": [
              [0.367974, 0.178017, 0.341984, 0.112025], 
              [0.259995, 0.182016, 0.471958, 0.08603], 
              [0.479951, 0.0680392, 0.423968, 0.0280416], 
              [0.128022, 0.637925, 0.228007, 0.00604595], 
              [0.615924, 0.349983, 0.034046, 4.71506e-05], 
              [0.00404635, 5.28294e-05, 0.993854, 0.00204675], 
              [0.0120448, 0.00605163, 0.979857, 0.00204675], 
              [0.991849, 0.00605163, 5.28294e-05, 0.00204675], 
              [0.827882, 0.0100508, 0.00405203, 0.158016], 
              [0.18401, 0.0100508, 0.805892, 4.71506e-05], 
              [0.0840304, 0.188015, 0.0580412, 0.669913], 
              [0.130021, 0.11203, 0.633926, 0.124022], 
              [0.13802, 0.126028, 0.627927, 0.108026]
            ]
          }, {
            "db": 0,
            "id": "ETS2_HUMAN.H11MO.0.B",
            "len": 13,
            "nsites": 500,
            "evalue": "1.0e+000",
            "url": "http://hocomoco.autosome.ru/motif/ETS2_HUMAN.H11MO.0.B",
            "pwm": [
              [0.230001, 0.140025, 0.435966, 0.194008], 
              [0.317984, 0.146024, 0.345984, 0.190009], 
              [0.321983, 0.279997, 0.297993, 0.100027], 
              [0.473952, 0.0760376, 0.36598, 0.0840304], 
              [0.192009, 0.00805123, 0.751902, 0.0480376], 
              [0.00404635, 0.0100508, 0.967859, 0.0180436], 
              [0.981851, 0.0160496, 5.28294e-05, 0.00204675], 
              [0.953856, 0.0180492, 0.024048, 0.00404635], 
              [0.381971, 0.084036, 0.519949, 0.0140444], 
              [0.391969, 0.262, 0.198013, 0.148018], 
              [0.421963, 0.0480432, 0.459961, 0.0700332], 
              [0.329981, 0.0860356, 0.495954, 0.0880296], 
              [0.495948, 0.100033, 0.319989, 0.0840304]
            ]
          }, {
            "db": 0,
            "id": "ETV1_HUMAN.H11MO.0.A",
            "len": 11,
            "nsites": 500,
            "evalue": "1.0e+000",
            "url": "http://hocomoco.autosome.ru/motif/ETV1_HUMAN.H11MO.0.A",
            "pwm": [
              [0.150017, 0.244004, 0.483956, 0.122023], 
              [0.329981, 0.134026, 0.405972, 0.130021], 
              [0.0420388, 0.81389, 0.144024, 4.71506e-05], 
              [0.216004, 0.7659, 0.00205243, 0.016044], 
              [0.00404635, 5.28294e-05, 0.995854, 4.71506e-05], 
              [4.71506e-05, 5.28294e-05, 0.999853, 4.71506e-05], 
              [0.997848, 5.28294e-05, 0.00205243, 4.71506e-05], 
              [0.929861, 0.00405203, 5.28294e-05, 0.066034], 
              [0.076032, 0.0360456, 0.867879, 0.0200432], 
              [0.0880296, 0.303992, 0.142024, 0.465954], 
              [0.194008, 0.148023, 0.525948, 0.132021]
            ]
          }, {
            "db": 0,
            "id": "ETV2_HUMAN.H11MO.0.B",
            "len": 16,
            "nsites": 229,
            "evalue": "1.0e+000",
            "url": "http://hocomoco.autosome.ru/motif/ETV2_HUMAN.H11MO.0.B",
            "pwm": [
              [0.323106, 0.174712, 0.353673, 0.14851], 
              [0.301281, 0.174712, 0.436606, 0.087401], 
              [0.580635, 0.135427, 0.205266, 0.0786712], 
              [0.528257, 0.061224, 0.384227, 0.0262924], 
              [0.563176, 0.0393995, 0.388592, 0.00883274], 
              [0.0262924, 0.873097, 0.0917784, 0.00883274], 
              [0.890544, 0.104873, 0.000115321, 0.00446783], 
              [0.000102924, 0.000115321, 0.999679, 0.000102924], 
              [0.000102924, 0.00448023, 0.995314, 0.000102924], 
              [0.986572, 0.000115321, 0.01321, 0.000102924], 
              [0.929828, 0.000115321, 0.000115321, 0.0699414], 
              [0.475878, 0.0175749, 0.506444, 0.000102924], 
              [0.0568467, 0.323118, 0.0568591, 0.563176], 
              [0.349295, 0.135427, 0.406052, 0.109226], 
              [0.109226, 0.26201, 0.567553, 0.0612116], 
              [0.174699, 0.288199, 0.436606, 0.100496]
            ]
          }, {
            "db": 0,
            "id": "ETV4_HUMAN.H11MO.0.B",
            "len": 11,
            "nsites": 500,
            "evalue": "1.0e+000",
            "url": "http://hocomoco.autosome.ru/motif/ETV4_HUMAN.H11MO.0.B",
            "pwm": [
              [0.33598, 0.234006, 0.329987, 0.100027], 
              [0.38397, 0.134026, 0.319989, 0.162015], 
              [0.13602, 0.609931, 0.234006, 0.0200432], 
              [0.955856, 0.0100508, 0.0200488, 0.0140444], 
              [0.00604595, 0.00205243, 0.975858, 0.016044], 
              [0.016044, 0.0260476, 0.957861, 4.71506e-05], 
              [0.923862, 0.0160496, 0.0500428, 0.0100452], 
              [0.869873, 0.01405, 0.0460436, 0.0700332], 
              [0.307986, 0.0220484, 0.587935, 0.0820308], 
              [0.13802, 0.178017, 0.345984, 0.33798], 
              [0.28799, 0.132026, 0.41397, 0.166014]
            ]
          }, {
            "db": 0,
            "id": "ETV5_HUMAN.H11MO.0.C",
            "len": 14,
            "nsites": 500,
            "evalue": "1.0e+000",
            "url": "http://hocomoco.autosome.ru/motif/ETV5_HUMAN.H11MO.0.C",
            "pwm": [
              [0.327982, 0.180017, 0.381976, 0.110025], 
              [0.455956, 0.0880352, 0.327987, 0.128022], 
              [0.297988, 0.0980332, 0.493954, 0.110025], 
              [0.200007, 0.417969, 0.345984, 0.03604], 
              [0.839879, 0.0360456, 0.084036, 0.0400392], 
              [0.016044, 0.00605163, 0.96186, 0.016044], 
              [0.0440384, 0.0160496, 0.935866, 0.00404635], 
              [0.793888, 0.0680392, 0.102032, 0.03604], 
              [0.945858, 0.00605163, 0.0120504, 0.03604], 
              [0.371973, 0.0620404, 0.547943, 0.0180436], 
              [0.228002, 0.100033, 0.232006, 0.439959], 
              [0.218004, 0.106032, 0.537945, 0.13802], 
              [0.405966, 0.120029, 0.385976, 0.0880296], 
              [0.271993, 0.21601, 0.373978, 0.13802]
            ]
          }, {
            "db": 0,
            "id": "EVI1_HUMAN.H11MO.0.B",
            "len": 16,
            "nsites": 141,
            "evalue": "1.0e+000",
            "url": "http://hocomoco.autosome.ru/motif/EVI1_HUMAN.H11MO.0.B",
            "pwm": [
              [0.418846, 0.152832, 0.189352, 0.238969], 
              [0.635728, 0.0373602, 0.0836769, 0.243235], 
              [0.021067, 0.0295777, 0.90679, 0.0425651], 
              [0.97268, 0.00606534, 0.00606534, 0.0151889], 
              [0.0413138, 0.455733, 0.00606534, 0.496887], 
              [0.951781, 0.00606534, 0.0178215, 0.0243326], 
              [0.917519, 0.000187243, 0.0158347, 0.0664589], 
              [0.0306461, 0.00606534, 0.962033, 0.00125565], 
              [0.966802, 0.000187243, 0.000187243, 0.0328232], 
              [0.000167116, 0.124741, 0.00541221, 0.869679], 
              [0.900131, 0.0325707, 0.000187243, 0.0671111], 
              [0.771684, 0.00933094, 0.156772, 0.0622137], 
              [0.210851, 0.183495, 0.352324, 0.253331], 
              [0.743737, 0.0920851, 0.0765475, 0.0876305], 
              [0.12932, 0.156118, 0.308186, 0.406375], 
              [0.490315, 0.119231, 0.158473, 0.231981]
            ]
          }, {
            "db": 0,
            "id": "FEV_HUMAN.H11MO.0.B",
            "len": 10,
            "nsites": 498,
            "evalue": "1.0e+000",
            "url": "http://hocomoco.autosome.ru/motif/FEV_HUMAN.H11MO.0.B",
            "pwm": [
              [0.224902, 0.204831, 0.520029, 0.0502381], 
              [0.255016, 0.530067, 0.134564, 0.0803525], 
              [0.281115, 0.321274, 0.355403, 0.0422075], 
              [0.317253, 0.0120988, 0.658555, 0.0120931], 
              [0.0321694, 0.00607593, 0.947654, 0.0141007], 
              [0.967725, 0.022137, 0.0040683, 0.00607023], 
              [0.672603, 0.0582743, 0.251007, 0.018116], 
              [0.186757, 0.132557, 0.602342, 0.0783449], 
              [0.154635, 0.387525, 0.0883887, 0.369451], 
              [0.072322, 0.23093, 0.584273, 0.112475]
            ]
          }, {
            "db": 0,
            "id": "FOSB_HUMAN.H11MO.0.A",
            "len": 9,
            "nsites": 500,
            "evalue": "1.0e+000",
            "url": "http://hocomoco.autosome.ru/motif/FOSB_HUMAN.H11MO.0.A",
            "pwm": [
              [0.413964, 0.206012, 0.291994, 0.0880296], 
              [0.0100452, 0.0120504, 0.00205243, 0.975852], 
              [0.0120448, 0.01405, 0.917869, 0.056036], 
