<!DOCTYPE HTML>
<html>
  <head>
    <meta charset="UTF-8">
    <title>SpaMo - Spaced Motif Analysis</title>
    <script type="text/javascript">
      //@JSON_VAR data
      var data = {"program":"SpaMo","version":"4.11.3","revision":"c13e15f35e38483381a6e8a363f9137e303c0765","release":"Sat Mar 11 20:16:08 2017 -0800","host":"uger-c011.broadinstitute.org","when":"Sun Feb 28 15:45:29 2021","cmd":["spamo","-verbosity","1","-oc","/broad/sankaranlab/fyu/HemeMap/02262021-downMast_re-analysis/motif_denovo/all_mast0035_interactions_10x_hocomoco_meme-chip/spamo_out_1","-bgfile","/broad/sankaranlab/fyu/HemeMap/02262021-downMast_re-analysis/motif_denovo/all_mast0035_interactions_10x_hocomoco_meme-chip/background","-primary","AGGAARY","/broad/sankaranlab/fyu/HemeMap/02262021-downMast_re-analysis/motif_denovo/all_mast0035_interactions_10x_hocomoco_meme-chip/20210227-deg_interactions_peaks_all_mast0035_fa_1based.fa","/broad/sankaranlab/fyu/HemeMap/02262021-downMast_re-analysis/motif_denovo/all_mast0035_interactions_10x_hocomoco_meme-chip/dreme_out/dreme.xml","/broad/sankaranlab/fyu/HemeMap/02262021-downMast_re-analysis/motif_denovo/all_mast0035_interactions_10x_hocomoco_meme-chip/meme_out/meme.xml","/broad/sankaranlab/fyu/HemeMap/02262021-downMast_re-analysis/motif_denovo/all_mast0035_interactions_10x_hocomoco_meme-chip/dreme_out/dreme.xml","/broad/sankaranlab/fyu/motif_data/HOCOMOCOv11_core_HUMAN_mono_meme_format.meme"],"options":{"seq_min_hit_score":7,"margin":150,"bin_size":1,"bin_pvalue_calc_range":150,"use_best_secondary":0,"seq_max_shared_fract":0.5,"seq_odds_ratio":20,"bin_pvalue_cutoff":0.05,"motif_evalue_cutoff":10,"redundant_overlap":2,"redundant_joint":0.5,"motif_pseudocount":0.1,"bgfile":"/broad/sankaranlab/fyu/HemeMap/02262021-downMast_re-analysis/motif_denovo/all_mast0035_interactions_10x_hocomoco_meme-chip/background","motif_trim":0.25,"xalph":0,"seed":1,"bin_max":57},"alphabet":{"name":"DNA","like":"dna","ncore":4,"symbols":[{"symbol":"A","name":"Adenine","colour":"CC0000","complement":"T"},{"symbol":"C","name":"Cytosine","colour":"0000CC","complement":"G"},{"symbol":"G","name":"Guanine","colour":"FFB300","complement":"C"},{"symbol":"T","aliases":"U","name":"Thymine","colour":"008000","complement":"A"},{"symbol":"N","aliases":"X.","name":"Any base","equals":"ACGT"},{"symbol":"V","name":"Not T","equals":"ACG"},{"symbol":"H","name":"Not G","equals":"ACT"},{"symbol":"D","name":"Not C","equals":"AGT"},{"symbol":"B","name":"Not A","equals":"CGT"},{"symbol":"M","name":"Amino","equals":"AC"},{"symbol":"R","name":"Purine","equals":"AG"},{"symbol":"W","name":"Weak","equals":"AT"},{"symbol":"S","name":"Strong","equals":"CG"},{"symbol":"Y","name":"Pyrimidine","equals":"CT"},{"symbol":"K","name":"Keto","equals":"GT"}]},"background":[0.2443,0.2557,0.2557,0.2443],"sequence_dbs":[{"source":"/broad/sankaranlab/fyu/HemeMap/02262021-downMast_re-analysis/motif_denovo/all_mast0035_interactions_10x_hocomoco_meme-chip/20210227-deg_interactions_peaks_all_mast0035_fa_1based.fa","name":"20210227-deg_interactions_peaks_all_mast0035_fa_1based","last_modified":"Sun Feb 28 14:32:25 2021","loaded":13184,"excluded_too_short":0,"excluded_no_match":8647,"excluded_ambigs":0,"excluded_similar":27,"erased_primary_matches":1796}],"primary_dbs":[{"source":"/broad/sankaranlab/fyu/HemeMap/02262021-downMast_re-analysis/motif_denovo/all_mast0035_interactions_10x_hocomoco_meme-chip/dreme_out/dreme.xml","name":"dreme.xml","last_modified":"Sun Feb 28 15:41:49 2021","loaded":9,"excluded":8}],"secondary_dbs":[{"source":"/broad/sankaranlab/fyu/HemeMap/02262021-downMast_re-analysis/motif_denovo/all_mast0035_interactions_10x_hocomoco_meme-chip/meme_out/meme.xml","name":"meme.xml","last_modified":"Sun Feb 28 15:22:49 2021","loaded":10,"excluded":0},{"source":"/broad/sankaranlab/fyu/HemeMap/02262021-downMast_re-analysis/motif_denovo/all_mast0035_interactions_10x_hocomoco_meme-chip/dreme_out/dreme.xml","name":"dreme.xml","last_modified":"Sun Feb 28 15:41:49 2021","loaded":10,"excluded":1},{"source":"/broad/sankaranlab/fyu/motif_data/HOCOMOCOv11_core_HUMAN_mono_meme_format.meme","name":"HOCOMOCOv11_core_HUMAN_mono_meme_format","last_modified":"Sat Jun 23 07:43:00 2018","loaded":401,"excluded":0}],"secondary_motifs":[{"db":0,"id":"1","alt":"MEME","len":11,"ltrim":0,"rtrim":1,"nsites":268,"evalue":"2.2e-065","pwm":[[0.440226,0.153023,0.346981,0.0597699],[0.432766,0.126914,0.324601,0.11572],[0.522284,9.53749e-05,0.335791,0.141829],[0.317137,0.257462,0.42531,9.11227e-05],[0.675212,0.100804,0.223893,9.11227e-05],[0.0112809,9.53749e-05,0.988533,9.11227e-05],[9.11227e-05,9.53749e-05,0.999722,9.11227e-05],[0.999718,9.53749e-05,9.53749e-05,9.11227e-05],[0.999718,9.53749e-05,9.53749e-05,9.11227e-05],[0.421576,0.160484,0.417849,9.11227e-05],[0.268648,0.272382,0.0635047,0.395466]]},{"db":0,"id":"3","alt":"MEME","len":30,"ltrim":0,"rtrim":0,"nsites":12,"evalue":"3.9e-015","pwm":[[0.167309,0.663271,0.00211322,0.167309],[0.00201901,0.580625,0.250047,0.167309],[0.91111,0.00211322,0.0847575,0.00201901],[0.00201901,0.0847575,0.911204,0.00201901],[0.580531,0.00211322,0.415337,0.00201901],[0.00201901,0.911204,0.00211322,0.0846633],[0.00201901,0.00211322,0.00211322,0.993755],[0.249953,0.00211322,0.663271,0.0846633],[0.167309,0.0847575,0.663271,0.0846633],[0.91111,0.00211322,0.00211322,0.0846633],[0.0846633,0.00211322,0.911204,0.00201901],[0.249953,0.00211322,0.0847575,0.663176],[0.00201901,0.00211322,0.828559,0.167309],[0.167309,0.828559,0.00211322,0.00201901],[0.828465,0.00211322,0.00211322,0.167309],[0.0846633,0.0847575,0.828559,0.00201901],[0.167309,0.00211322,0.00211322,0.828465],[0.00201901,0.00211322,0.911204,0.0846633],[0.167309,0.00211322,0.828559,0.00201901],[0.00201901,0.663271,0.00211322,0.332597],[0.415242,0.00211322,0.332691,0.249953],[0.00201901,0.497981,0.332691,0.167309],[0.249953,0.00211322,0.415337,0.332597],[0.415242,0.0847575,0.415337,0.0846633],[0.0846633,0.00211322,0.167403,0.745821],[0.00201901,0.580625,0.00211322,0.415242],[0.332597,0.00211322,0.0847575,0.580531],[0.00201901,0.663271,0.00211322,0.332597],[0.91111,0.00211322,0.0847575,0.00201901],[0.167309,0.167403,0.663271,0.00201901]]},{"db":0,"id":"4","alt":"MEME","len":29,"ltrim":0,"rtrim":0,"nsites":7,"evalue":"2.6e-013","pwm":[[0.00344085,0.00360141,0.848672,0.144286],[0.00344085,0.00360141,0.989517,0.00344085],[0.00344085,0.848672,0.144446,0.00344085],[0.566822,0.00360141,0.426136,0.00344085],[0.00344085,0.707827,0.00360141,0.285131],[0.425976,0.00360141,0.566982,0.00344085],[0.00344085,0.00360141,0.989517,0.00344085],[0.00344085,0.00360141,0.00360141,0.989356],[0.00344085,0.00360141,0.848672,0.144286],[0.144286,0.00360141,0.848672,0.00344085],[0.00344085,0.989517,0.00360141,0.00344085],[0.425976,0.00360141,0.00360141,0.566822],[0.00344085,0.566982,0.00360141,0.425976],[0.707666,0.00360141,0.285291,0.00344085],[0.00344085,0.707827,0.00360141,0.285131],[0.285131,0.00360141,0.707827,0.00344085],[0.00344085,0.989517,0.00360141,0.00344085],[0.00344085,0.989517,0.00360141,0.00344085],[0.00344085,0.144446,0.00360141,0.848511],[0.285131,0.00360141,0.707827,0.00344085],[0.00344085,0.00360141,0.00360141,0.989356],[0.989356,0.00360141,0.00360141,0.00344085],[0.848511,0.00360141,0.144446,0.00344085],[0.00344085,0.00360141,0.00360141,0.989356],[0.144286,0.707827,0.00360141,0.144286],[0.00344085,0.848672,0.00360141,0.144286],[0.00344085,0.989517,0.00360141,0.00344085],[0.989356,0.00360141,0.00360141,0.00344085],[0.144286,0.00360141,0.848672,0.00344085]]},{"db":0,"id":"5","alt":"MEME","len":21,"ltrim":0,"rtrim":0,"nsites":55,"evalue":"4.2e-012","pwm":[[0.308973,0.290845,0.0367621,0.363419],[0.399717,0.000464065,0.000464065,0.599354],[0.381568,0.236399,0.381589,0.000443376],[0.254526,0.236399,0.0549101,0.454163],[0.0548894,0.0730591,0.163803,0.708247],[0.617503,0.000464065,0.21825,0.163782],[0.526759,0.0367621,0.0549101,0.381568],[0.871586,0.000464065,0.0367621,0.0911874],[0.835289,0.145655,0.0186131,0.000443376],[0.871586,0.000464065,0.0549101,0.0730384],[0.472312,0.0730591,0.0186131,0.436015],[0.490461,0.163803,0.21825,0.127485],[0.563056,0.181952,0.0730591,0.181931],[0.926033,0.000464065,0.000464065,0.0730384],[0.690098,0.163803,0.145655,0.000443376],[0.635652,0.000464065,0.0912081,0.272675],[0.436015,0.200101,0.127506,0.236378],[0.671949,0.0730591,0.127506,0.127485],[0.635652,0.0549101,0.000464065,0.308973],[0.581205,0.290845,0.000464065,0.127485],[0.744545,0.0186131,0.000464065,0.236378]]},{"db":1,"id":"AGAWAA","alt":"DREME","len":6,"ltrim":0,"rtrim":0,"nsites":2304,"evalue":"8.4e-025","pwm":[[0.999967,1.10976e-05,1.10976e-05,1.06028e-05],[1.06028e-05,1.10976e-05,0.999968,1.06028e-05],[0.999967,1.10976e-05,1.10976e-05,1.06028e-05],[0.641042,1.10976e-05,1.10976e-05,0.358936],[0.999967,1.10976e-05,1.10976e-05,1.06028e-05],[0.999967,1.10976e-05,1.10976e-05,1.06028e-05]]},{"db":1,"id":"BTTCCB","alt":"DREME","len":6,"ltrim":0,"rtrim":0,"nsites":8580,"evalue":"7.5e-090","pwm":[[2.84729e-06,0.457224,0.241958,0.300815],[2.84729e-06,2.98015e-06,2.98015e-06,0.999991],[2.84729e-06,2.98015e-06,2.98015e-06,0.999991],[2.84729e-06,0.999991,2.98015e-06,2.84729e-06],[2.84729e-06,0.999991,2.98015e-06,2.84729e-06],[2.84729e-06,0.456408,0.175525,0.368064]]},{"db":2,"id":"BC11A_HUMAN.H11MO.0.A","len":17,"ltrim":1,"rtrim":1,"nsites":500,"evalue":"1.0e+000","url":"http://hocomoco.autosome.ru/motif/BC11A_HUMAN.H11MO.0.A","pwm":[[0.375729,0.184626,0.286196,0.153449],[0.550579,0.0994716,0.224095,0.125854],[0.500163,0.142364,0.230715,0.126758],[0.589981,0.0166175,0.226052,0.16735],[0.187434,0.160797,0.580418,0.0713509],[0.66451,0.0145828,0.269378,0.0515299],[0.104036,0.0144896,0.828552,0.0529227],[0.200416,0.0327728,0.758548,0.00826379],[0.880097,0.0431264,0.0485986,0.0281784],[0.867863,0.00584078,0.0555453,0.0707512],[0.248398,0.226048,0.502142,0.0234128],[0.150157,0.154993,0.0315597,0.66329],[0.117831,0.0724935,0.76019,0.0494854],[0.658748,0.0644142,0.250664,0.0261737],[0.458784,0.143454,0.310167,0.0875949],[0.622701,0.0788461,0.157295,0.141158],[0.358984,0.204701,0.318077,0.118237]]},{"db":2,"id":"BCL6_HUMAN.H11MO.0.A","len":13,"ltrim":2,"rtrim":0,"nsites":500,"evalue":"1.0e+000","url":"http://hocomoco.autosome.ru/motif/BCL6_HUMAN.H11MO.0.A","pwm":[[0.160017,0.256,0.190013,0.39397],[0.172014,0.126026,0.413968,0.287991],[0.14402,0.637924,0.138024,0.0800329],[0.0940301,0.224006,0.0160479,0.665916],[0.0380413,0.190013,0.112029,0.659917],[0.0160457,0.0420427,0.0260459,0.915866],[0.00604765,0.829885,0.0200471,0.14402],[0.0240441,0.433964,0.0940323,0.447959],[0.969855,0.0140483,0.0160479,4.88502e-05],[0.172014,0.00205073,0.771897,0.0540381],[0.0260437,0.0700371,0.839883,0.0640361],[0.835882,0.0440423,0.0840343,0.0360417],[0.819885,0.0540403,0.0740363,0.0520385]]},{"db":2,"id":"DBP_HUMAN.H11MO.0.B","len":11,"ltrim":0,"rtrim":2,"nsites":25,"evalue":"1.0e+000","url":"http://hocomoco.autosome.ru/motif/DBP_HUMAN.H11MO.0.B","pwm":[[0.312548,0.230869,0.430072,0.0265122],[0.0724821,0.00101873,0.0469887,0.87951],[0.0929132,0.0469887,0.0980664,0.762032],[0.639445,0.0776353,0.164467,0.118452],[0.0265122,0.131267,0.0929587,0.749262],[0.0929132,0.00101873,0.854017,0.052051],[0.000973307,0.455611,0.00101873,0.542397],[0.899942,0.0520965,0.00101873,0.0469433],[0.951019,0.00101873,0.00101873,0.0469433],[0.0903594,0.33047,0.258961,0.320209],[0.394272,0.246192,0.184899,0.174638]]},{"db":2,"id":"ELF2_HUMAN.H11MO.0.C","len":13,"ltrim":3,"rtrim":0,"nsites":500,"evalue":"1.0e+000","url":"http://hocomoco.autosome.ru/motif/ELF2_HUMAN.H11MO.0.C","pwm":[[0.39197,0.152021,0.317988,0.138021],[0.489951,0.102031,0.218008,0.190011],[0.311986,0.317988,0.297992,0.0720345],[0.0720345,0.615928,0.291993,0.0200449],[0.232002,0.739903,0.0140483,0.0140461],[0.00804725,5.11298e-05,0.985854,0.00604765],[0.0120465,0.00804953,0.977856,0.00204845],[0.973854,0.0100491,0.00804953,0.00804725],[0.979853,0.00205073,0.00804953,0.0100469],[0.0860317,0.0140483,0.889873,0.0100469],[0.130023,0.20801,0.10403,0.557937],[0.19601,0.142023,0.551941,0.110027],[0.313986,0.192013,0.433964,0.0600369]]},{"db":2,"id":"ETV4_HUMAN.H11MO.0.B","len":11,"ltrim":2,"rtrim":2,"nsites":500,"evalue":"1.0e+000","url":"http://hocomoco.autosome.ru/motif/ETV4_HUMAN.H11MO.0.B","pwm":[[0.335982,0.234004,0.329985,0.100029],[0.383972,0.134024,0.319987,0.162016],[0.136022,0.609929,0.234004,0.0200449],[0.955858,0.0100491,0.0200471,0.0140461],[0.00604765,0.00205073,0.975856,0.0160457],[0.0160457,0.0260459,0.95786,4.88502e-05],[0.923864,0.0160479,0.0500411,0.0100469],[0.869875,0.0140483,0.0460419,0.0700349],[0.307987,0.0220467,0.587934,0.0820325],[0.138021,0.178016,0.345982,0.337981],[0.287991,0.132025,0.413968,0.166016]]},{"db":2,"id":"FOSL2_HUMAN.H11MO.0.A","len":12,"ltrim":2,"rtrim":1,"nsites":500,"evalue":"1.0e+000","url":"http://hocomoco.autosome.ru/motif/FOSL2_HUMAN.H11MO.0.A","pwm":[[0.19401,0.190013,0.373976,0.242],[0.281992,0.134024,0.381975,0.202008],[0.519945,0.15802,0.297992,0.0240441],[4.88502e-05,5.11298e-05,0.00205073,0.997849],[4.88502e-05,0.00205073,0.95786,0.0400409],[0.985852,0.00405033,5.11298e-05,0.0100469],[0.102028,5.11298e-05,0.897872,4.88502e-05],[0.00404805,0.00405033,0.00405033,0.987851],[0.00604765,0.991853,0.00205073,4.88502e-05],[0.997849,5.11298e-05,5.11298e-05,0.00204845],[0.0240441,0.351981,0.114028,0.509947],[0.216006,0.377976,0.138024,0.267995]]},{"db":2,"id":"FOXA3_HUMAN.H11MO.0.B","len":13,"ltrim":2,"rtrim":0,"nsites":500,"evalue":"1.0e+000","url":"http://hocomoco.autosome.ru/motif/FOXA3_HUMAN.H11MO.0.B","pwm":[[0.158017,0.465958,0.216008,0.160017],[0.228003,0.250001,0.0780355,0.44396],[0.0120465,5.11298e-05,0.00604993,0.981852],[0.246,0.00804953,0.737904,0.00804725],[0.00804725,0.0220467,0.0140483,0.955858],[0.00604765,5.11298e-05,0.0360439,0.957857],[0.00804725,5.11298e-05,0.271997,0.719905],[0.855878,0.00604993,0.114028,0.0240441],[0.00404805,0.873876,0.0220467,0.100029],[0.367975,0.152021,0.00804953,0.471954],[0.0940301,0.232005,0.10603,0.567935],[0.425964,0.0140483,0.0540403,0.505948],[0.154018,0.116028,0.577936,0.152018]]},{"db":2,"id":"FOXP1_HUMAN.H11MO.0.A","len":9,"ltrim":0,"rtrim":0,"nsites":295,"evalue":"1.0e+000","url":"http://hocomoco.autosome.ru/motif/FOXP1_HUMAN.H11MO.0.A","pwm":[[0.0576904,0.139023,0.176298,0.626989],[0.0136375,0.281347,0.311845,0.39317],[0.00686015,0.0204187,0.0305848,0.942136],[0.0204149,0.0407508,0.84048,0.0983546],[8.27855e-05,0.0170301,0.0576942,0.925193],[0.00686015,0.0949697,0.0407508,0.857419],[0.0102488,0.0136414,0.081415,0.894695],[0.525328,0.345732,0.0373621,0.0915772],[0.0170262,0.484668,0.0102527,0.488053]]},{"db":2,"id":"GATA3_HUMAN.H11MO.0.A","len":11,"ltrim":2,"rtrim":1,"nsites":500,"evalue":"1.0e+000","url":"http://hocomoco.autosome.ru/motif/GATA3_HUMAN.H11MO.0.A","pwm":[[0.447959,0.0920327,0.254,0.206008],[0.347979,0.30399,0.261999,0.0860317],[0.777893,0.00604993,0.00804953,0.208007],[0.0100469,0.00405033,0.985854,4.88502e-05],[0.987851,0.00405033,0.00604993,0.00204845],[0.14602,0.0100491,0.0400431,0.803888],[0.921864,0.0160479,0.0420427,0.0200449],[0.867875,0.00205073,0.0940323,0.0360417],[0.329983,0.224006,0.40397,0.0420405],[0.557937,0.120027,0.256,0.0660357],[0.44396,0.0800351,0.224006,0.251998]]},{"db":2,"id":"HNF1A_HUMAN.H11MO.0.C","len":15,"ltrim":0,"rtrim":0,"nsites":500,"evalue":"1.0e+000","url":"http://hocomoco.autosome.ru/motif/HNF1A_HUMAN.H11MO.0.C","pwm":[[0.319985,0.0460419,0.399971,0.234002],[0.14602,0.0340443,0.719907,0.100029],[0.0460397,0.0660379,0.114028,0.773894],[0.128023,0.102031,0.0900331,0.679913],[0.913866,0.00405033,0.0480415,0.0340421],[0.79189,0.138024,0.0180475,0.0520385],[0.210007,0.0100491,0.0280455,0.751898],[4.88502e-05,5.11298e-05,0.585934,0.413966],[0.725904,0.0100491,0.0480415,0.216006],[0.0800329,0.0240463,0.0640383,0.831882],[0.0240441,0.0660379,0.0120487,0.897869],[0.723904,0.0400431,0.0720367,0.164016],[0.773894,0.0800351,0.0820347,0.0640361],[0.108027,0.721907,0.0360439,0.134022],[0.216006,0.339983,0.0320447,0.411966]]},{"db":2,"id":"HXB13_HUMAN.H11MO.0.A","len":10,"ltrim":0,"rtrim":1,"nsites":500,"evalue":"1.0e+000","url":"http://hocomoco.autosome.ru/motif/HXB13_HUMAN.H11MO.0.A","pwm":[[0.0680353,0.10803,0.100031,0.723904],[0.0100469,0.00604993,0.0180475,0.965856],[4.88502e-05,0.00405033,0.00205073,0.99385],[0.0140461,0.0240463,0.0260459,0.935862],[0.94386,0.0220467,0.0340443,4.88502e-05],[0.0240441,0.100031,0.00205073,0.873874],[0.261996,0.0100491,0.323986,0.403968],[0.249999,0.00804953,0.65592,0.0860317],[0.102028,0.329985,0.499951,0.0680353],[0.19201,0.383974,0.168018,0.255998]]},{"db":2,"id":"LEF1_HUMAN.H11MO.0.A","len":14,"ltrim":1,"rtrim":1,"nsites":456,"evalue":"1.0e+000","url":"http://hocomoco.autosome.ru/motif/LEF1_HUMAN.H11MO.0.A","pwm":[[0.0767911,0.260964,0.274119,0.388126],[0.0329411,0.635882,0.184226,0.146951],[0.0175936,0.708234,0.0132111,0.260961],[0.122834,0.0460986,0.0197886,0.811279],[0.00224606,0.138184,0.0351361,0.824434],[0.00224606,0.0132111,0.0329436,0.951599],[0.0439036,0.425401,0.519679,0.0110161],[0.456094,0.138184,0.0154036,0.390319],[0.278501,0.166686,0.157916,0.396896],[0.285079,0.190804,0.201766,0.322351],[0.0417111,0.129414,0.149146,0.679729],[0.0395186,0.311391,0.383744,0.265346],[0.116256,0.460481,0.0899486,0.333314],[0.313581,0.221499,0.103104,0.361816]]},{"db":2,"id":"NFYC_HUMAN.H11MO.0.A","len":14,"ltrim":2,"rtrim":2,"nsites":426,"evalue":"1.0e+000","url":"http://hocomoco.autosome.ru/motif/NFYC_HUMAN.H11MO.0.A","pwm":[[0.140869,0.338009,0.197197,0.323925],[0.0845445,0.361478,0.190156,0.363822],[0.476471,0.100975,0.333315,0.0892383],[0.316884,0.0681192,0.483515,0.131482],[0.00475107,0.941154,0.0282224,0.0258729],[0.0188323,0.971663,0.00710061,0.0024042],[0.92707,0.0258755,0.00944748,0.0376072],[0.905948,0.0399567,0.0469973,0.00709793],[0.0282197,0.0540379,0.0188349,0.898907],[0.126788,0.530452,0.258215,0.0845445],[0.61259,0.0868941,0.274643,0.0258729],[0.173725,0.154953,0.565655,0.105666],[0.448309,0.260562,0.187809,0.103319],[0.356781,0.0845472,0.396681,0.161991]]},{"db":2,"id":"NOBOX_HUMAN.H11MO.0.C","len":9,"ltrim":1,"rtrim":1,"nsites":66,"evalue":"1.0e+000","url":"http://hocomoco.autosome.ru/motif/NOBOX_HUMAN.H11MO.0.C","pwm":[[0.291431,0.329396,0.0510037,0.328169],[0.000369592,0.000386838,0.000386838,0.998857],[0.973548,0.000386838,0.000386838,0.025678],[0.973548,0.0256953,0.000386838,0.000369592],[0.025678,0.0256953,0.0256953,0.922931],[0.025678,0.000386838,0.10162,0.872315],[0.366089,0.000386838,0.633155,0.000369592],[0.18893,0.304116,0.443298,0.063655],[0.0826363,0.271214,0.171219,0.474931]]},{"db":2,"id":"NR4A1_HUMAN.H11MO.0.A","len":9,"ltrim":0,"rtrim":1,"nsites":491,"evalue":"1.0e+000","url":"http://hocomoco.autosome.ru/motif/NR4A1_HUMAN.H11MO.0.A","pwm":[[0.794185,0.0367045,0.148698,0.0204122],[0.816584,0.016342,0.142589,0.0244847],[0.908215,0.0265233,0.0529944,0.0122672],[0.126297,0.00819705,0.584454,0.281052],[0.0713183,0.0570669,0.79826,0.0733546],[0.110007,0.144625,0.281054,0.464314],[0.0570646,0.788079,0.0692844,0.085572],[0.855273,0.0143058,0.040777,0.0896445],[0.240327,0.254583,0.338069,0.167022]]},{"db":2,"id":"PBX3_HUMAN.H11MO.0.A","len":11,"ltrim":0,"rtrim":1,"nsites":420,"evalue":"1.0e+000","url":"http://hocomoco.autosome.ru/motif/PBX3_HUMAN.H11MO.0.A","pwm":[[0.185728,0.0643313,0.150025,0.599915],[0.0405247,0.019104,0.933172,0.00719931],[0.949832,0.00958241,0.0214843,0.0191012],[0.0714697,0.261903,0.326174,0.340453],[0.116697,0.0905155,0.245241,0.547547],[0.0381443,0.0357667,0.890325,0.0357639],[0.580872,0.0524294,0.361879,0.00481892],[0.0429051,0.880804,0.019104,0.0571874],[0.545166,0.0167236,0.340456,0.097654],[0.0571874,0.104798,0.685612,0.152403],[0.0952736,0.342836,0.42615,0.13574]]},{"db":2,"id":"PRDM6_HUMAN.H11MO.0.C","len":13,"ltrim":1,"rtrim":2,"nsites":500,"evalue":"1.0e+000","url":"http://hocomoco.autosome.ru/motif/PRDM6_HUMAN.H11MO.0.C","pwm":[[0.463956,0.166018,0.246002,0.124024],[0.529943,0.0700371,0.267998,0.132022],[0.433962,0.196012,0.329985,0.0400409],[0.615926,0.0380435,0.202011,0.14402],[0.471954,0.0100491,0.451961,0.0660357],[0.00204845,0.0460419,0.941863,0.0100469],[0.977853,0.0160479,5.11298e-05,0.00604765],[0.983852,0.00405033,5.11298e-05,0.0120465],[0.937861,0.00804953,0.00804953,0.0460397],[0.759897,0.132025,0.0680375,0.0400409],[0.603928,0.234004,0.112029,0.0500389],[0.49195,0.192013,0.126026,0.190011],[0.503948,0.15602,0.202011,0.138021]]},{"db":2,"id":"RORG_HUMAN.H11MO.0.C","len":12,"ltrim":2,"rtrim":0,"nsites":500,"evalue":"1.0e+000","url":"http://hocomoco.autosome.ru/motif/RORG_HUMAN.H11MO.0.C","pwm":[[0.242,0.188014,0.429965,0.140021],[0.475954,0.102031,0.246002,0.176014],[0.703908,0.0960319,0.10803,0.0920305],[0.649919,0.0180475,0.0500411,0.281992],[0.0840321,0.399971,0.45596,0.0600369],[0.0440401,0.0380435,0.0580395,0.859877],[0.487951,0.00804953,0.499951,0.00404805],[0.313986,0.0100491,0.635924,0.0400409],[0.0240441,0.0220467,0.935864,0.0180453],[0.0200449,0.0900331,0.122027,0.767895],[0.0100469,0.949861,0.0180475,0.0220445],[0.977853,0.00205073,0.0140483,0.00604765]]},{"db":2,"id":"RUNX1_HUMAN.H11MO.0.A","len":11,"ltrim":1,"rtrim":1,"nsites":500,"evalue":"1.0e+000","url":"http://hocomoco.autosome.ru/motif/RUNX1_HUMAN.H11MO.0.A","pwm":[[0.114026,0.212009,0.301991,0.371974],[0.150019,0.469957,0.0380435,0.34198],[0.0700349,0.00804953,0.0260459,0.89587],[0.00204845,0.00604993,0.975856,0.0160457],[0.0320425,0.0860339,0.0100491,0.871874],[4.88502e-05,5.11298e-05,0.993852,0.00604765],[0.00404805,0.00205073,0.989853,0.00404805],[0.00404805,0.0860339,0.0340443,0.875874],[0.0280433,0.15602,0.0400431,0.775894],[0.283992,0.0400431,0.112029,0.563936],[0.138021,0.351981,0.246002,0.263996]]},{"db":2,"id":"RUNX3_HUMAN.H11MO.0.A","len":10,"ltrim":1,"rtrim":0,"nsites":500,"evalue":"1.0e+000","url":"http://hocomoco.autosome.ru/motif/RUNX3_HUMAN.H11MO.0.A","pwm":[[0.134022,0.212009,0.287994,0.365976],[0.128023,0.391973,0.0660379,0.413966],[0.0360417,0.0140483,0.0240463,0.925864],[0.00404805,0.00405033,0.985854,0.00604765],[0.0480393,0.172017,0.00804953,0.771894],[0.00204845,5.11298e-05,0.995852,0.00204845],[4.88502e-05,0.00405033,0.993852,0.00204845],[4.88502e-05,0.0540403,0.0360439,0.909867],[0.0180453,0.188014,0.0680375,0.725904],[0.279993,0.0360439,0.174016,0.509947]]},{"db":2,"id":"SMAD4_HUMAN.H11MO.0.B","len":13,"ltrim":1,"rtrim":0,"nsites":497,"evalue":"1.0e+000","url":"http://hocomoco.autosome.ru/motif/SMAD4_HUMAN.H11MO.0.B","pwm":[[0.219321,0.448653,0.20323,0.128796],[0.307834,0.100635,0.0523548,0.539176],[0.0181542,0.0101098,0.945535,0.0262008],[0.0463175,0.0463198,0.177078,0.730285],[0.00206081,0.981745,0.00809811,0.00809582],[0.00206081,0.00608644,0.00206311,0.98979],[0.144889,0.211277,0.597517,0.0463175],[0.193169,0.146903,0.370198,0.289729],[0.0282125,0.9395,0.0161448,0.0161425],[0.71218,0.0523548,0.0925882,0.142878],[0.0523525,0.696088,0.189148,0.0624108],[0.134831,0.573377,0.0644248,0.227368],[0.136843,0.209265,0.0945998,0.559293]]},{"db":2,"id":"SOX4_HUMAN.H11MO.0.B","len":12,"ltrim":0,"rtrim":1,"nsites":500,"evalue":"1.0e+000","url":"http://hocomoco.autosome.ru/motif/SOX4_HUMAN.H11MO.0.B","pwm":[[0.0400409,0.333984,0.236004,0.389971],[0.0180453,0.531945,0.122027,0.327983],[0.00604765,0.80389,0.00804953,0.182012],[0.106028,0.0300451,0.0100491,0.853878],[0.00404805,0.0160479,0.0360439,0.94386],[0.00204845,0.0120487,0.0260459,0.959857],[0.0220445,0.0920327,0.847882,0.0380413],[0.0120465,0.0200471,0.0140483,0.953858],[0.0140461,0.333984,0.120027,0.531942],[0.0280433,0.573936,0.0880335,0.309987],[0.0560377,0.361979,0.162019,0.419965],[0.120025,0.379975,0.20601,0.29399]]},{"db":2,"id":"SP4_HUMAN.H11MO.0.A","len":20,"ltrim":2,"rtrim":1,"nsites":499,"evalue":"1.0e+000","url":"http://hocomoco.autosome.ru/motif/SP4_HUMAN.H11MO.0.A","pwm":[[0.222449,0.248498,0.45487,0.0741824],[0.266529,0.148318,0.462884,0.122269],[0.140301,0.180376,0.60514,0.0741824],[0.404777,0.250502,0.248498,0.0962221],[0.526997,0.112253,0.224455,0.136294],[0.346673,0.0260981,0.549039,0.0781896],[0.230464,0.0180837,0.637198,0.114255],[0.342666,0.0200873,0.615158,0.0220886],[0.0681716,0.0120729,0.901674,0.0180814],[0.0361139,0.00405845,0.935735,0.0240922],[0.124273,0.769436,0.0100693,0.0962221],[0.0561499,0.0160801,0.855591,0.0721788],[0.0541463,0.0180837,0.861602,0.066168],[0.352684,0.0301053,0.567072,0.0501391],[0.214435,0.0100693,0.747396,0.0280994],[0.198406,0.597126,0.142307,0.0621607],[0.248496,0.414798,0.124275,0.212431],[0.326637,0.0781919,0.364708,0.230464],[0.302594,0.112253,0.498949,0.086204],[0.332648,0.142307,0.430827,0.0942185]]},{"db":2,"id":"STAT2_HUMAN.H11MO.0.A","len":19,"ltrim":1,"rtrim":1,"nsites":500,"evalue":"1.0e+000","url":"http://hocomoco.autosome.ru/motif/STAT2_HUMAN.H11MO.0.A","pwm":[[0.419965,0.110029,0.341983,0.128023],[0.349979,0.134024,0.449961,0.0660357],[0.297989,0.0100491,0.635924,0.0560377],[0.603928,0.00405033,0.369977,0.0220445],[0.987851,0.00405033,0.00405033,0.00404805],[0.94386,0.0160479,0.0180475,0.0220445],[0.479953,0.168018,0.130025,0.222004],[0.238001,0.228006,0.140023,0.39397],[0.0780333,0.00205073,0.915868,0.00404805],[0.971854,0.00604993,0.0200471,0.00204845],[0.985852,5.11298e-05,0.0140483,4.88502e-05],[0.99385,5.11298e-05,0.00405033,0.00204845],[0.0880313,0.685914,0.214008,0.0120465],[0.104028,0.176016,0.0160479,0.703908],[0.182012,0.114028,0.543942,0.160017],[0.767895,0.0540403,0.112029,0.0660357],[0.64192,0.100031,0.148022,0.110027],[0.601928,0.10603,0.188014,0.104028],[0.204008,0.291993,0.371977,0.132022]]},{"db":2,"id":"STAT4_HUMAN.H11MO.0.A","len":11,"ltrim":0,"rtrim":1,"nsites":500,"evalue":"1.0e+000","url":"http://hocomoco.autosome.ru/motif/STAT4_HUMAN.H11MO.0.A","pwm":[[0.0520385,0.351981,0.0380435,0.557937],[4.88502e-05,0.0120487,0.00205073,0.985852],[0.00204845,0.0100491,0.0100491,0.977853],[0.0200449,0.941863,0.00405033,0.0340421],[0.00804725,0.551941,0.0120487,0.427963],[0.0120465,0.35798,0.178016,0.451958],[0.283992,0.10803,0.449961,0.158017],[0.0660357,0.10603,0.579935,0.247999],[0.64192,0.329985,0.00604993,0.0220445],[0.955858,0.00604993,0.0160479,0.0220445],[0.321984,0.188014,0.35598,0.134022]]},{"db":2,"id":"STAT6_HUMAN.H11MO.0.B","len":11,"ltrim":0,"rtrim":0,"nsites":500,"evalue":"1.0e+000","url":"http://hocomoco.autosome.ru/motif/STAT6_HUMAN.H11MO.0.B","pwm":[[0.0140461,0.118028,0.0720367,0.79589],[0.0340421,0.0380435,0.0540403,0.873874],[0.0840321,0.867878,0.0160479,0.0320425],[0.184012,0.240003,0.0340443,0.54194],[0.0780333,0.479955,0.323986,0.118025],[0.525944,0.180015,0.00205073,0.29199],[0.261996,0.0120487,0.691913,0.0340421],[0.0320425,0.00604993,0.931865,0.0300429],[0.94186,0.0320447,0.0180475,0.00804725],[0.925864,0.0100491,0.0540403,0.0100469],[0.423964,0.20801,0.323986,0.0440401]]},{"db":2,"id":"TAF1_HUMAN.H11MO.0.A","len":16,"ltrim":0,"rtrim":0,"nsites":500,"evalue":"1.0e+000","url":"http://hocomoco.autosome.ru/motif/TAF1_HUMAN.H11MO.0.A","pwm":[[0.505948,0.0580395,0.40597,0.0300429],[0.751898,0.0460419,0.15602,0.0460397],[0.423964,0.0560399,0.511949,0.00804725],[0.529943,0.0960319,0.359979,0.0140461],[0.349979,0.172017,0.0340443,0.44396],[0.0900309,0.0320447,0.837884,0.0400409],[0.0180453,0.0140483,0.95786,0.0100469],[0.323984,0.651921,0.00804953,0.0160457],[0.232002,0.0560399,0.621927,0.0900309],[0.0700349,0.0640383,0.831885,0.0340421],[0.281992,0.539943,0.0600391,0.118025],[0.180013,0.0640383,0.643922,0.112026],[0.158017,0.166018,0.631925,0.0440401],[0.301988,0.411969,0.188014,0.0980293],[0.190011,0.146022,0.525946,0.138021],[0.271994,0.138024,0.527946,0.0620365]]},{"db":2,"id":"TAL1_HUMAN.H11MO.0.A","len":19,"ltrim":0,"rtrim":1,"nsites":500,"evalue":"1.0e+000","url":"http://hocomoco.autosome.ru/motif/TAL1_HUMAN.H11MO.0.A","pwm":[[0.102028,0.571937,0.160019,0.166016],[0.0700349,0.148022,0.152021,0.629923],[0.0340421,0.0360439,0.719907,0.210007],[0.0580373,0.269997,0.483954,0.188011],[0.186012,0.226006,0.323986,0.263996],[0.230003,0.226006,0.363978,0.180013],[0.214006,0.214008,0.385974,0.186012],[0.19201,0.210009,0.40597,0.19201],[0.154018,0.30799,0.317988,0.220005],[0.289991,0.170017,0.377976,0.162016],[0.118025,0.473956,0.327986,0.0800329],[0.639921,0.0320447,0.00804953,0.319985],[0.00204845,0.00205073,0.995852,4.88502e-05],[0.999849,5.11298e-05,5.11298e-05,4.88502e-05],[0.00404805,5.11298e-05,0.00205073,0.99385],[0.949859,0.00205073,0.0120487,0.0360417],[0.821884,0.0160479,0.148022,0.0140461],[0.14402,0.164018,0.633924,0.0580373],[0.289991,0.218008,0.413968,0.0780333]]},{"db":2,"id":"TF7L1_HUMAN.H11MO.0.B","len":13,"ltrim":3,"rtrim":1,"nsites":500,"evalue":"1.0e+000","url":"http://hocomoco.autosome.ru/motif/TF7L1_HUMAN.H11MO.0.B","pwm":[[0.240001,0.138024,0.222007,0.399969],[0.0780333,0.279995,0.329985,0.311986],[0.110027,0.40797,0.212009,0.269995],[0.0220445,0.80389,0.0480415,0.126024],[0.00604765,0.0460419,0.00205073,0.94586],[4.88502e-05,0.0520407,0.0120487,0.935862],[0.0100469,5.11298e-05,0.0100491,0.979853],[0.0420405,0.174016,0.719907,0.0640361],[0.89387,0.0200471,0.0180475,0.0680353],[0.369975,0.00604993,0.0120487,0.611926],[0.0800329,0.381975,0.495952,0.0420405],[0.172014,0.0980315,0.0540403,0.675914],[0.0720345,0.30799,0.273996,0.34598]]},{"db":2,"id":"Z354A_HUMAN.H11MO.0.C","len":24,"ltrim":1,"rtrim":0,"nsites":496,"evalue":"1.0e+000","url":"http://hocomoco.autosome.ru/motif/Z354A_HUMAN.H11MO.0.C","pwm":[[0.471728,0.0746333,0.262095,0.191543],[0.0766467,0.114948,0.0585075,0.749898],[0.0323008,0.120995,0.0585075,0.788197],[0.0403637,0.233875,0.0645547,0.661206],[0.508011,0.199608,0.108901,0.18348],[0.256046,0.0907591,0.479794,0.173401],[0.249999,0.141152,0.169372,0.439477],[0.0685838,0.538249,0.0645547,0.328612],[0.0585052,0.792231,0.0262559,0.123008],[0.572514,0.151231,0.076649,0.199606],[0.0726153,0.114948,0.0363345,0.776102],[0.0141593,0.0202088,0.0302874,0.935345],[0.0202065,0.120995,0.0484289,0.81037],[0.582593,0.252017,0.0927748,0.0726153],[0.0423794,0.628957,0.0262559,0.302408],[0.628955,0.100838,0.125026,0.145181],[0.038348,0.098822,0.0806804,0.78215],[0.0645524,0.0887433,0.0544761,0.792228],[0.0363323,0.195577,0.0524603,0.715631],[0.677332,0.0806804,0.135105,0.106883],[0.485838,0.100838,0.185498,0.227826],[0.0625366,0.0323031,0.076649,0.828511],[0.118977,0.102853,0.681366,0.0968039],[0.153244,0.118979,0.0826962,0.64508]]},{"db":2,"id":"ZFP82_HUMAN.H11MO.0.C","len":24,"ltrim":0,"rtrim":0,"nsites":498,"evalue":"1.0e+000","url":"http://hocomoco.autosome.ru/motif/ZFP82_HUMAN.H11MO.0.C","pwm":[[0.0321711,0.114486,0.0582726,0.79507],[0.0141024,0.0482344,0.0241429,0.91352],[0.0100872,0.815149,0.0141047,0.160659],[0.106453,0.793065,0.0141047,0.0863771],[0.78704,0.0763412,0.0602802,0.0763389],[0.206835,0.0582726,0.329302,0.40559],[0.0903924,0.112479,0.072326,0.724803],[0.0361864,0.242974,0.0683107,0.652528],[0.0703161,0.564195,0.162669,0.20282],[0.698704,0.10244,0.0642955,0.13456],[0.0663008,0.499951,0.0863794,0.347369],[0.122514,0.124524,0.228921,0.52404],[0.612376,0.144601,0.184753,0.0582703],[0.624422,0.126532,0.0482344,0.200812],[0.142591,0.0783489,0.210852,0.568208],[0.172705,0.116494,0.0622878,0.648513],[0.0281559,0.522035,0.0683107,0.381499],[0.0321711,0.214868,0.00808185,0.744879],[0.108461,0.628439,0.0261505,0.236949],[0.0663008,0.279112,0.0562649,0.598322],[0.188766,0.586279,0.0261505,0.198804],[0.022133,0.116494,0.0241429,0.83723],[0.0321711,0.190776,0.0241429,0.75291],[0.022133,0.668592,0.0381963,0.271079]]},{"db":2,"id":"ZIC1_HUMAN.H11MO.0.B","len":9,"ltrim":0,"rtrim":1,"nsites":33,"evalue":"1.0e+000","url":"http://hocomoco.autosome.ru/motif/ZIC1_HUMAN.H11MO.0.B","pwm":[[0.0478266,0.132296,0.518747,0.301131],[0.0884202,0.0592273,0.851614,0.000738067],[0.000738067,0.0299999,0.939297,0.0299655],[0.000738067,0.0592273,0.939297,0.000738067],[0.299507,0.0299999,0.176137,0.494356],[0.117648,0.000772507,0.763932,0.117648],[0.0591929,0.234592,0.705477,0.000738067],[0.0332129,0.0884547,0.267067,0.611266],[0.215884,0.443243,0.274373,0.0664997]]},{"db":2,"id":"ZN467_HUMAN.H11MO.0.C","len":22,"ltrim":0,"rtrim":0,"nsites":499,"evalue":"1.0e+000","url":"http://hocomoco.autosome.ru/motif/ZN467_HUMAN.H11MO.0.C","pwm":[[0.296583,0.0240945,0.64922,0.030103],[0.0982257,0.00405845,0.84958,0.0481355],[0.0541463,0.0220909,0.915699,0.00806337],[0.00205255,0.0180837,0.975808,0.00405616],[0.949758,0.0240945,0.00405845,0.0220886],[0.184381,0.00806566,0.791476,0.0160778],[0.0321067,0.0180837,0.929725,0.020085],[0.298586,0.0160801,0.671259,0.0140742],[0.17837,0.0641666,0.733371,0.0240922],[0.416799,0.104239,0.408787,0.0701752],[0.410788,0.122271,0.420809,0.0461319],[0.292575,0.0721811,0.591115,0.0441283],[0.244489,0.0761883,0.645213,0.0341103],[0.360698,0.052145,0.535014,0.0521427],[0.284561,0.0561522,0.621169,0.0381175],[0.290572,0.062163,0.579094,0.0681716],[0.356691,0.0481378,0.529003,0.066168],[0.2505,0.0661702,0.641205,0.0421247],[0.260518,0.0801955,0.633191,0.0260958],[0.324633,0.062163,0.575086,0.0381175],[0.354687,0.0842027,0.514978,0.0461319],[0.288568,0.104239,0.541025,0.066168]]},{"db":2,"id":"ZN680_HUMAN.H11MO.0.C","len":20,"ltrim":0,"rtrim":0,"nsites":309,"evalue":"1.0e+000","url":"http://hocomoco.autosome.ru/motif/ZN680_HUMAN.H11MO.0.C","pwm":[[0.0841942,0.653593,0.0356699,0.226543],[0.611532,0.0453755,0.310662,0.032431],[0.0583126,0.372131,0.0712571,0.4983],[0.307423,0.0227291,0.656828,0.0130198],[0.284777,0.12302,0.110079,0.482124],[0.0615478,0.889762,8.2724e-05,0.048607],[0.0453718,0.918879,0.0130235,0.0227254],[0.98358,8.2724e-05,0.00978832,0.00654943],[0.608296,0.0194939,0.349484,0.0227254],[0.00654943,0.00978832,0.980348,0.00331423],[0.977109,0.00655312,0.00331792,0.0130198],[0.91564,8.2724e-05,0.0809627,0.00331423],[0.106841,0.00978832,0.876822,0.00654943],[0.98358,8.2724e-05,0.0130235,0.00331423],[0.799173,0.0486107,0.0324347,0.119781],[0.00331423,0.0291995,0.0227291,0.944757],[0.213602,0.0453755,0.592124,0.148898],[0.938287,0.0130235,0.0194939,0.0291958],[0.0777238,8.2724e-05,0.915644,0.00654943],[0.0712534,0.0291995,0.867116,0.032431]]},{"db":2,"id":"ZN768_HUMAN.H11MO.0.C","len":20,"ltrim":0,"rtrim":1,"nsites":424,"evalue":"1.0e+000","url":"http://hocomoco.autosome.ru/motif/ZN768_HUMAN.H11MO.0.C","pwm":[[0.200482,0.13682,0.568322,0.094375],[0.672069,0.0873039,0.179263,0.0613639],[0.252357,0.0142079,0.667356,0.0660798],[0.132102,0.0354293,0.808832,0.0236369],[0.117954,0.771105,0.0307134,0.0802274],[0.273578,0.24057,0.00477616,0.481076],[0.0142052,0.971529,0.01185,0.00241554],[0.983316,0.00477616,6.02924e-05,0.0118473],[0.00713141,0.0142079,0.978603,5.76043e-05],[0.957379,0.0142079,0.0236396,0.00477347],[0.0283528,0.0165658,0.952666,0.00241554],[0.957379,0.0165658,0.0189238,0.00713141],[0.0660798,0.0377872,0.870138,0.0259949],[0.0354266,0.0189238,0.919655,0.0259949],[0.00948934,0.0755142,0.28537,0.629626],[0.092017,0.174547,0.176905,0.55653],[0.601331,0.129747,0.226422,0.0425004],[0.723943,0.0236396,0.195769,0.056648],[0.0448584,0.0637245,0.834769,0.056648],[0.120312,0.22878,0.158042,0.492866]]}],"sequence_names":["chr10:102132915-102133414","chr10:102193482-102193981","chr10:102289379-102289878","chr10:104885576-104886075","chr10:104940951-104941450","chr10:104962072-104962571","chr10:104985526-104986025","chr10:105314546-105315045","chr10:105332258-105332757","chr10:105335228-105335727","chr10:105356728-105357227","chr10:105388195-105388694","chr10:105418645-105419144","chr10:105507134-105507633","chr10:105507719-105508218","chr10:105560437-105560936","chr10:105563633-105564132","chr10:105572209-105572708","chr10:105605106-105605605","chr10:105641917-105642416","chr10:105648006-105648505","chr10:105655258-105655757","chr10:120428934-120429433","chr10:120528704-120529203","chr10:120924930-120925429","chr10:120925877-120926376","chr10:121171971-121172470","chr10:13495865-13496364","chr10:14650419-14650918","chr10:14655215-14655714","chr10:14784671-14785170","chr10:14840584-14841083","chr10:15062975-15063474","chr10:15250873-15251372","chr10:22887253-22887752","chr10:22944150-22944649","chr10:23015932-23016431","chr10:23031567-23032066","chr10:23081952-23082451","chr10:23105188-23105687","chr10:23138271-23138770","chr10:23627724-23628223","chr10:23629842-23630341","chr10:23650609-23651108","chr10:23661277-23661776","chr10:23829330-23829829","chr10:32219182-32219681","chr10:70715635-70716134","chr10:72239978-72240477","chr10:72268554-72269053","chr10:72352568-72353067","chr10:79633489-79633988","chr10:80009977-80010476","chr11:111957273-111957772","chr11:112048237-112048736","chr11:14086675-14087174","chr11:14100456-14100955","chr11:14261718-14262217","chr11:14341539-14342038","chr11:14473301-14473800","chr11:14550828-14551327","chr11:14600014-14600513","chr11:14657633-14658132","chr11:14735354-14735853","chr11:14926294-14926793","chr11:22761014-22761513","chr11:22788301-22788800","chr11:22942438-22942937","chr11:23042783-23043282","chr11:23061018-23061517","chr11:23062581-23063080","chr11:46370579-46371078","chr11:46382841-46383340","chr11:47109333-47109832","chr11:47269602-47270101","chr11:47281087-47281586","chr11:47286690-47287189","chr11:47399878-47400377","chr11:47416169-47416668","chr11:47475658-47476157","chr11:57082873-57083372","chr11:57122117-57122616","chr11:57136536-57137035","chr11:57176176-57176675","chr11:57199512-57200011","chr11:57227773-57228272","chr11:57242113-57242612","chr11:57413654-57414153","chr11:57419659-57420158","chr11:57560342-57560841","chr11:57566521-57567020","chr11:62457122-62457621","chr11:63639436-63639935","chr11:63655800-63656299","chr11:63769460-63769959","chr11:63870411-63870910","chr11:63973901-63974400","chr11:64215541-64216040","chr11:64299490-64299989","chr11:64382384-64382883","chr11:64401208-64401707","chr11:64431830-64432329","chr11:64546009-64546508","chr11:65419886-65420385","chr11:65661232-65661731","chr11:65880885-65881384","chr11:67219628-67220127","chr11:8353704-8354203","chr11:8835702-8836201","chr11:8986309-8986808","chr12:102009829-102010328","chr12:102020441-102020940","chr12:102156966-102157465","chr12:102174312-102174811","chr12:102177039-102177538","chr12:102237853-102238352","chr12:102273780-102274279","chr12:102296342-102296841","chr12:102359598-102360097","chr12:102361244-102361743","chr12:102403954-102404453","chr12:102567954-102568453","chr12:102874174-102874673","chr12:103835217-103835716","chr12:103849675-103850174","chr12:103912647-103913146","chr12:104992627-104993126","chr12:105063712-105064211","chr12:109956522-109957021","chr12:110282966-110283465","chr12:111022931-111023430","chr12:111096573-111097072","chr12:111298561-111299060","chr12:111867851-111868350","chr12:111868499-111868998","chr12:112195444-112195943","chr12:112409547-112410046","chr12:112856393-112856892","chr12:112884835-112885334","chr12:120453043-120453542","chr12:120516644-120517143","chr12:120553480-120553979","chr12:120556375-120556874","chr12:120557060-120557559","chr12:120648682-120649181","chr12:120663684-120664183","chr12:120689722-120690221","chr12:120691078-120691577","chr12:120754650-120755149","chr12:120809276-120809775","chr12:120912357-120912856","chr12:120918733-120919232","chr12:121040207-121040706","chr12:121090865-121091364","chr12:121100664-121101163","chr12:121122680-121123179","chr12:121136430-121136929","chr12:121252394-121252893","chr12:121294726-121295225","chr12:121330050-121330549","chr12:123431305-123431804","chr12:123446113-123446612","chr12:123520998-123521497","chr12:123534772-123535271","chr12:123707723-123708222","chr12:123850052-123850551","chr12:123932847-123933346","chr12:24951230-24951729","chr12:24956727-24957226","chr12:25003409-25003908","chr12:25004867-25005366","chr12:25053862-25054361","chr12:25054994-25055493","chr12:25204730-25205229","chr12:25350490-25350989","chr12:25486756-25487255","chr12:25538376-25538875","chr12:25806735-25807234","chr12:25843989-25844488","chr12:25850862-25851361","chr12:25883646-25884145","chr12:25896662-25897161","chr12:49348618-49349117","chr12:49411636-49412135","chr12:49740451-49740950","chr12:53693221-53693720","chr12:56044502-56045001","chr12:56123242-56123741","chr12:56136815-56137314","chr12:56239093-56239592","chr12:56323124-56323623","chr12:56326153-