<!DOCTYPE HTML>
<html>
  <head>
    <meta charset="UTF-8">
    <title>SpaMo - Spaced Motif Analysis</title>
    <script type="text/javascript">
      //@JSON_VAR data
      var data = {"program":"SpaMo","version":"4.11.3","revision":"c13e15f35e38483381a6e8a363f9137e303c0765","release":"Sat Mar 11 20:16:08 2017 -0800","host":"uger-c011.broadinstitute.org","when":"Sun Feb 28 17:37:24 2021","cmd":["spamo","-verbosity","1","-oc","/broad/sankaranlab/fyu/HemeMap/02262021-downMast_re-analysis/motif_denovo/all_mast0035_interactions_10x_hocomoco_meme-chip/spamo_out_22","-bgfile","/broad/sankaranlab/fyu/HemeMap/02262021-downMast_re-analysis/motif_denovo/all_mast0035_interactions_10x_hocomoco_meme-chip/background","-primary","PBX3_HUMAN.H11MO.0.A","/broad/sankaranlab/fyu/HemeMap/02262021-downMast_re-analysis/motif_denovo/all_mast0035_interactions_10x_hocomoco_meme-chip/20210227-deg_interactions_peaks_all_mast0035_fa_1based.fa","/broad/sankaranlab/fyu/motif_data/HOCOMOCOv11_core_HUMAN_mono_meme_format.meme","/broad/sankaranlab/fyu/HemeMap/02262021-downMast_re-analysis/motif_denovo/all_mast0035_interactions_10x_hocomoco_meme-chip/meme_out/meme.xml","/broad/sankaranlab/fyu/HemeMap/02262021-downMast_re-analysis/motif_denovo/all_mast0035_interactions_10x_hocomoco_meme-chip/dreme_out/dreme.xml","/broad/sankaranlab/fyu/motif_data/HOCOMOCOv11_core_HUMAN_mono_meme_format.meme"],"options":{"seq_min_hit_score":7,"margin":150,"bin_size":1,"bin_pvalue_calc_range":150,"use_best_secondary":0,"seq_max_shared_fract":0.5,"seq_odds_ratio":20,"bin_pvalue_cutoff":0.05,"motif_evalue_cutoff":10,"redundant_overlap":2,"redundant_joint":0.5,"motif_pseudocount":0.1,"bgfile":"/broad/sankaranlab/fyu/HemeMap/02262021-downMast_re-analysis/motif_denovo/all_mast0035_interactions_10x_hocomoco_meme-chip/background","motif_trim":0.25,"xalph":0,"seed":1,"bin_max":71},"alphabet":{"name":"DNA","like":"dna","ncore":4,"symbols":[{"symbol":"A","name":"Adenine","colour":"CC0000","complement":"T"},{"symbol":"C","name":"Cytosine","colour":"0000CC","complement":"G"},{"symbol":"G","name":"Guanine","colour":"FFB300","complement":"C"},{"symbol":"T","aliases":"U","name":"Thymine","colour":"008000","complement":"A"},{"symbol":"N","aliases":"X.","name":"Any base","equals":"ACGT"},{"symbol":"V","name":"Not T","equals":"ACG"},{"symbol":"H","name":"Not G","equals":"ACT"},{"symbol":"D","name":"Not C","equals":"AGT"},{"symbol":"B","name":"Not A","equals":"CGT"},{"symbol":"M","name":"Amino","equals":"AC"},{"symbol":"R","name":"Purine","equals":"AG"},{"symbol":"W","name":"Weak","equals":"AT"},{"symbol":"S","name":"Strong","equals":"CG"},{"symbol":"Y","name":"Pyrimidine","equals":"CT"},{"symbol":"K","name":"Keto","equals":"GT"}]},"background":[0.2443,0.2557,0.2557,0.2443],"sequence_dbs":[{"source":"/broad/sankaranlab/fyu/HemeMap/02262021-downMast_re-analysis/motif_denovo/all_mast0035_interactions_10x_hocomoco_meme-chip/20210227-deg_interactions_peaks_all_mast0035_fa_1based.fa","name":"20210227-deg_interactions_peaks_all_mast0035_fa_1based","last_modified":"Sun Feb 28 14:32:25 2021","loaded":13184,"excluded_too_short":0,"excluded_no_match":7977,"excluded_ambigs":0,"excluded_similar":52,"erased_primary_matches":3237}],"primary_dbs":[{"source":"/broad/sankaranlab/fyu/motif_data/HOCOMOCOv11_core_HUMAN_mono_meme_format.meme","name":"HOCOMOCOv11_core_HUMAN_mono_meme_format","last_modified":"Sat Jun 23 07:43:00 2018","loaded":400,"excluded":399}],"secondary_dbs":[{"source":"/broad/sankaranlab/fyu/HemeMap/02262021-downMast_re-analysis/motif_denovo/all_mast0035_interactions_10x_hocomoco_meme-chip/meme_out/meme.xml","name":"meme.xml","last_modified":"Sun Feb 28 15:22:49 2021","loaded":10,"excluded":0},{"source":"/broad/sankaranlab/fyu/HemeMap/02262021-downMast_re-analysis/motif_denovo/all_mast0035_interactions_10x_hocomoco_meme-chip/dreme_out/dreme.xml","name":"dreme.xml","last_modified":"Sun Feb 28 15:41:49 2021","loaded":10,"excluded":0},{"source":"/broad/sankaranlab/fyu/motif_data/HOCOMOCOv11_core_HUMAN_mono_meme_format.meme","name":"HOCOMOCOv11_core_HUMAN_mono_meme_format","last_modified":"Sat Jun 23 07:43:00 2018","loaded":401,"excluded":1}],"secondary_motifs":[{"db":0,"id":"4","alt":"MEME","len":29,"ltrim":0,"rtrim":0,"nsites":7,"evalue":"2.6e-013","pwm":[[0.00344085,0.00360141,0.848672,0.144286],[0.00344085,0.00360141,0.989517,0.00344085],[0.00344085,0.848672,0.144446,0.00344085],[0.566822,0.00360141,0.426136,0.00344085],[0.00344085,0.707827,0.00360141,0.285131],[0.425976,0.00360141,0.566982,0.00344085],[0.00344085,0.00360141,0.989517,0.00344085],[0.00344085,0.00360141,0.00360141,0.989356],[0.00344085,0.00360141,0.848672,0.144286],[0.144286,0.00360141,0.848672,0.00344085],[0.00344085,0.989517,0.00360141,0.00344085],[0.425976,0.00360141,0.00360141,0.566822],[0.00344085,0.566982,0.00360141,0.425976],[0.707666,0.00360141,0.285291,0.00344085],[0.00344085,0.707827,0.00360141,0.285131],[0.285131,0.00360141,0.707827,0.00344085],[0.00344085,0.989517,0.00360141,0.00344085],[0.00344085,0.989517,0.00360141,0.00344085],[0.00344085,0.144446,0.00360141,0.848511],[0.285131,0.00360141,0.707827,0.00344085],[0.00344085,0.00360141,0.00360141,0.989356],[0.989356,0.00360141,0.00360141,0.00344085],[0.848511,0.00360141,0.144446,0.00344085],[0.00344085,0.00360141,0.00360141,0.989356],[0.144286,0.707827,0.00360141,0.144286],[0.00344085,0.848672,0.00360141,0.144286],[0.00344085,0.989517,0.00360141,0.00344085],[0.989356,0.00360141,0.00360141,0.00344085],[0.144286,0.00360141,0.848672,0.00344085]]},{"db":0,"id":"5","alt":"MEME","len":21,"ltrim":0,"rtrim":0,"nsites":55,"evalue":"4.2e-012","pwm":[[0.308973,0.290845,0.0367621,0.363419],[0.399717,0.000464065,0.000464065,0.599354],[0.381568,0.236399,0.381589,0.000443376],[0.254526,0.236399,0.0549101,0.454163],[0.0548894,0.0730591,0.163803,0.708247],[0.617503,0.000464065,0.21825,0.163782],[0.526759,0.0367621,0.0549101,0.381568],[0.871586,0.000464065,0.0367621,0.0911874],[0.835289,0.145655,0.0186131,0.000443376],[0.871586,0.000464065,0.0549101,0.0730384],[0.472312,0.0730591,0.0186131,0.436015],[0.490461,0.163803,0.21825,0.127485],[0.563056,0.181952,0.0730591,0.181931],[0.926033,0.000464065,0.000464065,0.0730384],[0.690098,0.163803,0.145655,0.000443376],[0.635652,0.000464065,0.0912081,0.272675],[0.436015,0.200101,0.127506,0.236378],[0.671949,0.0730591,0.127506,0.127485],[0.635652,0.0549101,0.000464065,0.308973],[0.581205,0.290845,0.000464065,0.127485],[0.744545,0.0186131,0.000464065,0.236378]]},{"db":0,"id":"7","alt":"MEME","len":30,"ltrim":0,"rtrim":0,"nsites":70,"evalue":"2.3e+001","pwm":[[0.0431444,0.200079,0.499651,0.257125],[0.0288787,0.342733,0.513917,0.114471],[0.114471,0.0859565,0.770693,0.0288787],[0.000348502,0.528182,0.399794,0.0716756],[0.228593,0.028895,0.685101,0.05741],[0.157267,0.22861,0.528182,0.0859402],[0.143002,0.128752,0.599509,0.128736],[0.285655,0.271407,0.371264,0.0716756],[0.100206,0.399794,0.371264,0.128736],[0.100206,0.399794,0.485386,0.0146141],[0.0146141,0.171549,0.670836,0.143002],[0.143002,0.0716919,0.613774,0.171533],[0.242859,0.143018,0.585243,0.0288787],[0.242859,0.22861,0.428324,0.100206],[0.185798,0.314202,0.356998,0.143002],[0.0859402,0.271407,0.456856,0.185798],[0.185798,0.299937,0.328467,0.185798],[0.0859402,0.214345,0.513917,0.185798],[0.143002,0.44259,0.41406,0.000348502],[0.157267,0.0859565,0.599509,0.157267],[0.0859402,0.185814,0.727896,0.000348502],[0.471105,0.271407,0.0716919,0.185798],[0.100206,0.0431606,0.842019,0.0146141],[0.000348502,0.257141,0.65657,0.0859402],[0.000348502,0.528182,0.328467,0.143002],[0.000348502,0.100222,0.670836,0.228593],[0.05741,0.22861,0.713632,0.000348502],[0.0859402,0.670836,0.214345,0.0288787],[0.200063,0.143018,0.456856,0.200063],[0.000348502,0.299937,0.699366,0.000348502]]},{"db":0,"id":"8","alt":"MEME","len":11,"ltrim":0,"rtrim":0,"nsites":70,"evalue":"8.2e-001","pwm":[[0.157267,0.000364765,0.842019,0.000348502],[0.143002,0.000364765,0.699366,0.157267],[0.0146141,0.328467,0.65657,0.000348502],[0.685084,0.000364765,0.0859565,0.228593],[0.285655,0.000364765,0.713632,0.000348502],[0.000348502,0.000364765,0.998938,0.000348502],[0.0431444,0.242875,0.713632,0.000348502],[0.371248,0.000364765,0.000364765,0.628023],[0.000348502,0.000364765,0.998938,0.000348502],[0.328451,0.000364765,0.670836,0.000348502],[0.157267,0.028895,0.813489,0.000348502]]},{"db":1,"id":"BTTCCB","alt":"DREME","len":6,"ltrim":0,"rtrim":0,"nsites":8580,"evalue":"7.5e-090","pwm":[[2.84729e-06,0.457224,0.241958,0.300815],[2.84729e-06,2.98015e-06,2.98015e-06,0.999991],[2.84729e-06,2.98015e-06,2.98015e-06,0.999991],[2.84729e-06,0.999991,2.98015e-06,2.84729e-06],[2.84729e-06,0.999991,2.98015e-06,2.84729e-06],[2.84729e-06,0.456408,0.175525,0.368064]]},{"db":1,"id":"CHGCCTS","alt":"DREME","len":7,"ltrim":0,"rtrim":0,"nsites":3158,"evalue":"4.0e-030","pwm":[[7.73566e-06,0.999976,8.09664e-06,7.73566e-06],[0.396132,0.246992,8.09664e-06,0.356867],[7.73566e-06,8.09664e-06,0.999976,7.73566e-06],[7.73566e-06,0.999976,8.09664e-06,7.73566e-06],[7.73566e-06,0.999976,8.09664e-06,7.73566e-06],[7.73566e-06,8.09664e-06,8.09664e-06,0.999976],[7.73566e-06,0.509492,0.490493,7.73566e-06]]},{"db":1,"id":"DAAATA","alt":"DREME","len":6,"ltrim":0,"rtrim":0,"nsites":2232,"evalue":"7.4e-047","pwm":[[0.46818,1.14556e-05,0.243281,0.288528],[0.999966,1.14556e-05,1.14556e-05,1.09449e-05],[0.999966,1.14556e-05,1.14556e-05,1.09449e-05],[0.999966,1.14556e-05,1.14556e-05,1.09449e-05],[1.09449e-05,1.14556e-05,1.14556e-05,0.999966],[0.999966,1.14556e-05,1.14556e-05,1.09449e-05]]},{"db":2,"id":"ANDR_HUMAN.H11MO.0.A","len":18,"ltrim":0,"rtrim":0,"nsites":499,"evalue":"1.0e+000","url":"http://hocomoco.autosome.ru/motif/ANDR_HUMAN.H11MO.0.A","pwm":[[0.148316,0.0701775,0.0361161,0.745391],[0.0621607,0.0481378,0.777451,0.112251],[0.0681716,0.0661702,0.0140765,0.851582],[0.188388,0.172361,0.144311,0.49494],[0.0781896,0.733371,0.0361161,0.152323],[0.122269,0.278553,0.0321089,0.56707],[0.180374,0.134293,0.196405,0.488929],[0.198406,0.178372,0.216441,0.406781],[0.176366,0.192397,0.222452,0.408785],[0.20041,0.256513,0.120268,0.42281],[0.0721788,0.0140765,0.0140765,0.899668],[0.254507,0.0301053,0.691295,0.0240922],[0.0280994,0.0220909,0.0200873,0.929722],[0.0180814,0.00606205,0.098228,0.877629],[0.00806337,0.00806566,0.0641666,0.919704],[0.420806,0.0281017,0.494942,0.0561499],[0.086204,0.524996,0.0481378,0.340662],[0.290572,0.158336,0.0541486,0.496943]]},{"db":2,"id":"ATF2_HUMAN.H11MO.0.B","len":11,"ltrim":0,"rtrim":0,"nsites":500,"evalue":"1.0e+000","url":"http://hocomoco.autosome.ru/motif/ATF2_HUMAN.H11MO.0.B","pwm":[[0.315986,0.0880335,0.463958,0.132022],[0.423964,0.166018,0.383974,0.0260437],[0.0200449,0.0240463,0.0120487,0.94386],[0.0160457,0.0140483,0.939863,0.0300429],[0.903868,0.0120487,0.0140483,0.0700349],[0.0340421,0.361979,0.248002,0.355978],[0.00204845,0.0420427,0.933864,0.0220445],[0.126024,0.0720367,0.0260459,0.775894],[0.158017,0.775896,0.0360439,0.0300429],[0.875874,0.0180475,0.0640383,0.0420405],[0.0620365,0.254,0.184014,0.499949]]},{"db":2,"id":"BACH1_HUMAN.H11MO.0.A","len":13,"ltrim":0,"rtrim":2,"nsites":500,"evalue":"1.0e+000","url":"http://hocomoco.autosome.ru/motif/BACH1_HUMAN.H11MO.0.A","pwm":[[0.0628503,0.168183,0.0975458,0.671421],[0.00920552,0.0664261,0.922337,0.00203091],[0.0209133,0.967527,0.00397558,0.00758441],[0.0362171,0.0795843,0.0801402,0.804058],[0.0038971,0.0613576,0.890889,0.0438567],[0.802819,0.0206201,0.124524,0.0520367],[0.0133104,0.214867,0.763224,0.00859922],[0.00624843,0.0361805,0.145879,0.811692],[0.01624,0.943693,0.0343178,0.00574879],[0.78628,0.0958387,0.0824544,0.0354265],[0.00982617,0.334263,0.256607,0.399304],[0.151627,0.265557,0.394693,0.188123],[0.105264,0.378565,0.372602,0.143569]]},{"db":2,"id":"BATF3_HUMAN.H11MO.0.B","len":17,"ltrim":1,"rtrim":2,"nsites":500,"evalue":"1.0e+000","url":"http://hocomoco.autosome.ru/motif/BATF3_HUMAN.H11MO.0.B","pwm":[[0.172014,0.35398,0.20601,0.267995],[0.483952,0.0560399,0.244002,0.216006],[0.0300429,0.389973,0.501951,0.0780333],[0.0300429,0.0160479,0.0140483,0.939861],[0.0460397,0.0640383,0.00804953,0.881872],[0.0420405,0.160019,0.0420427,0.755898],[0.0180453,0.85588,0.0200471,0.106028],[0.501948,0.178016,0.120027,0.200009],[0.210007,0.182015,0.218008,0.389971],[0.230003,0.0420427,0.0640383,0.663916],[0.481952,0.198012,0.0560399,0.263996],[0.00804725,5.11298e-05,0.0100491,0.981852],[0.0120465,0.0240463,0.809889,0.154018],[0.863876,0.00604993,0.0420427,0.0880313],[0.100029,0.461959,0.317988,0.120025],[0.251998,0.120027,0.146022,0.481952],[0.242,0.385974,0.186014,0.186012]]},{"db":2,"id":"BATF_HUMAN.H11MO.0.A","len":18,"ltrim":1,"rtrim":1,"nsites":500,"evalue":"1.0e+000","url":"http://hocomoco.autosome.ru/motif/BATF_HUMAN.H11MO.0.A","pwm":[[0.451958,0.0780355,0.263998,0.206008],[0.0480393,0.399971,0.345982,0.206008],[0.0120465,0.0180475,0.0440423,0.925864],[0.134022,0.327986,0.0240463,0.513946],[0.0860317,0.238004,0.0520407,0.623924],[0.14202,0.545942,0.0460419,0.265996],[0.379973,0.0860339,0.395972,0.138021],[0.369975,0.114028,0.230005,0.285992],[0.337981,0.0180475,0.0840343,0.559937],[0.577933,0.15802,0.0220467,0.242],[0.00204845,0.00205073,5.11298e-05,0.99585],[0.00404805,0.0560399,0.849881,0.0900309],[0.977853,0.00804953,0.0120487,0.00204845],[0.104028,0.55794,0.315988,0.0220445],[0.0720345,0.0300451,0.0200471,0.877873],[0.212006,0.50795,0.212009,0.0680353],[0.611926,0.0840343,0.110029,0.19401],[0.14202,0.186014,0.30599,0.365976]]},{"db":2,"id":"BRAC_HUMAN.H11MO.0.A","len":20,"ltrim":1,"rtrim":2,"nsites":500,"evalue":"1.0e+000","url":"http://hocomoco.autosome.ru/motif/BRAC_HUMAN.H11MO.0.A","pwm":[[0.120025,0.252001,0.146022,0.481952],[0.0780333,0.202011,0.10603,0.613926],[0.335982,0.311989,0.224006,0.128023],[0.333982,0.164018,0.379975,0.122024],[0.138021,0.673916,0.128026,0.0600369],[0.669915,0.0720367,0.162019,0.0960297],[0.198009,0.174016,0.40797,0.220005],[0.182012,0.252001,0.401971,0.164016],[0.244,0.166018,0.339983,0.249999],[0.469955,0.190013,0.230005,0.110027],[0.34398,0.0520407,0.437964,0.166016],[0.0600369,0.128026,0.747902,0.0640361],[0.0380413,0.0160479,0.00405033,0.94186],[0.00204845,0.0140483,0.969857,0.0140461],[0.224004,0.0520407,0.0440423,0.679913],[0.0320425,0.152021,0.631925,0.184012],[0.905868,0.0200471,0.0620387,0.0120465],[0.659917,0.0580395,0.222007,0.0600369],[0.349979,0.0880335,0.261999,0.299989],[0.200009,0.136024,0.198012,0.465956]]},{"db":2,"id":"CDX1_HUMAN.H11MO.0.C","len":8,"ltrim":0,"rtrim":1,"nsites":30,"evalue":"1.0e+000","url":"http://hocomoco.autosome.ru/motif/CDX1_HUMAN.H11MO.0.C","pwm":[[0.465213,0.243767,0.0490758,0.241943],[0.0329625,0.000849502,0.0973022,0.868886],[0.0329625,0.000849502,0.0330004,0.933188],[0.0651134,0.0544343,0.129453,0.750999],[0.804584,0.000849502,0.161604,0.0329625],[0.247302,0.0937299,0.0330004,0.625968],[0.20622,0.000849502,0.792119,0.000811628],[0.199969,0.0999814,0.339327,0.360723]]},{"db":2,"id":"CEBPA_HUMAN.H11MO.0.A","len":12,"ltrim":1,"rtrim":1,"nsites":500,"evalue":"1.0e+000","url":"http://hocomoco.autosome.ru/motif/CEBPA_HUMAN.H11MO.0.A","pwm":[[0.230003,0.132025,0.365978,0.271994],[0.34598,0.182015,0.465958,0.00604765],[0.00804725,0.00405033,0.00604993,0.981852],[0.00204845,0.00205073,0.279995,0.715906],[0.158017,0.00804953,0.619927,0.214006],[0.176014,0.118028,0.116028,0.589931],[4.88502e-05,5.11298e-05,0.995852,0.00404805],[0.156018,0.771897,5.11298e-05,0.0720345],[0.983852,0.0100491,0.00205073,0.00404805],[0.989851,5.11298e-05,0.00804953,0.00204845],[0.0140461,0.297992,0.176016,0.511946],[0.319985,0.331985,0.222007,0.126024]]},{"db":2,"id":"CEBPD_HUMAN.H11MO.0.C","len":11,"ltrim":0,"rtrim":0,"nsites":500,"evalue":"1.0e+000","url":"http://hocomoco.autosome.ru/motif/CEBPD_HUMAN.H11MO.0.C","pwm":[[0.454458,0.232505,0.268497,0.04454],[0.00254835,0.130525,0.020547,0.84638],[0.00654755,0.0285454,0.0185474,0.94636],[0.0425404,0.0265458,0.812389,0.118525],[0.0165456,0.960359,0.010549,0.0125464],[0.458457,0.120527,0.278495,0.14252],[0.122524,0.580435,0.0265458,0.270495],[0.590431,0.382475,0.00455023,0.0225444],[0.828383,0.0645382,0.0445422,0.0625364],[0.0240441,0.481955,0.178016,0.315986],[0.208007,0.487954,0.0720367,0.232002]]},{"db":2,"id":"CEBPG_HUMAN.H11MO.0.B","len":12,"ltrim":0,"rtrim":2,"nsites":500,"evalue":"1.0e+000","url":"http://hocomoco.autosome.ru/motif/CEBPG_HUMAN.H11MO.0.B","pwm":[[0.561936,0.124026,0.287994,0.0260437],[4.88502e-05,5.11298e-05,5.11298e-05,0.999849],[0.00204845,5.11298e-05,0.0400431,0.957857],[0.176014,0.00205073,0.687914,0.134022],[0.00204845,0.995852,0.00205073,4.88502e-05],[0.867875,0.0420427,0.0740363,0.0160457],[0.0160457,0.0320447,0.0140483,0.937861],[0.0560377,0.923866,0.00804953,0.0120465],[0.99185,5.11298e-05,0.00604993,0.00204845],[0.0160457,0.136024,0.397972,0.449959],[0.255998,0.397972,0.132025,0.214006],[0.19601,0.363978,0.0940323,0.34598]]},{"db":2,"id":"CRX_HUMAN.H11MO.0.B","len":13,"ltrim":1,"rtrim":1,"nsites":500,"evalue":"1.0e+000","url":"http://hocomoco.autosome.ru/motif/CRX_HUMAN.H11MO.0.B","pwm":[[0.247999,0.164018,0.152021,0.435962],[0.533942,0.10403,0.261999,0.100029],[0.573934,0.0460419,0.275996,0.104028],[0.172014,0.0920327,0.565938,0.170015],[0.497949,0.164018,0.261999,0.0760337],[0.19201,0.00604993,0.775896,0.0260437],[0.0320425,0.0100491,0.935864,0.0220445],[0.763896,0.218008,0.0160479,0.00204845],[4.88502e-05,5.11298e-05,5.11298e-05,0.999849],[0.0220445,0.0580395,0.0240463,0.89587],[0.879873,0.00405033,0.0340443,0.0820325],[0.269995,0.0660379,0.525946,0.138021],[0.234002,0.323986,0.343982,0.0980293]]},{"db":2,"id":"DLX3_HUMAN.H11MO.0.C","len":10,"ltrim":0,"rtrim":1,"nsites":34,"evalue":"1.0e+000","url":"http://hocomoco.autosome.ru/motif/DLX3_HUMAN.H11MO.0.C","pwm":[[0.17329,0.128569,0.659114,0.0390271],[0.412006,0.403826,0.183451,0.000716422],[0.000716422,0.023127,0.000749853,0.975407],[0.975407,0.000749853,0.023127,0.000716422],[0.997784,0.000749853,0.000749853,0.000716422],[0.000716422,0.000749853,0.000749853,0.997784],[0.000716422,0.000749853,0.0455041,0.95303],[0.541452,0.000749853,0.363888,0.0939095],[0.161041,0.515711,0.277777,0.0454707],[0.4455,0.154631,0.102795,0.297074]]},{"db":2,"id":"E2F1_HUMAN.H11MO.0.A","len":14,"ltrim":4,"rtrim":2,"nsites":500,"evalue":"1.0e+000","url":"http://hocomoco.autosome.ru/motif/E2F1_HUMAN.H11MO.0.A","pwm":[[0.327983,0.160019,0.377976,0.134022],[0.236002,0.200011,0.451961,0.112026],[0.271994,0.210009,0.289993,0.228003],[0.190011,0.102031,0.465958,0.242],[0.0820325,0.200011,0.70391,0.0140461],[0.0180453,0.00604993,0.965858,0.0100469],[0.0560377,0.921867,0.00405033,0.0180453],[0.0160457,0.00804953,0.95786,0.0180453],[0.0220445,0.0820347,0.889873,0.00604765],[0.0680353,0.0340443,0.889873,0.00804725],[0.855878,0.0200471,0.0900331,0.0340421],[0.653918,0.0640383,0.271997,0.0100469],[0.399969,0.140023,0.365978,0.0940301],[0.271994,0.164018,0.395972,0.168015]]},{"db":2,"id":"E2F3_HUMAN.H11MO.0.A","len":11,"ltrim":2,"rtrim":0,"nsites":500,"evalue":"1.0e+000","url":"http://hocomoco.autosome.ru/motif/E2F3_HUMAN.H11MO.0.A","pwm":[[0.375974,0.140023,0.20801,0.275994],[0.261996,0.0460419,0.409969,0.281992],[0.126024,0.124026,0.675916,0.0740341],[0.0340421,0.00604993,0.95586,0.00404805],[0.124024,0.769897,0.0200471,0.0860317],[0.152018,0.00405033,0.683914,0.160017],[0.0960297,0.0200471,0.867878,0.0160457],[0.0180453,0.0100491,0.95786,0.0140461],[0.833882,0.0380435,0.118028,0.0100469],[0.711906,0.0620387,0.200011,0.0260437],[0.533942,0.110029,0.250001,0.106028]]},{"db":2,"id":"EGR2_HUMAN.H11MO.0.A","len":18,"ltrim":0,"rtrim":0,"nsites":500,"evalue":"1.0e+000","url":"http://hocomoco.autosome.ru/motif/EGR2_HUMAN.H11MO.0.A","pwm":[[0.216006,0.0740363,0.611929,0.0980293],[0.29399,0.0960319,0.411969,0.198009],[0.228003,0.0740363,0.621927,0.0760337],[0.253998,0.0680375,0.501951,0.176014],[0.319985,0.10403,0.50595,0.0700349],[0.150019,0.10403,0.449961,0.29599],[0.0760337,0.102031,0.765898,0.0560377],[0.369975,0.190013,0.0440423,0.39597],[0.0340421,0.0220467,0.929865,0.0140461],[0.0400409,0.0120487,0.461959,0.485952],[0.182012,0.00604993,0.793892,0.0180453],[0.0360417,0.0140483,0.889873,0.0600369],[0.0240441,0.0400431,0.915868,0.0200449],[0.349979,0.281995,0.0220467,0.34598],[0.0580373,0.00604993,0.873876,0.0620365],[0.0760337,0.0340443,0.781895,0.108027],[0.34198,0.0740363,0.501951,0.0820325],[0.253998,0.0480415,0.561939,0.136022]]},{"db":2,"id":"ELF5_HUMAN.H11MO.0.A","len":15,"ltrim":3,"rtrim":2,"nsites":500,"evalue":"1.0e+000","url":"http://hocomoco.autosome.ru/motif/ELF5_HUMAN.H11MO.0.A","pwm":[[0.253998,0.222007,0.40597,0.118025],[0.216006,0.202011,0.491953,0.0900309],[0.467955,0.168018,0.263998,0.100029],[0.799889,0.0220467,0.0740363,0.104028],[0.14402,0.30799,0.369977,0.178013],[0.184012,0.365978,0.443962,0.00604765],[0.683912,0.258,0.0500411,0.00804725],[4.88502e-05,5.11298e-05,0.999851,4.88502e-05],[0.00604765,0.00205073,0.991853,4.88502e-05],[0.99185,5.11298e-05,0.00604993,0.00204845],[0.981852,0.00604993,0.00604993,0.00604765],[0.150019,0.0180475,0.827886,0.00404805],[0.158017,0.15402,0.124026,0.563936],[0.257997,0.120027,0.475956,0.14602],[0.279993,0.220007,0.395972,0.104028]]},{"db":2,"id":"ESR1_HUMAN.H11MO.0.A","len":15,"ltrim":0,"rtrim":0,"nsites":500,"evalue":"1.0e+000","url":"http://hocomoco.autosome.ru/motif/ESR1_HUMAN.H11MO.0.A","pwm":[[0.637921,0.0480415,0.259999,0.0540381],[0.0740341,0.00604993,0.80789,0.112026],[0.0460397,0.0180475,0.90787,0.0280433],[0.0940301,0.0720367,0.178016,0.655918],[0.00204845,0.887874,0.0480415,0.0620365],[0.855878,0.00604993,0.112029,0.0260437],[0.108027,0.441963,0.311989,0.138021],[0.39597,0.60393,5.11298e-05,4.88502e-05],[0.182012,0.375976,0.285994,0.156018],[0.104028,0.0780355,0.0440423,0.773894],[0.0540381,0.0340443,0.90787,0.00404805],[0.617925,0.198012,0.0700371,0.114026],[0.0400409,0.883874,0.0140483,0.0620365],[0.0900309,0.821887,0.00804953,0.0800329],[0.0580373,0.329985,0.0660379,0.54594]]},{"db":2,"id":"ESR2_HUMAN.H11MO.0.A","len":15,"ltrim":0,"rtrim":0,"nsites":497,"evalue":"1.0e+000","url":"http://hocomoco.autosome.ru/motif/ESR2_HUMAN.H11MO.0.A","pwm":[[0.494919,0.0966115,0.362152,0.0463175],[0.114714,0.0121214,0.790637,0.0825275],[0.0463175,0.0262031,0.859034,0.0684458],[0.0966092,0.116728,0.229382,0.557281],[0.0161425,0.798684,0.0523548,0.132819],[0.621654,0.0342498,0.247487,0.0966092],[0.0925859,0.511015,0.265592,0.130808],[4.9145e-05,0.667925,5.14383e-05,0.331974],[0.122761,0.422502,0.267603,0.187134],[0.0402825,0.23944,0.0302265,0.690051],[0.0825275,0.0262031,0.89122,4.9145e-05],[0.521071,0.273638,0.0865531,0.118738],[0.0241892,0.844952,0.0221798,0.108679],[0.0825275,0.846964,0.0121214,0.0583875],[0.0724692,0.356117,0.0362615,0.535153]]},{"db":2,"id":"ETV5_HUMAN.H11MO.0.C","len":14,"ltrim":1,"rtrim":1,"nsites":500,"evalue":"1.0e+000","url":"http://hocomoco.autosome.ru/motif/ETV5_HUMAN.H11MO.0.C","pwm":[[0.327983,0.180015,0.381975,0.110027],[0.455958,0.0880335,0.327986,0.128023],[0.297989,0.0980315,0.493952,0.110027],[0.200009,0.417968,0.345982,0.0360417],[0.839881,0.0360439,0.0840343,0.0400409],[0.0160457,0.00604993,0.961859,0.0160457],[0.0440401,0.0160479,0.935864,0.00404805],[0.79389,0.0680375,0.102031,0.0360417],[0.94586,0.00604993,0.0120487,0.0360417],[0.371974,0.0620387,0.547942,0.0180453],[0.228003,0.100031,0.232005,0.439961],[0.218005,0.10603,0.537944,0.138021],[0.405968,0.120027,0.385974,0.0880313],[0.271994,0.216008,0.373976,0.138021]]},{"db":2,"id":"FEV_HUMAN.H11MO.0.B","len":10,"ltrim":0,"rtrim":0,"nsites":498,"evalue":"1.0e+000","url":"http://hocomoco.autosome.ru/motif/FEV_HUMAN.H11MO.0.B","pwm":[[0.224903,0.204829,0.520027,0.0502398],[0.255018,0.530065,0.134562,0.0803542],[0.281117,0.321272,0.355402,0.0422093],[0.317254,0.0120971,0.658554,0.0120948],[0.0321711,0.00607422,0.947652,0.0141024],[0.967726,0.0221353,0.00406659,0.00607193],[0.672605,0.0582726,0.251005,0.0181177],[0.186759,0.132555,0.60234,0.0783466],[0.154636,0.387524,0.088387,0.369453],[0.0723237,0.230929,0.584271,0.112476]]},{"db":2,"id":"FOSB_HUMAN.H11MO.0.A","len":9,"ltrim":1,"rtrim":1,"nsites":500,"evalue":"1.0e+000","url":"http://hocomoco.autosome.ru/motif/FOSB_HUMAN.H11MO.0.A","pwm":[[0.413966,0.20601,0.291993,0.0880313],[0.0100469,0.0120487,0.00205073,0.975854],[0.0120465,0.0140483,0.917868,0.0560377],[0.89587,0.0120487,0.0180475,0.0740341],[0.204008,5.11298e-05,0.795892,4.88502e-05],[0.0180453,0.0300451,0.10603,0.84588],[0.0540381,0.90387,0.0280455,0.0140461],[0.965856,0.0100491,0.00604993,0.0180453],[0.0720345,0.329985,0.230005,0.367975]]},{"db":2,"id":"FOS_HUMAN.H11MO.0.A","len":9,"ltrim":1,"rtrim":0,"nsites":500,"evalue":"1.0e+000","url":"http://hocomoco.autosome.ru/motif/FOS_HUMAN.H11MO.0.A","pwm":[[0.34598,0.216008,0.359979,0.0780333],[0.0100469,0.0180475,0.0100491,0.961856],[0.0160457,0.0340443,0.859879,0.0900309],[0.935862,0.00804953,0.0280455,0.0280433],[0.116026,5.11298e-05,0.883874,4.88502e-05],[0.0220445,0.0260459,0.0240463,0.927863],[0.0420405,0.933864,0.0240463,4.88502e-05],[0.959857,0.0160479,0.0120487,0.0120465],[0.0280433,0.417968,0.263998,0.289991]]},{"db":2,"id":"FOXI1_HUMAN.H11MO.0.B","len":12,"ltrim":1,"rtrim":0,"nsites":156,"evalue":"1.0e+000","url":"http://hocomoco.autosome.ru/motif/FOXI1_HUMAN.H11MO.0.B","pwm":[[0.15244,0.461773,0.090582,0.295205],[0.133404,0.0287169,0.0715466,0.766332],[0.0334685,0.437978,0.242865,0.285688],[0.000156502,0.0239581,0.000163805,0.975722],[0.000156502,0.104859,0.894828,0.000156502],[0.999516,0.000163805,0.000163805,0.000156502],[0.000156502,0.000163805,0.000163805,0.999516],[0.000156502,0.000163805,0.000163805,0.999516],[0.000156502,0.000163805,0.990005,0.00967421],[0.000156502,0.000163805,0.999523,0.000156502],[0.0429862,0.476049,0.000163805,0.480801],[0.000156502,0.490326,0.0191992,0.490318]]},{"db":2,"id":"FOXJ3_HUMAN.H11MO.0.A","len":13,"ltrim":1,"rtrim":0,"nsites":626,"evalue":"1.0e+000","url":"http://hocomoco.autosome.ru/motif/FOXJ3_HUMAN.H11MO.0.A","pwm":[[0.194104,0.146489,0.164705,0.494703],[3.90193e-05,4.08401e-05,4.08401e-05,0.999879],[0.0829608,4.08401e-05,0.914275,0.00272314],[0.00111267,4.08401e-05,4.08401e-05,0.998806],[3.90193e-05,4.08401e-05,4.08401e-05,0.999879],[0.00887182,4.08401e-05,0.175706,0.815382],[0.81815,4.08401e-05,0.0369619,0.144847],[3.90193e-05,0.0711421,4.08401e-05,0.928778],[0.113303,4.08401e-05,0.430182,0.456474],[0.0440537,4.08401e-05,0.325668,0.630237],[0.0528122,4.08401e-05,0.0291576,0.917989],[0.00590373,0.0101747,0.0168457,0.967076],[0.358503,0.0704084,0.138477,0.432612]]},{"db":2,"id":"FOXP1_HUMAN.H11MO.0.A","len":9,"ltrim":0,"rtrim":0,"nsites":295,"evalue":"1.0e+000","url":"http://hocomoco.autosome.ru/motif/FOXP1_HUMAN.H11MO.0.A","pwm":[[0.0576904,0.139023,0.176298,0.626989],[0.0136375,0.281347,0.311845,0.39317],[0.00686015,0.0204187,0.0305848,0.942136],[0.0204149,0.0407508,0.84048,0.0983546],[8.27855e-05,0.0170301,0.0576942,0.925193],[0.00686015,0.0949697,0.0407508,0.857419],[0.0102488,0.0136414,0.081415,0.894695],[0.525328,0.345732,0.0373621,0.0915772],[0.0170262,0.484668,0.0102527,0.488053]]},{"db":2,"id":"GFI1B_HUMAN.H11MO.0.A","len":10,"ltrim":0,"rtrim":0,"nsites":500,"evalue":"1.0e+000","url":"http://hocomoco.autosome.ru/motif/GFI1B_HUMAN.H11MO.0.A","pwm":[[0.156018,0.0520407,0.647922,0.14402],[0.0580373,0.747902,0.0780355,0.116026],[0.299989,0.184014,0.0180475,0.497949],[0.0160457,0.363978,0.517948,0.102028],[0.399969,0.0360439,0.0260459,0.537941],[0.00604765,0.00604993,0.983854,0.00404805],[0.833882,0.0560399,0.102031,0.00804725],[4.88502e-05,0.0100491,0.0160479,0.973854],[0.00404805,5.11298e-05,5.11298e-05,0.99585],[0.0360417,0.122027,0.198012,0.64392]]},{"db":2,"id":"HLF_HUMAN.H11MO.0.C","len":13,"ltrim":1,"rtrim":1,"nsites":35,"evalue":"1.0e+000","url":"http://hocomoco.autosome.ru/motif/HLF_HUMAN.H11MO.0.C","pwm":[[0.202739,0.163426,0.431095,0.202739],[0.538617,0.0860268,0.289362,0.0859944],[0.000696011,0.00072849,0.00072849,0.997847],[0.0190771,0.0584551,0.173908,0.748559],[0.536034,0.0584551,0.404815,0.000696011],[0.000696011,0.462542,0.0768363,0.459926],[0.0584227,0.00072849,0.940153,0.000696011],[0.000696011,0.173908,0.00072849,0.824667],[0.997847,0.00072849,0.00072849,0.000696011],[0.970275,0.00072849,0.00072849,0.0282677],[0.0282677,0.566221,0.00072849,0.404783],[0.404783,0.393041,0.116182,0.0859944],[0.123042,0.372362,0.381553,0.123042]]},{"db":2,"id":"HXA10_HUMAN.H11MO.0.C","len":12,"ltrim":1,"rtrim":1,"nsites":10,"evalue":"1.0e+000","url":"http://hocomoco.autosome.ru/motif/HXA10_HUMAN.H11MO.0.C","pwm":[[0.181942,0.073253,0.377899,0.366906],[0.513789,0.198375,0.198375,0.0894605],[0.00241881,0.296297,0.100454,0.60083],[0.394106,0.100454,0.394219,0.111221],[0.502908,0.0895734,0.307178,0.100341],[0.0894605,0.00253168,0.00253168,0.905476],[0.00241881,0.00253168,0.00253168,0.992518],[0.100341,0.00253168,0.00253168,0.894596],[0.992518,0.00253168,0.00253168,0.00241881],[0.00241881,0.00253168,0.00253168,0.992518],[0.100341,0.00253168,0.796787,0.100341],[0.415867,0.176615,0.100454,0.307065]]},{"db":2,"id":"IKZF1_HUMAN.H11MO.0.C","len":8,"ltrim":0,"rtrim":0,"nsites":60,"evalue":"1.0e+000","url":"http://hocomoco.autosome.ru/motif/IKZF1_HUMAN.H11MO.0.C","pwm":[[0.0427807,0.286028,0.237721,0.433471],[0.0580354,0.0885638,0.000425458,0.852975],[0.0563404,0.000425458,0.942828,0.000406489],[0.0190511,0.0309349,0.949607,0.000406489],[0.000406489,0.0173751,0.981812,0.000406489],[0.849585,0.000425458,0.149583,0.000406489],[0.320755,0.0309349,0.532645,0.115664],[0.415674,0.0394097,0.368233,0.176683]]},{"db":2,"id":"IRF1_HUMAN.H11MO.0.A","len":20,"ltrim":1,"rtrim":1,"nsites":499,"evalue":"1.0e+000","url":"http://hocomoco.autosome.ru/motif/IRF1_HUMAN.H11MO.0.A","pwm":[[0.338658,0.176369,0.356693,0.12828],[0.605138,0.098228,0.192397,0.104236],[0.657232,0.0962243,0.128282,0.118262],[0.735373,0.0741847,0.0781919,0.112251],[0.310608,0.228462,0.266531,0.194399],[0.298586,0.1383,0.152325,0.410788],[0.166348,0.00806566,0.82153,0.00405616],[0.93373,0.0100693,0.0461342,0.010067],[0.987827,0.00205484,5.12322e-05,0.010067],[0.98382,0.00205484,0.00606205,0.00806337],[0.136294,0.364708,0.468895,0.030103],[0.20041,0.100232,0.0220909,0.677268],[0.10624,0.00405845,0.887649,0.00205255],[0.937737,0.0160801,0.042127,0.00405616],[0.96178,5.12322e-05,0.0281017,0.010067],[0.985823,0.00405845,0.00405845,0.00605977],[0.0441283,0.3607,0.547036,0.0481355],[0.196402,0.242488,0.0761883,0.484922],[0.468893,0.124275,0.308607,0.0982257],[0.436835,0.16034,0.268535,0.134291]]},{"db":2,"id":"IRF3_HUMAN.H11MO.0.B","len":20,"ltrim":0,"rtrim":0,"nsites":500,"evalue":"1.0e+000","url":"http://hocomoco.autosome.ru/motif/IRF3_HUMAN.H11MO.0.B","pwm":[[0.299989,0.0780355,0.513948,0.108027],[0.603928,0.0440423,0.299991,0.0520385],[0.677913,0.0660379,0.214008,0.0420405],[0.719905,0.0740363,0.110029,0.0960297],[0.305988,0.10803,0.45596,0.130023],[0.224004,0.0540403,0.55794,0.164016],[0.202008,0.0540403,0.731905,0.0120465],[0.819885,0.0180475,0.148022,0.0140461],[0.815886,0.0360439,0.126026,0.0220445],[0.899869,0.0160479,0.0300451,0.0540381],[0.224004,0.261999,0.445962,0.0680353],[0.29199,0.0880335,0.401971,0.218005],[0.200009,0.00604993,0.783894,0.0100469],[0.673914,0.0240463,0.289993,0.0120465],[0.879873,0.0360439,0.0720367,0.0120465],[0.94186,0.00405033,0.0400431,0.0140461],[0.0960297,0.313988,0.547942,0.0420405],[0.265996,0.142023,0.273996,0.317985],[0.228003,0.122027,0.585934,0.0640361],[0.681912,0.0700371,0.178016,0.0700349]]},{"db":2,"id":"ITF2_HUMAN.H11MO.0.C","len":10,"ltrim":1,"rtrim":0,"nsites":497,"evalue":"1.0e+000","url":"http://hocomoco.autosome.ru/motif/ITF2_HUMAN.H11MO.0.C","pwm":[[0.307834,0.0422965,0.382268,0.267601],[0.126784,0.146903,0.684018,0.0422942],[0.0282125,0.895244,0.0523548,0.0241892],[0.937486,0.00809811,0.0262031,0.0282125],[0.0302242,0.104658,0.824835,0.0402825],[0.0945975,0.58947,0.29979,0.0161425],[0.0905742,0.00608644,0.00809811,0.895241],[0.00407248,0.0141331,0.95157,0.0302242],[0.0845392,0.10667,0.460723,0.348068],[0.0925859,0.273638,0.52912,0.104656]]},{"db":2,"id":"JUNB_HUMAN.H11MO.0.A","len":11,"ltrim":2,"rtrim":2,"nsites":500,"evalue":"1.0e+000","url":"http://hocomoco.autosome.ru/motif/JUNB_HUMAN.H11MO.0.A","pwm":[[0.273994,0.0980315,0.30399,0.323984],[0.263996,0.347982,0.273996,0.114026],[0.0320425,0.00804953,0.0120487,0.947859],[0.00404805,0.0340443,0.889873,0.0720345],[0.933862,0.00205073,5.11298e-05,0.0640361],[4.88502e-05,5.11298e-05,0.95386,0.0460397],[0.0120465,0.0120487,5.11298e-05,0.975854],[0.0500389,0.925866,0.0140483,0.0100469],[0.977853,0.00804953,0.00405033,0.0100469],[0.0740341,0.365978,0.261999,0.297989],[0.317985,0.349981,0.130025,0.202008]]},{"db":2,"id":"KLF15_HUMAN.H11MO.0.A","len":19,"ltrim":0,"rtrim":0,"nsites":479,"evalue":"1.0e+000","url":"http://hocomoco.autosome.ru/motif/KLF15_HUMAN.H11MO.0.A","pwm":[[0.311051,0.0355366,0.542738,0.110675],[0.25887,0.0125769,0.695107,0.0334469],[5.09914e-05,0.00214062,0.997757,5.09914e-05],[0.016749,0.00631511,0.974798,0.00213824],[0.536473,0.354885,5.33709e-05,0.108588],[0.0689301,0.00631511,0.918442,0.00631273],[0.0125745,0.0146641,0.885046,0.0877154],[0.492641,0.0313621,0.423764,0.0522322],[0.116937,0.00631511,0.868348,0.00839998],[0.313138,0.344449,0.29853,0.0438832],[0.344447,0.160771,0.286006,0.208776],[0.233823,0.0438856,0.582395,0.139897],[0.150333,0.0209258,0.797382,0.0313597],[0.185816,0.0313621,0.770247,0.0125745],[0.256782,0.133637,0.576134,0.0334469],[0.177467,0.104416,0.665885,0.0522322],[0.277655,0.129463,0.446724,0.146158],[0.0877154,0.0939795,0.743113,0.0751919],[0.183729,0.0167513,0.73059,0.0689301]]},{"db":2,"id":"MAZ_HUMAN.H11MO.0.A","len":22,"ltrim":1,"rtrim":0,"nsites":500,"evalue":"1.0e+000","url":"http://hocomoco.autosome.ru/motif/MAZ_HUMAN.H11MO.0.A","pwm":[[0.216006,0.144022,0.50395,0.136022],[0.283992,0.0240463,0.651921,0.0400409],[0.301988,0.0120487,0.673916,0.0120465],[0.0820325,0.0180475,0.865878,0.0340421],[0.0520385,0.112029,0.825886,0.0100469],[0.647919,0.0880335,0.0260459,0.238001],[0.0540381,0.0100491,0.90587,0.0300429],[0.114026,0.0200471,0.851881,0.0140461],[0.265996,0.0340443,0.665918,0.0340421],[0.271994,0.00804953,0.679915,0.0400409],[0.114026,0.202011,0.65592,0.0280433],[0.317985,0.134024,0.331985,0.216006],[0.174014,0.0400431,0.697912,0.0880313],[0.333982,0.0540403,0.55394,0.0580373],[0.190011,0.120027,0.647922,0.0420405],[0.365976,0.0780355,0.511949,0.0440401],[0.299989,0.0720367,0.569937,0.0580373],[0.329983,0.134024,0.45596,0.0800329],[0.259997,0.0620387,0.55594,0.122024],[0.273994,0.20401,0.445962,0.0760337],[0.355978,0.10603,0.429965,0.108027],[0.273994,0.0980315,0.561939,0.0660357]]},{"db":2,"id":"MEF2A_HUMAN.H11MO.0.A","len":13,"ltrim":1,"rtrim":1,"nsites":500,"evalue":"1.0e+000","url":"http://hocomoco.autosome.ru/motif/MEF2A_HUMAN.H11MO.0.A","pwm":[[0.273994,0.0780355,0.244002,0.403968],[0.128023,0.0800351,0.387974,0.403968],[0.0280433,0.723906,0.0500411,0.198009],[0.00204845,0.0560399,5.11298e-05,0.94186],[0.927863,0.00604993,0.00804953,0.0580373],[0.0640361,0.00205073,0.00804953,0.925864],[0.102028,0.00205073,0.00405033,0.89187],[0.0140461,0.0480415,0.0100491,0.927863],[0.134022,0.0820347,0.0120487,0.771894],[0.140021,0.0360439,0.116028,0.707907],[0.549939,0.00205073,0.435964,0.0120465],[0.160017,0.0380435,0.65792,0.14402],[0.359977,0.383974,0.10403,0.152018]]},{"db":2,"id":"MEF2B_HUMAN.H11MO.0.A","len":14,"ltrim":2,"rtrim":0,"nsites":500,"evalue":"1.0e+000","url":"http://hocomoco.autosome.ru/motif/MEF2B_HUMAN.H11MO.0.A","pwm":[[0.253998,0.118028,0.413968,0.214006],[0.19401,0.110029,0.252001,0.44396],[0.204008,0.0360439,0.271997,0.487951],[0.168015,0.10403,0.373976,0.353978],[0.0480393,0.771897,0.0400431,0.140021],[0.00204845,0.0880335,0.00205073,0.907867],[0.861876,0.0260459,0.0320447,0.0800329],[0.106028,0.0200471,0.00604993,0.867875],[0.0760337,0.00604993,0.00405033,0.913866],[0.0360417,0.0480415,0.0140483,0.901868],[0.134022,0.118028,0.0480415,0.699909],[0.170015,0.0560399,0.140023,0.633922],[0.471954,5.11298e-05,0.487954,0.0400409],[0.122024,0.0520407,0.695912,0.130023]]},{"db":2,"id":"MEF2C_HUMAN.H11MO.0.A","len":13,"ltrim":1,"rtrim":1,"nsites":500,"evalue":"1.0e+000","url":"http://hocomoco.autosome.ru/motif/MEF2C_HUMAN.H11MO.0.A","pwm":[[0.297989,0.0740363,0.283994,0.34398],[0.104028,0.0920327,0.419967,0.383972],[0.0300429,0.691913,0.0460419,0.232002],[0.00204845,0.0620387,5.11298e-05,0.935862],[0.947859,0.0160479,0.00604993,0.0300429],[0.0600369,0.00604993,0.00205073,0.931862],[0.0800329,0.0120487,0.00604993,0.901868],[0.0240441,0.0380435,0.0100491,0.927863],[0.148019,0.0900331,0.0220467,0.739901],[0.138021,0.0420427,0.122027,0.697909],[0.565936,0.00405033,0.421967,0.00804725],[0.154018,0.0720367,0.633924,0.140021],[0.359977,0.363978,0.102031,0.174014]]},{"db":2,"id":"NANOG_HUMAN.H11MO.0.A","len":17,"ltrim":1,"rtrim":1,"nsites":499,"evalue":"1.0e+000","url":"http://hocomoco.autosome.ru/motif/NANOG_HUMAN.H11MO.0.A","pwm":[[0.12828,0.258516,0.280556,0.332648],[0.0441283,0.486928,0.178372,0.290572],[0.0882076,0.510971,0.0701775,0.330644],[0.306601,0.0441306,0.0601594,0.589109],[0.0120706,0.0601594,0.042127,0.885643],[0.0681716,0.00806566,0.0381198,0.885643],[0.110247,0.248498,0.589112,0.0521427],[0.376727,0.042127,0.0361161,0.54503],[0.230464,0.26052,0.192397,0.316619],[0.807502,0.0341125,0.0401234,0.118262],[0.0681716,0.0140765,0.0301053,0.887647],[0.0260958,0.0180837,0.811512,0.144309],[0.0280994,0.635194,0.11626,0.220446],[0.681275,0.0321089,0.0160801,0.270536],[0.663243,0.0501414,0.240484,0.0461319],[0.805499,0.0481378,0.0681739,0.0781896],[0.140301,0.150322,0.200412,0.508965]]},{"db":2,"id":"NFYA_HUMAN.H11MO.0.A","len":14,"ltrim":1,"rtrim":0,"nsites":500,"evalue":"1.0e+000","url":"http://hocomoco.autosome.ru/motif/NFYA_HUMAN.H11MO.0.A","pwm":[[0.122024,0.323986,0.210009,0.34398],[0.0900309,0.409969,0.122027,0.377973],[0.503948,0.100031,0.351981,0.0440401],[0.375974,0.0140483,0.489953,0.120025],[0.00604765,0.989853,5.11298e-05,0.00404805],[0.00404805,0.985854,0.00205073,0.00804725],[0.999849,5.11298e-05,5.11298e-05,4.88502e-05],[0.967855,0.0120487,0.0180475,0.00204845],[0.00404805,0.0200471,0.00405033,0.971854],[0.14402,0.55394,0.258,0.0440401],[0.673914,0.0520407,0.261999,0.0120465],[0.234002,0.178016,0.521947,0.0660357],[0.579933,0.212009,0.140023,0.0680353],[0.459957,0.0300451,0.395972,0.114026]]},{"db":2,"id":"NFYB_HUMAN.H11MO.0.A","len":13,"ltrim":1,"rtrim":1,"nsites":1148,"evalue":"1.0e+000","url":"http://hocomoco.autosome.ru/motif/NFYB_HUMAN.H11MO.0.A","pwm":[[0.125909,0.462369,0.160607,0.251115],[0.574778,0.0397385,0.358957,0.0265266],[0.296024,0.0467864,0.569414,0.087776],[0.000717652,0.993277,0.0048125,0.00119251],[0.0012023,0.991518,0.00596333,0.00131673],[0.993037,0.00639854,2.22716e-05,0.000542641],[0.98865,0.00818523,0.00306722,9.77695e-05],[0.00387403,0.00462825,0.00591451,0.985583],[0.051939,0.571879,0.334876,0.0413053],[0.64617,0.0457623,0.296371,0.0116964],[0.121653,0.169222,0.658034,0.0510902],[0.447774,0.294587,0.202673,0.0549661],[0.311886,0.106436,0.44413,0.137547]]},{"db":2,"id":"NFYC_HUMAN.H11MO.0.A","len":14,"ltrim":2,"rtrim":2,"nsites":426,"evalue":"1.0e+000","url":"http://hocomoco.autosome.ru/motif/NFYC_HUMAN.H11MO.0.A","pwm":[[0.140869,0.338009,0.197197,0.323925],[0.0845445,0.361478,0.190156,0.363822],[0.476471,0.100975,0.333315,0.0892383],[0.316884,0.0681192,0.483515,0.131482],[0.00475107,0.941154,0.0282224,0.0258729],[0.0188323,0.971663,0.00710061,0.0024042],[0.92707,0.0258755,0.00944748,0.0376072],[0.905948,0.0399567,0.0469973,0.00709793],[0.0282197,0.0540379,0.0188349,0.898907],[0.126788,0.530452,0.258215,0.0845445],[0.61259,0.0868941,0.274643,0.0258729],[0.173725,0.154953,0.565655,0.105666],[0.448309,0.260562,0.187809,0.103319],[0.356781,0.0845472,0.396681,0.161991]]},{"db":2,"id":"NKX21_HUMAN.H11MO.0.A","len":10,"ltrim":1,"rtrim":1,"nsites":500,"evalue":"1.0e+000","url":"http://hocomoco.autosome.ru/motif/NKX21_HUMAN.H11MO.0.A","pwm":[[0.0660357,0.421967,0.226006,0.285992],[0.132022,0.0920327,0.0240463,0.751898],[0.0760337,0.0220467,0.333984,0.567935],[0.0340421,0.00604993,0.95786,0.00204845],[0.99585,0.00205073,5.11298e-05,0.00204845],[0.0100469,0.00804953,0.981855,4.88502e-05],[0.281