<!DOCTYPE HTML>
<html>
  <head>
    <meta charset="UTF-8">
    <title>TOMTOM</title>
    <script>
      // @JSON_VAR data
      var data = {
        "program": "Tomtom",
        "version": "4.11.3",
        "release": "Sat Mar 11 20:16:08 2017 -0800",
        "cmd": [
          "tomtom", "-verbosity", "1", "-oc",
          "/broad/sankaranlab/fyu/HemeMap/02262021-downMast_re-analysis/motif_denovo/all_mast0035_interactions_10x_hocomoco_meme-chip/dreme_tomtom_out",
          "-min-overlap", "5", "-dist", "pearson", "-evalue", "-thresh", "1",
          "-no-ssc", "-bfile",
          "/broad/sankaranlab/fyu/HemeMap/02262021-downMast_re-analysis/motif_denovo/all_mast0035_interactions_10x_hocomoco_meme-chip/background",
          "/broad/sankaranlab/fyu/HemeMap/02262021-downMast_re-analysis/motif_denovo/all_mast0035_interactions_10x_hocomoco_meme-chip/dreme_out/dreme.xml",
          "/broad/sankaranlab/fyu/motif_data/HOCOMOCOv11_core_HUMAN_mono_meme_format.meme"
        ],
        "options": {
          "strands": "both",
          "distance_measure": "pearson",
          "threshold_type": "evalue",
          "threshold_value": 1,
          "background_source": "file",
          "background_file": "/broad/sankaranlab/fyu/HemeMap/02262021-downMast_re-analysis/motif_denovo/all_mast0035_interactions_10x_hocomoco_meme-chip/background"
        },
        "alphabet": {
          "name": "DNA",
          "like": "dna",
          "ncore": 4,
          "symbols": [
            {
              "symbol": "A",
              "name": "Adenine",
              "colour": "CC0000",
              "complement": "T"
            }, {
              "symbol": "C",
              "name": "Cytosine",
              "colour": "0000CC",
              "complement": "G"
            }, {
              "symbol": "G",
              "name": "Guanine",
              "colour": "FFB300",
              "complement": "C"
            }, {
              "symbol": "T",
              "aliases": "U",
              "name": "Thymine",
              "colour": "008000",
              "complement": "A"
            }, {
              "symbol": "N",
              "aliases": "X.",
              "name": "Any base",
              "equals": "ACGT"
            }, {
              "symbol": "V",
              "name": "Not T",
              "equals": "ACG"
            }, {
              "symbol": "H",
              "name": "Not G",
              "equals": "ACT"
            }, {
              "symbol": "D",
              "name": "Not C",
              "equals": "AGT"
            }, {
              "symbol": "B",
              "name": "Not A",
              "equals": "CGT"
            }, {
              "symbol": "M",
              "name": "Amino",
              "equals": "AC"
            }, {
              "symbol": "R",
              "name": "Purine",
              "equals": "AG"
            }, {
              "symbol": "W",
              "name": "Weak",
              "equals": "AT"
            }, {
              "symbol": "S",
              "name": "Strong",
              "equals": "CG"
            }, {
              "symbol": "Y",
              "name": "Pyrimidine",
              "equals": "CT"
            }, {
              "symbol": "K",
              "name": "Keto",
              "equals": "GT"
            }
          ]
        },
        "background": [0.2443, 0.2557, 0.2557, 0.2443],
        "query_dbs": [
          {
            "source": "/broad/sankaranlab/fyu/HemeMap/02262021-downMast_re-analysis/motif_denovo/all_mast0035_interactions_10x_hocomoco_meme-chip/dreme_out/dreme.xml",
            "name": "dreme",
            "loaded": 10,
            "excluded": 0,
            "last_modified": "Sun Feb 28 15:41:49 2021"
          }
        ],
        "target_dbs": [
          {
            "source": "/broad/sankaranlab/fyu/motif_data/HOCOMOCOv11_core_HUMAN_mono_meme_format.meme",
            "name": "HOCOMOCOv11 core HUMAN mono meme format",
            "loaded": 401,
            "excluded": 0,
            "last_modified": "Sat Jun 23 07:43:00 2018"
          }
        ],
        "queries": [
          {
            "db": 0,
            "id": "ACGTSW",
            "alt": "DREME",
            "len": 6,
            "nsites": 905,
            "evalue": "2.3e-020",
            "pwm": [
              [0.999917, 2.8251e-05, 2.8251e-05, 2.69915e-05], 
              [2.69915e-05, 0.999918, 2.8251e-05, 2.69915e-05], 
              [2.69915e-05, 2.8251e-05, 0.999918, 2.69915e-05], 
              [2.69915e-05, 2.8251e-05, 2.8251e-05, 0.999917], 
              [2.69915e-05, 0.531462, 0.468484, 2.69915e-05], 
              [0.603275, 2.8251e-05, 2.8251e-05, 0.396668]
            ]
          }, {
            "db": 0,
            "id": "AGAWAA",
            "alt": "DREME",
            "len": 6,
            "nsites": 2304,
            "evalue": "8.4e-025",
            "pwm": [
              [0.999967, 1.10976e-05, 1.10976e-05, 1.06028e-05], 
              [1.06028e-05, 1.10976e-05, 0.999968, 1.06028e-05], 
              [0.999967, 1.10976e-05, 1.10976e-05, 1.06028e-05], 
              [0.641042, 1.10976e-05, 1.10976e-05, 0.358936], 
              [0.999967, 1.10976e-05, 1.10976e-05, 1.06028e-05], 
              [0.999967, 1.10976e-05, 1.10976e-05, 1.06028e-05]
            ]
          }, {
            "db": 0,
            "id": "AGGAARY",
            "alt": "DREME",
            "len": 7,
            "nsites": 3246,
            "evalue": "8.0e-288",
            "pwm": [
              [0.999977, 7.87714e-06, 7.87714e-06, 7.52595e-06], 
              [7.52595e-06, 7.87714e-06, 0.999977, 7.52595e-06], 
              [7.52595e-06, 7.87714e-06, 0.999977, 7.52595e-06], 
              [0.999977, 7.87714e-06, 7.87714e-06, 7.52595e-06], 
              [0.999977, 7.87714e-06, 7.87714e-06, 7.52595e-06], 
              [0.4239, 7.87714e-06, 0.576084, 7.52595e-06], 
              [7.52595e-06, 0.490751, 7.87714e-06, 0.509234]
            ]
          }, {
            "db": 0,
            "id": "AGRKGGCG",
            "alt": "DREME",
            "len": 8,
            "nsites": 424,
            "evalue": "1.2e-023",
            "pwm": [
              [0.999822, 6.02924e-05, 6.02924e-05, 5.76043e-05], 
              [5.76043e-05, 6.02924e-05, 0.999824, 5.76043e-05], 
              [0.448065, 6.02924e-05, 0.551817, 5.76043e-05], 
              [5.76043e-05, 6.02924e-05, 0.598976, 0.400906], 
              [5.76043e-05, 6.02924e-05, 0.999824, 5.76043e-05], 
              [5.76043e-05, 6.02924e-05, 0.999824, 5.76043e-05], 
              [5.76043e-05, 0.999824, 6.02924e-05, 5.76043e-05], 
              [5.76043e-05, 6.02924e-05, 0.999824, 5.76043e-05]
            ]
          }, {
            "db": 0,
            "id": "BTTCCB",
            "alt": "DREME",
            "len": 6,
            "nsites": 8580,
            "evalue": "7.5e-090",
            "pwm": [
              [2.84729e-06, 0.457224, 0.241958, 0.300815], 
              [2.84729e-06, 2.98015e-06, 2.98015e-06, 0.999991], 
              [2.84729e-06, 2.98015e-06, 2.98015e-06, 0.999991], 
              [2.84729e-06, 0.999991, 2.98015e-06, 2.84729e-06], 
              [2.84729e-06, 0.999991, 2.98015e-06, 2.84729e-06], 
              [2.84729e-06, 0.456408, 0.175525, 0.368064]
            ]
          }, {
            "db": 0,
            "id": "CHCCRCCC",
            "alt": "DREME",
            "len": 8,
            "nsites": 1561,
            "evalue": "4.5e-055",
            "pwm": [
              [1.56492e-05, 0.999952, 1.63795e-05, 1.56492e-05], 
              [0.157597, 0.596391, 1.63795e-05, 0.245996], 
              [1.56492e-05, 0.999952, 1.63795e-05, 1.56492e-05], 
              [1.56492e-05, 0.999952, 1.63795e-05, 1.56492e-05], 
              [0.361939, 1.63795e-05, 0.638029, 1.56492e-05], 
              [1.56492e-05, 0.999952, 1.63795e-05, 1.56492e-05], 
              [1.56492e-05, 0.999952, 1.63795e-05, 1.56492e-05], 
              [1.56492e-05, 0.999952, 1.63795e-05, 1.56492e-05]
            ]
          }, {
            "db": 0,
            "id": "CHGCCTS",
            "alt": "DREME",
            "len": 7,
            "nsites": 3158,
            "evalue": "4.0e-030",
            "pwm": [
              [7.73566e-06, 0.999976, 8.09664e-06, 7.73566e-06], 
              [0.396132, 0.246992, 8.09664e-06, 0.356867], 
              [7.73566e-06, 8.09664e-06, 0.999976, 7.73566e-06], 
              [7.73566e-06, 0.999976, 8.09664e-06, 7.73566e-06], 
              [7.73566e-06, 0.999976, 8.09664e-06, 7.73566e-06], 
              [7.73566e-06, 8.09664e-06, 8.09664e-06, 0.999976], 
              [7.73566e-06, 0.509492, 0.490493, 7.73566e-06]
            ]
          }, {
            "db": 0,
            "id": "DAAATA",
            "alt": "DREME",
            "len": 6,
            "nsites": 2232,
            "evalue": "7.4e-047",
            "pwm": [
              [0.46818, 1.14556e-05, 0.243281, 0.288528], 
              [0.999966, 1.14556e-05, 1.14556e-05, 1.09449e-05], 
              [0.999966, 1.14556e-05, 1.14556e-05, 1.09449e-05], 
              [0.999966, 1.14556e-05, 1.14556e-05, 1.09449e-05], 
              [1.09449e-05, 1.14556e-05, 1.14556e-05, 0.999966], 
              [0.999966, 1.14556e-05, 1.14556e-05, 1.09449e-05]
            ]
          }, {
            "db": 0,
            "id": "RVCCACA",
            "alt": "DREME",
            "len": 7,
            "nsites": 2479,
            "evalue": "1.3e-075",
            "pwm": [
              [0.562714, 1.03142e-05, 0.437266, 9.85438e-06], 
              [0.397332, 0.263413, 0.339247, 9.85438e-06], 
              [9.85438e-06, 0.99997, 1.03142e-05, 9.85438e-06], 
              [9.85438e-06, 0.99997, 1.03142e-05, 9.85438e-06], 
              [0.99997, 1.03142e-05, 1.03142e-05, 9.85438e-06], 
              [9.85438e-06, 0.99997, 1.03142e-05, 9.85438e-06], 
              [0.99997, 1.03142e-05, 1.03142e-05, 9.85438e-06]
            ]
          }, {
            "db": 0,
            "id": "TGAGTCAB",
            "alt": "DREME",
            "len": 8,
            "nsites": 552,
            "evalue": "1.8e-048",
            "pwm": [
              [4.42492e-05, 4.63141e-05, 4.63141e-05, 0.999863], 
              [4.42492e-05, 4.63141e-05, 0.999865, 4.42492e-05], 
              [0.999863, 4.63141e-05, 4.63141e-05, 4.42492e-05], 
              [4.42492e-05, 4.63141e-05, 0.999865, 4.42492e-05], 
              [4.42492e-05, 4.63141e-05, 4.63141e-05, 0.999863], 
              [4.42492e-05, 0.999865, 4.63141e-05, 4.42492e-05], 
              [0.999863, 4.63141e-05, 4.63141e-05, 4.42492e-05], 
              [4.42492e-05, 0.371356, 0.309773, 0.318827]
            ]
          }
        ],
        "targets": [
          {
            "db": 0,
            "id": "ATF1_HUMAN.H11MO.0.B",
            "len": 11,
            "nsites": 500,
            "evalue": "1.0e+000",
            "url": "http://hocomoco.autosome.ru/motif/ATF1_HUMAN.H11MO.0.B",
            "pwm": [
              [0.287991, 0.359979, 0.15802, 0.19401], 
              [0.357977, 0.114028, 0.361979, 0.166016], 
              [0.351978, 0.10603, 0.509949, 0.0320425], 
              [0.0180453, 0.00604993, 0.0320447, 0.94386], 
              [0.0200449, 0.0100491, 0.951861, 0.0180453], 
              [0.94586, 0.0100491, 0.0160479, 0.0280433], 
              [0.0320425, 0.829885, 0.0540403, 0.0840321], 
              [0.0240441, 0.0160479, 0.875876, 0.0840321], 
              [0.0780333, 0.317988, 0.0160479, 0.587931], 
              [0.287991, 0.465958, 0.144022, 0.102028], 
              [0.535942, 0.114028, 0.186014, 0.164016]
            ]
          }, {
            "db": 0,
            "id": "ATF3_HUMAN.H11MO.0.A",
            "len": 11,
            "nsites": 500,
            "evalue": "1.0e+000",
            "url": "http://hocomoco.autosome.ru/motif/ATF3_HUMAN.H11MO.0.A",
            "pwm": [
              [0.222004, 0.0900331, 0.579935, 0.108027], 
              [0.255998, 0.0280455, 0.709909, 0.00604765], 
              [0.0180453, 0.0420427, 0.00804953, 0.931862], 
              [0.0100469, 0.477956, 0.50795, 0.00404805], 
              [0.939861, 0.0240463, 0.00405033, 0.0320425], 
              [0.00204845, 0.813888, 0.0420427, 0.14202], 
              [0.0380413, 0.0180475, 0.925866, 0.0180453], 
              [0.0280433, 0.224006, 0.00804953, 0.739901], 
              [0.265996, 0.164018, 0.535944, 0.0340421], 
              [0.575934, 0.10403, 0.252001, 0.0680353], 
              [0.0940301, 0.295992, 0.275996, 0.333982]
            ]
          }, {
            "db": 0,
            "id": "ATF6A_HUMAN.H11MO.0.B",
            "len": 12,
            "nsites": 20,
            "evalue": "1.0e+000",
            "url": "http://hocomoco.autosome.ru/motif/ATF6A_HUMAN.H11MO.0.B",
            "pwm": [
              [0.184912, 0.184969, 0.582979, 0.0471396], 
              [0.00121542, 0.215585, 0.322742, 0.460458], 
              [0.00121542, 0.261509, 0.598287, 0.138988], 
              [0.0930639, 0.399282, 0.460514, 0.0471396], 
              [0.00121542, 0.0318883, 0.00127214, 0.965624], 
              [0.00121542, 0.0471964, 0.950373, 0.00121542], 
              [0.9197, 0.0471964, 0.00127214, 0.0318316], 
              [0.00121542, 0.996297, 0.00127214, 0.00121542], 
              [0.00121542, 0.00127214, 0.996297, 0.00121542], 
              [0.00121542, 0.00127214, 0.00127214, 0.99624], 
              [0.00121542, 0.0931206, 0.904449, 0.00121542], 
              [0.0930639, 0.00127214, 0.904449, 0.00121542]
            ]
          }, {
            "db": 0,
            "id": "BACH1_HUMAN.H11MO.0.A",
            "len": 13,
            "nsites": 500,
            "evalue": "1.0e+000",
            "url": "http://hocomoco.autosome.ru/motif/BACH1_HUMAN.H11MO.0.A",
            "pwm": [
              [0.0628503, 0.168183, 0.0975458, 0.671421], 
              [0.00920552, 0.0664261, 0.922337, 0.00203091], 
              [0.0209133, 0.967527, 0.00397558, 0.00758441], 
              [0.0362171, 0.0795843, 0.0801402, 0.804058], 
              [0.0038971, 0.0613576, 0.890889, 0.0438567], 
              [0.802819, 0.0206201, 0.124524, 0.0520367], 
              [0.0133104, 0.214867, 0.763224, 0.00859922], 
              [0.00624843, 0.0361805, 0.145879, 0.811692], 
              [0.01624, 0.943693, 0.0343178, 0.00574879], 
              [0.78628, 0.0958387, 0.0824544, 0.0354265], 
              [0.00982617, 0.334263, 0.256607, 0.399304], 
              [0.151627, 0.265557, 0.394693, 0.188123], 
              [0.105264, 0.378565, 0.372602, 0.143569]
            ]
          }, {
            "db": 0,
            "id": "BACH2_HUMAN.H11MO.0.A",
            "len": 11,
            "nsites": 500,
            "evalue": "1.0e+000",
            "url": "http://hocomoco.autosome.ru/motif/BACH2_HUMAN.H11MO.0.A",
            "pwm": [
              [0.122024, 0.0960319, 0.0680375, 0.713906], 
              [0.0140461, 0.0780355, 0.893872, 0.0140461], 
              [0.0440401, 0.923866, 0.0120487, 0.0200449], 
              [0.0780333, 0.0380435, 0.00804953, 0.875874], 
              [0.0580373, 0.0600391, 0.793892, 0.0880313], 
              [0.757897, 0.0380435, 0.0560399, 0.148019], 
              [0.0440401, 0.224006, 0.669917, 0.0620365], 
              [0.0100469, 0.0160479, 0.00804953, 0.965856], 
              [0.0600369, 0.919867, 0.0160479, 0.00404805], 
              [0.963856, 0.0120487, 0.00804953, 0.0160457], 
              [0.0560377, 0.319987, 0.212009, 0.411966]
            ]
          }, {
            "db": 0,
            "id": "BATF_HUMAN.H11MO.0.A",
            "len": 18,
            "nsites": 500,
            "evalue": "1.0e+000",
            "url": "http://hocomoco.autosome.ru/motif/BATF_HUMAN.H11MO.0.A",
            "pwm": [
              [0.451958, 0.0780355, 0.263998, 0.206008], 
              [0.0480393, 0.399971, 0.345982, 0.206008], 
              [0.0120465, 0.0180475, 0.0440423, 0.925864], 
              [0.134022, 0.327986, 0.0240463, 0.513946], 
              [0.0860317, 0.238004, 0.0520407, 0.623924], 
              [0.14202, 0.545942, 0.0460419, 0.265996], 
              [0.379973, 0.0860339, 0.395972, 0.138021], 
              [0.369975, 0.114028, 0.230005, 0.285992], 
              [0.337981, 0.0180475, 0.0840343, 0.559937], 
              [0.577933, 0.15802, 0.0220467, 0.242], 
              [0.00204845, 0.00205073, 5.11298e-05, 0.99585], 
              [0.00404805, 0.0560399, 0.849881, 0.0900309], 
              [0.977853, 0.00804953, 0.0120487, 0.00204845], 
              [0.104028, 0.55794, 0.315988, 0.0220445], 
              [0.0720345, 0.0300451, 0.0200471, 0.877873], 
              [0.212006, 0.50795, 0.212009, 0.0680353], 
              [0.611926, 0.0840343, 0.110029, 0.19401], 
              [0.14202, 0.186014, 0.30599, 0.365976]
            ]
          }, {
            "db": 0,
            "id": "BC11A_HUMAN.H11MO.0.A",
            "len": 17,
            "nsites": 500,
            "evalue": "1.0e+000",
            "url": "http://hocomoco.autosome.ru/motif/BC11A_HUMAN.H11MO.0.A",
            "pwm": [
              [0.375729, 0.184626, 0.286196, 0.153449], 
              [0.550579, 0.0994716, 0.224095, 0.125854], 
              [0.500163, 0.142364, 0.230715, 0.126758], 
              [0.589981, 0.0166175, 0.226052, 0.16735], 
              [0.187434, 0.160797, 0.580418, 0.0713509], 
              [0.66451, 0.0145828, 0.269378, 0.0515299], 
              [0.104036, 0.0144896, 0.828552, 0.0529227], 
              [0.200416, 0.0327728, 0.758548, 0.00826379], 
              [0.880097, 0.0431264, 0.0485986, 0.0281784], 
              [0.867863, 0.00584078, 0.0555453, 0.0707512], 
              [0.248398, 0.226048, 0.502142, 0.0234128], 
              [0.150157, 0.154993, 0.0315597, 0.66329], 
              [0.117831, 0.0724935, 0.76019, 0.0494854], 
              [0.658748, 0.0644142, 0.250664, 0.0261737], 
              [0.458784, 0.143454, 0.310167, 0.0875949], 
              [0.622701, 0.0788461, 0.157295, 0.141158], 
              [0.358984, 0.204701, 0.318077, 0.118237]
            ]
          }, {
            "db": 0,
            "id": "BHE40_HUMAN.H11MO.0.A",
            "len": 10,
            "nsites": 500,
            "evalue": "1.0e+000",
            "url": "http://hocomoco.autosome.ru/motif/BHE40_HUMAN.H11MO.0.A",
            "pwm": [
              [0.34598, 0.0840343, 0.369977, 0.200009], 
              [0.170015, 0.0140483, 0.627926, 0.188011], 
              [0.0980293, 0.897872, 0.00205073, 0.00204845], 
              [0.94386, 0.0120487, 0.0160479, 0.0280433], 
              [0.00804725, 0.929865, 0.0160479, 0.0460397], 
              [0.0520385, 0.0420427, 0.899871, 0.00604765], 
              [0.0460397, 0.0140483, 0.0460419, 0.89387], 
              [0.00204845, 5.11298e-05, 0.997852, 4.88502e-05], 
              [0.583932, 0.234004, 0.116028, 0.0660357], 
              [0.0920305, 0.45796, 0.379975, 0.0700349]
            ]
          }, {
            "db": 0,
            "id": "BMAL1_HUMAN.H11MO.0.A",
            "len": 11,
            "nsites": 410,
            "evalue": "1.0e+000",
            "url": "http://hocomoco.autosome.ru/motif/BMAL1_HUMAN.H11MO.0.A",
            "pwm": [
              [0.160996, 0.160999, 0.370704, 0.307302], 
              [0.173188, 0.521886, 0.292674, 0.0122517], 
              [0.0658972, 0.926666, 0.00250078, 0.00493643], 
              [0.897402, 0.0122545, 0.0342004, 0.0561435], 
              [0.0244439, 0.731591, 0.0342004, 0.209765], 
              [0.00737486, 0.0220082, 0.95105, 0.019567], 
              [0.0146901, 6.23506e-05, 0.0122545, 0.972993], 
              [5.95708e-05, 0.00493921, 0.975434, 0.019567], 
              [0.453607, 0.265851, 0.0268851, 0.253656], 
              [0.0512666, 0.492625, 0.292674, 0.163434], 
              [0.13905, 0.319497, 0.14393, 0.397524]
            ]
          }, {
            "db": 0,
            "id": "CREB1_HUMAN.H11MO.0.A",
            "len": 11,
            "nsites": 500,
            "evalue": "1.0e+000",
            "url": "http://hocomoco.autosome.ru/motif/CREB1_HUMAN.H11MO.0.A",
            "pwm": [
              [0.281992, 0.285994, 0.152021, 0.279993], 
              [0.34598, 0.0960319, 0.425966, 0.132022], 
              [0.509947, 0.0420427, 0.435964, 0.0120465], 
              [0.00404805, 0.0240463, 0.0100491, 0.961856], 
              [0.00804725, 0.00604993, 0.977856, 0.00804725], 
              [0.969855, 5.11298e-05, 0.0220467, 0.00804725], 
              [0.0100469, 0.865878, 0.0280455, 0.0960297], 
              [0.0180453, 0.0120487, 0.895872, 0.0740341], 
              [0.0800329, 0.267998, 0.0120487, 0.639921], 
              [0.313986, 0.50395, 0.0820347, 0.100029], 
              [0.621924, 0.122027, 0.116028, 0.140021]
            ]
          }, {
            "db": 0,
            "id": "CREM_HUMAN.H11MO.0.C",
            "len": 11,
            "nsites": 30,
            "evalue": "1.0e+000",
            "url": "http://hocomoco.autosome.ru/motif/CREM_HUMAN.H11MO.0.C",
            "pwm": [
              [0.0426803, 0.56965, 0.25921, 0.12846], 
              [0.462388, 0.209171, 0.327629, 0.000811628], 
              [0.258151, 0.405239, 0.262273, 0.074337], 
              [0.000811628, 0.000849502, 0.000849502, 0.997489], 
              [0.0334896, 0.000849502, 0.964849, 0.000811628], 
              [0.960727, 0.0376122, 0.000849502, 0.000811628], 
              [0.0334896, 0.899493, 0.0662054, 0.000811628], 
              [0.217303, 0.000849502, 0.781036, 0.000811628], 
              [0.107015, 0.0335275, 0.000849502, 0.858608], 
              [0.0294048, 0.703426, 0.22551, 0.0416591], 
              [0.838184, 0.102968, 0.0335275, 0.0253201]
            ]
          }, {
            "db": 0,
            "id": "CTCFL_HUMAN.H11MO.0.A",
            "len": 17,
            "nsites": 450,
            "evalue": "1.0e+000",
            "url": "http://hocomoco.autosome.ru/motif/CTCFL_HUMAN.H11MO.0.A",
            "pwm": [
              [0.166684, 0.182239, 0.442181, 0.208897], 
              [0.0444888, 0.833205, 0.0733739, 0.0489323], 
              [0.0178281, 0.94207, 0.0267176, 0.0133846], 
              [0.339979, 0.0689304, 0.373307, 0.217784], 
              [0.124471, 0.446624, 0.417742, 0.0111629], 
              [0.142245, 0.511054, 0.0911477, 0.255553], 
              [0.873194, 0.0444914, 0.031161, 0.051154], 
              [0.00894119, 0.0111655, 0.977617, 0.00227601], 
              [0.231114, 5.68096e-05, 0.755445, 0.0133846], 
              [0.0800365, 0.0911477, 0.733227, 0.0955886], 
              [0.00894119, 0.00227854, 0.982061, 0.00671946], 
              [0.0111629, 0.0133872, 0.935405, 0.0400454], 
              [0.0822582, 0.897635, 0.00450027, 0.0156064], 
              [0.211118, 0.00450027, 0.768775, 0.0156064], 
              [0.0289367, 0.706566, 0.206678, 0.0578192], 
              [0.128915, 0.408855, 0.0778173, 0.384413], 
              [0.26444, 0.262221, 0.379972, 0.0933669]
            ]
          }, {
            "db": 0,
            "id": "CTCF_HUMAN.H11MO.0.A",
            "len": 19,
            "nsites": 500,
            "evalue": "1.0e+000",
            "url": "http://hocomoco.autosome.ru/motif/CTCF_HUMAN.H11MO.0.A",
            "pwm": [
              [0.0940301, 0.359979, 0.126026, 0.419965], 
              [0.152018, 0.168018, 0.521947, 0.158017], 
              [0.257997, 0.0840343, 0.55394, 0.104028], 
              [0.0680353, 0.85588, 0.0360439, 0.0400409], 
              [0.00204845, 0.995852, 0.00205073, 4.88502e-05], 
              [0.699909, 0.00604993, 0.242003, 0.0520385], 
              [0.0160457, 0.651921, 0.321987, 0.0100469], 
              [0.0980293, 0.593932, 0.0740363, 0.234002], 
              [0.905868, 0.0180475, 0.0540403, 0.0220445], 
              [0.00204845, 0.00205073, 0.991853, 0.00404805], 
              [0.385972, 5.11298e-05, 0.611929, 0.00204845], 
              [0.0260437, 0.0260459, 0.587934, 0.359977], 
              [0.0120465, 0.00205073, 0.983854, 0.00204845], 
              [0.0500389, 0.0260459, 0.859879, 0.0640361], 
              [0.0680353, 0.875876, 0.0120487, 0.0440401], 
              [0.39597, 0.0140483, 0.583934, 0.00604765], 
              [0.0760337, 0.561939, 0.325986, 0.0360417], 
              [0.0960297, 0.421967, 0.116028, 0.365976], 
              [0.371974, 0.267998, 0.315988, 0.0440401]
            ]
          }, {
            "db": 0,
            "id": "E2F1_HUMAN.H11MO.0.A",
            "len": 14,
            "nsites": 500,
            "evalue": "1.0e+000",
            "url": "http://hocomoco.autosome.ru/motif/E2F1_HUMAN.H11MO.0.A",
            "pwm": [
              [0.327983, 0.160019, 0.377976, 0.134022], 
              [0.236002, 0.200011, 0.451961, 0.112026], 
              [0.271994, 0.210009, 0.289993, 0.228003], 
              [0.190011, 0.102031, 0.465958, 0.242], 
              [0.0820325, 0.200011, 0.70391, 0.0140461], 
              [0.0180453, 0.00604993, 0.965858, 0.0100469], 
              [0.0560377, 0.921867, 0.00405033, 0.0180453], 
              [0.0160457, 0.00804953, 0.95786, 0.0180453], 
              [0.0220445, 0.0820347, 0.889873, 0.00604765], 
              [0.0680353, 0.0340443, 0.889873, 0.00804725], 
              [0.855878, 0.0200471, 0.0900331, 0.0340421], 
              [0.653918, 0.0640383, 0.271997, 0.0100469], 
              [0.399969, 0.140023, 0.365978, 0.0940301], 
              [0.271994, 0.164018, 0.395972, 0.168015]
            ]
          }, {
            "db": 0,
            "id": "E2F3_HUMAN.H11MO.0.A",
            "len": 11,
            "nsites": 500,
            "evalue": "1.0e+000",
            "url": "http://hocomoco.autosome.ru/motif/E2F3_HUMAN.H11MO.0.A",
            "pwm": [
              [0.375974, 0.140023, 0.20801, 0.275994], 
              [0.261996, 0.0460419, 0.409969, 0.281992], 
              [0.126024, 0.124026, 0.675916, 0.0740341], 
              [0.0340421, 0.00604993, 0.95586, 0.00404805], 
              [0.124024, 0.769897, 0.0200471, 0.0860317], 
              [0.152018, 0.00405033, 0.683914, 0.160017], 
              [0.0960297, 0.0200471, 0.867878, 0.0160457], 
              [0.0180453, 0.0100491, 0.95786, 0.0140461], 
              [0.833882, 0.0380435, 0.118028, 0.0100469], 
              [0.711906, 0.0620387, 0.200011, 0.0260437], 
              [0.533942, 0.110029, 0.250001, 0.106028]
            ]
          }, {
            "db": 0,
            "id": "E2F4_HUMAN.H11MO.0.A",
            "len": 13,
            "nsites": 500,
            "evalue": "1.0e+000",
            "url": "http://hocomoco.autosome.ru/motif/E2F4_HUMAN.H11MO.0.A",
            "pwm": [
              [0.14602, 0.258, 0.50595, 0.0900309], 
              [0.277993, 0.0960319, 0.461959, 0.164016], 
              [0.244, 0.100031, 0.525946, 0.130023], 
              [0.100029, 0.188014, 0.695912, 0.0160457], 
              [0.00404805, 0.0360439, 0.95786, 0.00204845], 
              [0.0120465, 0.973856, 5.11298e-05, 0.0140461], 
              [0.0360417, 0.00205073, 0.945862, 0.0160457], 
              [0.00404805, 0.0380435, 0.949861, 0.00804725], 
              [0.0900309, 0.0140483, 0.893872, 0.00204845], 
              [0.715906, 0.0220467, 0.250001, 0.0120465], 
              [0.535942, 0.200011, 0.222007, 0.0420405], 
              [0.381972, 0.188014, 0.281995, 0.148019], 
              [0.253998, 0.114028, 0.30599, 0.325984]
            ]
          }, {
            "db": 0,
            "id": "E2F6_HUMAN.H11MO.0.A",
            "len": 13,
            "nsites": 500,
            "evalue": "1.0e+000",
            "url": "http://hocomoco.autosome.ru/motif/E2F6_HUMAN.H11MO.0.A",
            "pwm": [
              [0.337981, 0.148022, 0.341983, 0.172014], 
              [0.261996, 0.0340443, 0.55594, 0.148019], 
              [0.154018, 0.126026, 0.699911, 0.0200449], 
              [0.0100469, 0.0160479, 0.963858, 0.0100469], 
              [0.214006, 0.70791, 0.0120487, 0.0660357], 
              [0.0400409, 0.0180475, 0.893872, 0.0480393], 
              [0.0240441, 0.0480415, 0.895872, 0.0320425], 
              [0.0720345, 0.0440423, 0.871877, 0.0120465], 
              [0.94186, 0.0320447, 0.0140483, 0.0120465], 
              [0.511946, 0.0360439, 0.435964, 0.0160457], 
              [0.383972, 0.10803, 0.437964, 0.0700349], 
              [0.277993, 0.218008, 0.377976, 0.126024], 
              [0.275994, 0.162019, 0.425966, 0.136022]
            ]
          }, {
            "db": 0,
            "id": "E2F7_HUMAN.H11MO.0.B",
            "len": 13,
            "nsites": 500,
            "evalue": "1.0e+000",
            "url": "http://hocomoco.autosome.ru/motif/E2F7_HUMAN.H11MO.0.B",
            "pwm": [
              [0.19601, 0.148022, 0.529945, 0.126024], 
              [0.337981, 0.0320447, 0.415968, 0.214006], 
              [0.14202, 0.0820347, 0.771897, 0.00404805], 
              [0.0440401, 0.00405033, 0.941863, 0.0100469], 
              [0.0840321, 0.85388, 0.00405033, 0.0580373], 
              [0.140021, 0.0160479, 0.813888, 0.0300429], 
              [0.0220445, 0.0120487, 0.95786, 0.00804725], 
              [0.204008, 0.00604993, 0.775896, 0.0140461], 
              [0.713906, 0.00405033, 0.275996, 0.00604765], 
              [0.603928, 0.138024, 0.240003, 0.0180453], 
              [0.427963, 0.192013, 0.224006, 0.156018], 
              [0.34398, 0.0860339, 0.35598, 0.214006], 
              [0.259997, 0.152021, 0.485954, 0.102028]
            ]
          }, {
            "db": 0,
            "id": "EGR1_HUMAN.H11MO.0.A",
            "len": 17,
            "nsites": 500,
            "evalue": "1.0e+000",
            "url": "http://hocomoco.autosome.ru/motif/EGR1_HUMAN.H11MO.0.A",
            "pwm": [
              [0.232002, 0.248002, 0.409969, 0.110027], 
              [0.319985, 0.128026, 0.317988, 0.234002], 
              [0.277993, 0.180015, 0.459959, 0.0820325], 
              [0.236002, 0.112029, 0.35398, 0.297989], 
              [0.112026, 0.0300451, 0.80789, 0.0500389], 
              [0.236002, 0.50595, 0.0460419, 0.212006], 
              [0.0560377, 0.0340443, 0.869877, 0.0400409], 
              [0.0320425, 0.00405033, 0.409969, 0.553938], 
              [0.0920305, 0.00205073, 0.891873, 0.0140461], 
              [0.0160457, 0.00405033, 0.95786, 0.0220445], 
              [0.0240441, 0.0320447, 0.929865, 0.0140461], 
              [0.220005, 0.475956, 0.00405033, 0.299989], 
              [0.0880313, 0.0100491, 0.841883, 0.0600369], 
              [0.110027, 0.0220467, 0.695912, 0.172014], 
              [0.337981, 0.128026, 0.40597, 0.128023], 
              [0.311986, 0.0820347, 0.45596, 0.150019], 
              [0.263996, 0.182015, 0.435964, 0.118025]
            ]
          }, {
            "db": 0,
            "id": "EGR2_HUMAN.H11MO.0.A",
            "len": 18,
            "nsites": 500,
            "evalue": "1.0e+000",
            "url": "http://hocomoco.autosome.ru/motif/EGR2_HUMAN.H11MO.0.A",
            "pwm": [
              [0.216006, 0.0740363, 0.611929, 0.0980293], 
              [0.29399, 0.0960319, 0.411969, 0.198009], 
              [0.228003, 0.0740363, 0.621927, 0.0760337], 
              [0.253998, 0.0680375, 0.501951, 0.176014], 
              [0.319985, 0.10403, 0.50595, 0.0700349], 
              [0.150019, 0.10403, 0.449961, 0.29599], 
              [0.0760337, 0.102031, 0.765898, 0.0560377], 
              [0.369975, 0.190013, 0.0440423, 0.39597], 
              [0.0340421, 0.0220467, 0.929865, 0.0140461], 
              [0.0400409, 0.0120487, 0.461959, 0.485952], 
              [0.182012, 0.00604993, 0.793892, 0.0180453], 
              [0.0360417, 0.0140483, 0.889873, 0.0600369], 
              [0.0240441, 0.0400431, 0.915868, 0.0200449], 
              [0.349979, 0.281995, 0.0220467, 0.34598], 
              [0.0580373, 0.00604993, 0.873876, 0.0620365], 
              [0.0760337, 0.0340443, 0.781895, 0.108027], 
              [0.34198, 0.0740363, 0.501951, 0.0820325], 
              [0.253998, 0.0480415, 0.561939, 0.136022]
            ]
          }, {
            "db": 0,
            "id": "EHF_HUMAN.H11MO.0.B",
            "len": 15,
            "nsites": 500,
            "evalue": "1.0e+000",
            "url": "http://hocomoco.autosome.ru/motif/EHF_HUMAN.H11MO.0.B",
            "pwm": [
              [0.249999, 0.20801, 0.383974, 0.158017], 
              [0.44596, 0.15602, 0.166018, 0.232002], 
              [0.84388, 0.00604993, 0.00804953, 0.14202], 
              [0.14202, 0.449961, 0.192013, 0.216006], 
              [0.19401, 0.511949, 0.293992, 4.88502e-05], 
              [0.753898, 0.228006, 0.0180475, 4.88502e-05], 
              [4.88502e-05, 5.11298e-05, 0.999851, 4.88502e-05], 
              [0.00204845, 5.11298e-05, 0.997852, 4.88502e-05], 
              [0.997849, 5.11298e-05, 0.00205073, 4.88502e-05], 
              [0.997849, 5.11298e-05, 5.11298e-05, 0.00204845], 
              [0.226004, 0.00804953, 0.765898, 4.88502e-05], 
              [0.0320425, 0.184014, 0.0420427, 0.7419], 
              [0.269995, 0.102031, 0.40597, 0.222004], 
              [0.249999, 0.246002, 0.40797, 0.0960297], 
              [0.168015, 0.359979, 0.35398, 0.118025]
            ]
          }, {
            "db": 0,
            "id": "ELF3_HUMAN.H11MO.0.A",
            "len": 14,
            "nsites": 500,
            "evalue": "1.0e+000",
            "url": "http://hocomoco.autosome.ru/motif/ELF3_HUMAN.H11MO.0.A",
            "pwm": [
              [0.297989, 0.170017, 0.389973, 0.14202], 
              [0.447959, 0.152021, 0.188014, 0.212006], 
              [0.869875, 0.00604993, 0.0280455, 0.0960297], 
              [0.14602, 0.411969, 0.234004, 0.208007], 
              [0.271994, 0.385974, 0.341983, 4.88502e-05], 
              [0.915866, 0.0640383, 0.0160479, 0.00404805], 
              [0.00204845, 5.11298e-05, 0.983854, 0.0140461], 
              [4.88502e-05, 0.00604993, 0.991853, 0.00204845], 
              [0.989851, 5.11298e-05, 0.0100491, 4.88502e-05], 
              [0.977853, 5.11298e-05, 0.0100491, 0.0120465], 
              [0.297989, 0.0180475, 0.681915, 0.00204845], 
              [0.0400409, 0.148022, 0.0520407, 0.759897], 
              [0.351978, 0.0640383, 0.397972, 0.186012], 
              [0.257997, 0.20401, 0.425966, 0.112026]
            ]
          }, {
            "db": 0,
            "id": "ELF5_HUMAN.H11MO.0.A",
            "len": 15,
            "nsites": 500,
            "evalue": "1.0e+000",
            "url": "http://hocomoco.autosome.ru/motif/ELF5_HUMAN.H11MO.0.A",
            "pwm": [
              [0.253998, 0.222007, 0.40597, 0.118025], 
              [0.216006, 0.202011, 0.491953, 0.0900309], 
              [0.467955, 0.168018, 0.263998, 0.100029], 
              [0.799889, 0.0220467, 0.0740363, 0.104028], 
              [0.14402, 0.30799, 0.369977, 0.178013], 
              [0.184012, 0.365978, 0.443962, 0.00604765], 
              [0.683912, 0.258, 0.0500411, 0.00804725], 
              [4.88502e-05, 5.11298e-05, 0.999851, 4.88502e-05], 
              [0.00604765, 0.00205073, 0.991853, 4.88502e-05], 
              [0.99185, 5.11298e-05, 0.00604993, 0.00204845], 
              [0.981852, 0.00604993, 0.00604993, 0.00604765], 
              [0.150019, 0.0180475, 0.827886, 0.00404805], 
              [0.158017, 0.15402, 0.124026, 0.563936], 
              [0.257997, 0.120027, 0.475956, 0.14602], 
              [0.279993, 0.220007, 0.395972, 0.104028]
            ]
          }, {
            "db": 0,
            "id": "ERG_HUMAN.H11MO.0.A",
            "len": 13,
            "nsites": 500,
            "evalue": "1.0e+000",
            "url": "http://hocomoco.autosome.ru/motif/ERG_HUMAN.H11MO.0.A",
            "pwm": [
              [0.337981, 0.152021, 0.359979, 0.150019], 
              [0.307987, 0.15602, 0.45796, 0.0780333], 
              [0.435962, 0.0520407, 0.45596, 0.0560377], 
              [0.102028, 0.559939, 0.333984, 0.00404805], 
              [0.865876, 0.116028, 0.0160479, 0.00204845], 
              [0.00404805, 0.00405033, 0.985854, 0.00604765], 
              [0.00604765, 0.00405033, 0.989853, 4.88502e-05], 
              [0.975854, 0.0100491, 0.0100491, 0.00404805], 
              [0.935862, 0.00205073, 0.0220467, 0.0400409], 
              [0.204008, 0.0160479, 0.777896, 0.00204845], 
              [0.102028, 0.309989, 0.174016, 0.413966], 
              [0.224004, 0.160019, 0.513948, 0.102028], 
              [0.261996, 0.134024, 0.539943, 0.0640361]
            ]
          }, {
            "db": 0,
            "id": "ETS1_HUMAN.H11MO.0.A",
            "len": 13,
            "nsites": 500,
            "evalue": "1.0e+000",
            "url": "http://hocomoco.autosome.ru/motif/ETS1_HUMAN.H11MO.0.A",
            "pwm": [
              [0.367975, 0.178016, 0.341983, 0.112026], 
              [0.259997, 0.182015, 0.471957, 0.0860317], 
              [0.479953, 0.0680375, 0.423966, 0.0280433], 
              [0.128023, 0.637924, 0.228006, 0.00604765], 
              [0.615926, 0.349981, 0.0340443, 4.88502e-05], 
              [0.00404805, 5.11298e-05, 0.993852, 0.00204845], 
              [0.0120465, 0.00604993, 0.979855, 0.00204845], 
              [0.99185, 0.00604993, 5.11298e-05, 0.00204845], 
              [0.827883, 0.0100491, 0.00405033, 0.158017], 
              [0.184012, 0.0100491, 0.80589, 4.88502e-05], 
              [0.0840321, 0.188014, 0.0580395, 0.669915], 
              [0.130023, 0.112029, 0.633924, 0.124024], 
              [0.138021, 0.126026, 0.627926, 0.108027]
            ]
          }, {
            "db": 0,
            "id": "ETS2_HUMAN.H11MO.0.B",
            "len": 13,
            "nsites": 500,
            "evalue": "1.0e+000",
            "url": "http://hocomoco.autosome.ru/motif/ETS2_HUMAN.H11MO.0.B",
            "pwm": [
              [0.230003, 0.140023, 0.435964, 0.19401], 
              [0.317985, 0.146022, 0.345982, 0.190011], 
              [0.321984, 0.279995, 0.297992, 0.100029], 
              [0.473954, 0.0760359, 0.365978, 0.0840321], 
              [0.19201, 0.00804953, 0.751901, 0.0480393], 
              [0.00404805, 0.0100491, 0.967858, 0.0180453], 
              [0.981852, 0.0160479, 5.11298e-05, 0.00204845], 
              [0.953858, 0.0180475, 0.0240463, 0.00404805], 
              [0.381972, 0.0840343, 0.519947, 0.0140461], 
              [0.39197, 0.261999, 0.198012, 0.148019], 
              [0.421964, 0.0480415, 0.459959, 0.0700349], 
              [0.329983, 0.0860339, 0.495952, 0.0880313], 
              [0.49595, 0.100031, 0.319987, 0.0840321]
            ]
          }, {
            "db": 0,
            "id": "ETV1_HUMAN.H11MO.0.A",
            "len": 11,
            "nsites": 500,
            "evalue": "1.0e+000",
            "url": "http://hocomoco.autosome.ru/motif/ETV1_HUMAN.H11MO.0.A",
            "pwm": [
              [0.150019, 0.244002, 0.483954, 0.122024], 
              [0.329983, 0.134024, 0.40597, 0.130023], 
              [0.0420405, 0.813888, 0.144022, 4.88502e-05], 
              [0.216006, 0.765898, 0.00205073, 0.0160457], 
              [0.00404805, 5.11298e-05, 0.995852, 4.88502e-05], 
              [4.88502e-05, 5.11298e-05, 0.999851, 4.88502e-05], 
              [0.997849, 5.11298e-05, 0.00205073, 4.88502e-05], 
              [0.929863, 0.00405033, 5.11298e-05, 0.0660357], 
              [0.0760337, 0.0360439, 0.867878, 0.0200449], 
              [0.0880313, 0.30399, 0.142023, 0.465956], 
              [0.19401, 0.148022, 0.525946, 0.132022]
            ]
          }, {
            "db": 0,
            "id": "ETV2_HUMAN.H11MO.0.B",
            "len": 16,
            "nsites": 229,
            "evalue": "1.0e+000",
            "url": "http://hocomoco.autosome.ru/motif/ETV2_HUMAN.H11MO.0.B",
            "pwm": [
              [0.32311, 0.174708, 0.353669, 0.148513], 
