<!DOCTYPE HTML>
<html>
  <head>
    <meta charset="UTF-8">
    <title>SpaMo - Spaced Motif Analysis</title>
    <script type="text/javascript">
      //@JSON_VAR data
      var data = {"program":"SpaMo","version":"4.11.3","revision":"c13e15f35e38483381a6e8a363f9137e303c0765","release":"Sat Mar 11 20:16:08 2017 -0800","host":"uger-r7-c001.broadinstitute.org","when":"Sat Feb 27 04:34:50 2021","cmd":["spamo","-verbosity","1","-oc","/broad/sankaranlab/fyu/HemeMap/02262021-downMast_re-analysis/motif_denovo/down_mast0035_interactions_10x_hocomoco_meme-chip/spamo_out_4","-bgfile","/broad/sankaranlab/fyu/HemeMap/02262021-downMast_re-analysis/motif_denovo/down_mast0035_interactions_10x_hocomoco_meme-chip/background","-primary","1","/broad/sankaranlab/fyu/HemeMap/02262021-downMast_re-analysis/motif_denovo/down_mast0035_interactions_10x_hocomoco_meme-chip/20210227-deg_interactions_peaks_down_mast0035_fa_1based.fa","/broad/sankaranlab/fyu/HemeMap/02262021-downMast_re-analysis/motif_denovo/down_mast0035_interactions_10x_hocomoco_meme-chip/meme_out/meme.xml","/broad/sankaranlab/fyu/HemeMap/02262021-downMast_re-analysis/motif_denovo/down_mast0035_interactions_10x_hocomoco_meme-chip/meme_out/meme.xml","/broad/sankaranlab/fyu/HemeMap/02262021-downMast_re-analysis/motif_denovo/down_mast0035_interactions_10x_hocomoco_meme-chip/dreme_out/dreme.xml","/broad/sankaranlab/fyu/motif_data/HOCOMOCOv11_core_HUMAN_mono_meme_format.meme"],"options":{"seq_min_hit_score":7,"margin":150,"bin_size":1,"bin_pvalue_calc_range":150,"use_best_secondary":0,"seq_max_shared_fract":0.5,"seq_odds_ratio":20,"bin_pvalue_cutoff":0.05,"motif_evalue_cutoff":10,"redundant_overlap":2,"redundant_joint":0.5,"motif_pseudocount":0.1,"bgfile":"/broad/sankaranlab/fyu/HemeMap/02262021-downMast_re-analysis/motif_denovo/down_mast0035_interactions_10x_hocomoco_meme-chip/background","motif_trim":0.25,"xalph":0,"seed":1,"bin_max":29},"alphabet":{"name":"DNA","like":"dna","ncore":4,"symbols":[{"symbol":"A","name":"Adenine","colour":"CC0000","complement":"T"},{"symbol":"C","name":"Cytosine","colour":"0000CC","complement":"G"},{"symbol":"G","name":"Guanine","colour":"FFB300","complement":"C"},{"symbol":"T","aliases":"U","name":"Thymine","colour":"008000","complement":"A"},{"symbol":"N","aliases":"X.","name":"Any base","equals":"ACGT"},{"symbol":"V","name":"Not T","equals":"ACG"},{"symbol":"H","name":"Not G","equals":"ACT"},{"symbol":"D","name":"Not C","equals":"AGT"},{"symbol":"B","name":"Not A","equals":"CGT"},{"symbol":"M","name":"Amino","equals":"AC"},{"symbol":"R","name":"Purine","equals":"AG"},{"symbol":"W","name":"Weak","equals":"AT"},{"symbol":"S","name":"Strong","equals":"CG"},{"symbol":"Y","name":"Pyrimidine","equals":"CT"},{"symbol":"K","name":"Keto","equals":"GT"}]},"background":[0.252,0.248,0.248,0.252],"sequence_dbs":[{"source":"/broad/sankaranlab/fyu/HemeMap/02262021-downMast_re-analysis/motif_denovo/down_mast0035_interactions_10x_hocomoco_meme-chip/20210227-deg_interactions_peaks_down_mast0035_fa_1based.fa","name":"20210227-deg_interactions_peaks_down_mast0035_fa_1based","last_modified":"Sat Feb 27 03:25:29 2021","loaded":6605,"excluded_too_short":0,"excluded_no_match":4079,"excluded_ambigs":0,"excluded_similar":34,"erased_primary_matches":7707}],"primary_dbs":[{"source":"/broad/sankaranlab/fyu/HemeMap/02262021-downMast_re-analysis/motif_denovo/down_mast0035_interactions_10x_hocomoco_meme-chip/meme_out/meme.xml","name":"meme.xml","last_modified":"Sat Feb 27 04:16:29 2021","loaded":9,"excluded":8}],"secondary_dbs":[{"source":"/broad/sankaranlab/fyu/HemeMap/02262021-downMast_re-analysis/motif_denovo/down_mast0035_interactions_10x_hocomoco_meme-chip/meme_out/meme.xml","name":"meme.xml","last_modified":"Sat Feb 27 04:16:29 2021","loaded":10,"excluded":1},{"source":"/broad/sankaranlab/fyu/HemeMap/02262021-downMast_re-analysis/motif_denovo/down_mast0035_interactions_10x_hocomoco_meme-chip/dreme_out/dreme.xml","name":"dreme.xml","last_modified":"Sat Feb 27 04:25:46 2021","loaded":10,"excluded":0},{"source":"/broad/sankaranlab/fyu/motif_data/HOCOMOCOv11_core_HUMAN_mono_meme_format.meme","name":"HOCOMOCOv11_core_HUMAN_mono_meme_format","last_modified":"Sat Jun 23 07:43:00 2018","loaded":401,"excluded":0}],"secondary_motifs":[{"db":0,"id":"4","alt":"MEME","len":27,"ltrim":0,"rtrim":0,"nsites":11,"evalue":"3.9e-028","pwm":[[0.993261,0.00223423,0.00223423,0.00227027],[0.00227027,0.632865,0.362594,0.00227027],[0.36263,0.00223423,0.00223423,0.632901],[0.00227027,0.813045,0.0923242,0.0923603],[0.00227027,0.813045,0.00223423,0.18245],[0.993261,0.00223423,0.00223423,0.00227027],[0.00227027,0.00223423,0.993225,0.00227027],[0.00227027,0.903135,0.0923242,0.00227027],[0.00227027,0.813045,0.00223423,0.18245],[0.00227027,0.0923242,0.00223423,0.903171],[0.27254,0.00223423,0.632865,0.0923603],[0.0923603,0.00223423,0.813045,0.0923603],[0.00227027,0.182414,0.813045,0.00227027],[0.00227027,0.632865,0.00223423,0.36263],[0.632901,0.00223423,0.362594,0.00227027],[0.903171,0.00223423,0.0923242,0.00227027],[0.00227027,0.903135,0.00223423,0.0923603],[0.903171,0.0923242,0.00223423,0.00227027],[0.0923603,0.00223423,0.632865,0.27254],[0.632901,0.00223423,0.362594,0.00227027],[0.00227027,0.00223423,0.993225,0.00227027],[0.0923603,0.182414,0.0923242,0.632901],[0.0923603,0.00223423,0.903135,0.00227027],[0.903171,0.00223423,0.0923242,0.00227027],[0.18245,0.00223423,0.813045,0.00227027],[0.993261,0.00223423,0.00223423,0.00227027],[0.00227027,0.813045,0.00223423,0.18245]]},{"db":0,"id":"5","alt":"MEME","len":30,"ltrim":0,"rtrim":0,"nsites":9,"evalue":"1.6e-013","pwm":[[0.00276923,0.00272527,0.991736,0.00276923],[0.00276923,0.771956,0.00272527,0.222549],[0.00276923,0.00272527,0.00272527,0.99178],[0.00276923,0.112615,0.771956,0.112659],[0.112659,0.00272527,0.881846,0.00276923],[0.112659,0.00272527,0.881846,0.00276923],[0.88189,0.00272527,0.112615,0.00276923],[0.00276923,0.552176,0.00272527,0.442329],[0.00276923,0.112615,0.112615,0.772],[0.88189,0.112615,0.00272527,0.00276923],[0.112659,0.771956,0.00272527,0.112659],[0.88189,0.00272527,0.112615,0.00276923],[0.112659,0.00272527,0.881846,0.00276923],[0.112659,0.00272527,0.881846,0.00276923],[0.00276923,0.771956,0.00272527,0.222549],[0.112659,0.00272527,0.881846,0.00276923],[0.00276923,0.442285,0.00272527,0.55222],[0.112659,0.112615,0.662066,0.112659],[0.332439,0.222505,0.00272527,0.442329],[0.222549,0.00272527,0.771956,0.00276923],[0.00276923,0.991736,0.00272527,0.00276923],[0.00276923,0.881846,0.112615,0.00276923],[0.88189,0.00272527,0.112615,0.00276923],[0.00276923,0.881846,0.112615,0.00276923],[0.00276923,0.771956,0.00272527,0.222549],[0.442329,0.112615,0.442285,0.00276923],[0.112659,0.771956,0.00272527,0.112659],[0.442329,0.332395,0.222505,0.00276923],[0.00276923,0.771956,0.112615,0.112659],[0.332439,0.662066,0.00272527,0.00276923]]},{"db":0,"id":"6","alt":"MEME","len":30,"ltrim":0,"rtrim":0,"nsites":5,"evalue":"1.2e-007","pwm":[[0.20102,0.00486275,0.789176,0.00494118],[0.00494118,0.985255,0.00486275,0.00494118],[0.985333,0.00486275,0.00486275,0.00494118],[0.789255,0.00486275,0.200941,0.00494118],[0.00494118,0.00486275,0.00486275,0.985333],[0.00494118,0.00486275,0.985255,0.00494118],[0.20102,0.00486275,0.789176,0.00494118],[0.00494118,0.789176,0.200941,0.00494118],[0.593176,0.00486275,0.39702,0.00494118],[0.00494118,0.593098,0.00486275,0.397098],[0.20102,0.00486275,0.593098,0.20102],[0.985333,0.00486275,0.00486275,0.00494118],[0.00494118,0.00486275,0.00486275,0.985333],[0.20102,0.789176,0.00486275,0.00494118],[0.20102,0.00486275,0.00486275,0.789255],[0.00494118,0.985255,0.00486275,0.00494118],[0.789255,0.00486275,0.200941,0.00494118],[0.00494118,0.00486275,0.985255,0.00494118],[0.00494118,0.789176,0.00486275,0.20102],[0.00494118,0.00486275,0.00486275,0.985333],[0.00494118,0.985255,0.00486275,0.00494118],[0.985333,0.00486275,0.00486275,0.00494118],[0.00494118,0.985255,0.00486275,0.00494118],[0.00494118,0.00486275,0.00486275,0.985333],[0.00494118,0.00486275,0.985255,0.00494118],[0.20102,0.789176,0.00486275,0.00494118],[0.985333,0.00486275,0.00486275,0.00494118],[0.789255,0.00486275,0.200941,0.00494118],[0.00494118,0.985255,0.00486275,0.00494118],[0.00494118,0.985255,0.00486275,0.00494118]]},{"db":1,"id":"CNCMGCC","alt":"DREME","len":7,"ltrim":0,"rtrim":0,"nsites":1994,"evalue":"8.1e-025","pwm":[[1.26373e-05,0.999962,1.24367e-05,1.26373e-05],[0.184557,0.381136,0.214646,0.219661],[1.26373e-05,0.999962,1.24367e-05,1.26373e-05],[0.473409,0.526566,1.24367e-05,1.26373e-05],[1.26373e-05,1.24367e-05,0.999962,1.26373e-05],[1.26373e-05,0.999962,1.24367e-05,1.26373e-05],[1.26373e-05,0.999962,1.24367e-05,1.26373e-05]]},{"db":2,"id":"AHR_HUMAN.H11MO.0.B","len":9,"ltrim":1,"rtrim":1,"nsites":154,"evalue":"1.0e+000","url":"http://hocomoco.autosome.ru/motif/AHR_HUMAN.H11MO.0.B","pwm":[[0.263138,0.118681,0.366337,0.251844],[0.0707696,0.0772152,0.22516,0.626855],[0.141127,0.285007,0.134569,0.439297],[0.016693,0.00871068,0.946967,0.0276293],[0.00016353,0.976143,0.00985064,0.0138431],[0.0224994,0.00529078,0.969766,0.00244346],[0.00016353,0.0224968,0.0047208,0.972619],[0.00016353,0.000160934,0.999512,0.00016353],[0.279792,0.434253,0.105055,0.1809]]},{"db":2,"id":"ALX1_HUMAN.H11MO.0.B","len":12,"ltrim":1,"rtrim":0,"nsites":31,"evalue":"1.0e+000","url":"http://hocomoco.autosome.ru/motif/ALX1_HUMAN.H11MO.0.B","pwm":[[0.436238,0.2092,0.273051,0.0815108],[0.0646613,0.0965739,0.000797428,0.837967],[0.770569,0.0327229,0.100121,0.0965867],[0.866346,0.0646484,0.000797428,0.0682085],[0.000810289,0.0965739,0.000797428,0.901818],[0.0327358,0.227823,0.128499,0.610942],[0.48324,0.000797428,0.515152,0.000810289],[0.355538,0.256201,0.355525,0.0327358],[0.774116,0.000797428,0.128499,0.0965867],[0.100134,0.000797428,0.0327229,0.866346],[0.0646613,0.0327229,0.0327229,0.869893],[0.827326,0.0575538,0.0575538,0.0575667]]},{"db":2,"id":"AP2B_HUMAN.H11MO.0.B","len":10,"ltrim":0,"rtrim":1,"nsites":28,"evalue":"1.0e+000","url":"http://hocomoco.autosome.ru/motif/AP2B_HUMAN.H11MO.0.B","pwm":[[0.0402818,0.000882562,0.780706,0.178129],[0.000896797,0.646797,0.24507,0.107236],[0.000896797,0.961877,0.000882562,0.0363433],[0.115113,0.571966,0.000882562,0.312039],[0.0757284,0.0363291,0.887046,0.000896797],[0.327793,0.315963,0.355348,0.000896797],[0.0717899,0.0363291,0.851599,0.0402818],[0.000896797,0.000882562,0.997324,0.000896797],[0.19093,0.123961,0.675351,0.00975843],[0.222438,0.446918,0.253931,0.076713]]},{"db":2,"id":"AP2C_HUMAN.H11MO.0.A","len":14,"ltrim":2,"rtrim":2,"nsites":500,"evalue":"1.0e+000","url":"http://hocomoco.autosome.ru/motif/AP2C_HUMAN.H11MO.0.A","pwm":[[0.387201,0.20104,0.269562,0.142197],[0.196086,0.123623,0.166417,0.513874],[0.18461,0.0998018,0.518376,0.197213],[0.00958328,0.506988,0.471848,0.0115811],[0.00385324,0.988135,0.0079611,5.03899e-05],[0.00191824,0.951682,0.00239396,0.0440058],[0.0500556,0.131889,0.0254216,0.792633],[0.0354075,4.95901e-05,0.917075,0.0474679],[0.554977,0.0254432,0.415804,0.0037763],[0.0734763,4.95901e-05,0.924453,0.0020208],[5.03899e-05,4.95901e-05,0.997967,0.00193349],[0.0289762,0.618173,0.340999,0.011852],[0.313914,0.351519,0.0971825,0.237385],[0.42824,0.170536,0.241669,0.159554]]},{"db":2,"id":"ASCL1_HUMAN.H11MO.0.A","len":14,"ltrim":3,"rtrim":1,"nsites":480,"evalue":"1.0e+000","url":"http://hocomoco.autosome.ru/motif/ASCL1_HUMAN.H11MO.0.A","pwm":[[0.189596,0.437461,0.175015,0.197928],[0.218757,0.245834,0.160435,0.374974],[0.22084,0.254165,0.427046,0.0979488],[0.00630119,0.981097,0.00421745,0.00838409],[0.981098,0.00421745,5.16559e-05,0.0146328],[0.00630119,0.614507,0.35831,0.0208815],[0.00838409,0.979014,0.00213456,0.010467],[0.00838409,0.00213456,0.00213456,0.987347],[0.00421829,0.00421745,0.976931,0.0146328],[0.00838409,0.781139,0.0833676,0.127109],[0.0812856,0.420797,0.00630035,0.491617],[0.102115,0.385388,0.274994,0.237503],[0.131275,0.491616,0.0979479,0.279161],[0.166684,0.406217,0.152103,0.274995]]},{"db":2,"id":"ATF4_HUMAN.H11MO.0.A","len":12,"ltrim":0,"rtrim":0,"nsites":500,"evalue":"1.0e+000","url":"http://hocomoco.autosome.ru/motif/ATF4_HUMAN.H11MO.0.A","pwm":[[0.397971,0.0640368,0.381973,0.156019],[0.236003,0.186012,0.393971,0.184014],[0.533944,0.329984,0.136022,5.03899e-05],[0.00204999,0.00204919,4.95901e-05,0.995851],[5.03899e-05,0.00604839,0.977854,0.0160472],[0.979854,0.00604839,0.0100476,0.00404959],[5.03899e-05,0.0520392,0.00604839,0.941862],[5.03899e-05,0.00604839,0.993851,5.03899e-05],[0.10203,0.801889,0.00204919,0.0940316],[0.993852,0.00604839,4.95901e-05,5.03899e-05],[0.997851,4.95901e-05,0.00204919,5.03899e-05],[0.0160472,0.291991,0.130024,0.561938]]},{"db":2,"id":"ATF6A_HUMAN.H11MO.0.B","len":12,"ltrim":0,"rtrim":0,"nsites":20,"evalue":"1.0e+000","url":"http://hocomoco.autosome.ru/motif/ATF6A_HUMAN.H11MO.0.B","pwm":[[0.184951,0.184931,0.582941,0.047178],[0.00125373,0.215547,0.322703,0.460496],[0.00125373,0.261471,0.598249,0.139026],[0.0931022,0.399244,0.460476,0.047178],[0.00125373,0.03185,0.00123383,0.965662],[0.00125373,0.0471581,0.950334,0.00125373],[0.919738,0.0471581,0.00123383,0.0318699],[0.00125373,0.996259,0.00123383,0.00125373],[0.00125373,0.00123383,0.996259,0.00125373],[0.00125373,0.00123383,0.00123383,0.996279],[0.00125373,0.0930823,0.90441,0.00125373],[0.0931022,0.00123383,0.90441,0.00125373]]},{"db":2,"id":"BACH1_HUMAN.H11MO.0.A","len":13,"ltrim":0,"rtrim":2,"nsites":500,"evalue":"1.0e+000","url":"http://hocomoco.autosome.ru/motif/BACH1_HUMAN.H11MO.0.A","pwm":[[0.0628518,0.168181,0.0975443,0.671423],[0.00920706,0.0664246,0.922336,0.00203245],[0.0209148,0.967525,0.00397404,0.00758595],[0.0362186,0.0795828,0.0801386,0.80406],[0.00389864,0.061356,0.890887,0.0438583],[0.802821,0.0206186,0.124522,0.0520382],[0.013312,0.214865,0.763222,0.00860076],[0.00624997,0.036179,0.145877,0.811694],[0.0162415,0.943692,0.0343163,0.00575033],[0.786282,0.0958372,0.0824529,0.0354281],[0.00982771,0.334262,0.256605,0.399306],[0.151629,0.265555,0.394692,0.188124],[0.105265,0.378564,0.3726,0.143571]]},{"db":2,"id":"BATF3_HUMAN.H11MO.0.B","len":17,"ltrim":1,"rtrim":2,"nsites":500,"evalue":"1.0e+000","url":"http://hocomoco.autosome.ru/motif/BATF3_HUMAN.H11MO.0.B","pwm":[[0.172016,0.353979,0.206008,0.267997],[0.483954,0.0560384,0.244001,0.216007],[0.0300444,0.389972,0.501949,0.0780348],[0.0300444,0.0160464,0.0140468,0.939862],[0.0460412,0.0640368,0.00804799,0.881874],[0.042042,0.160018,0.0420412,0.755899],[0.0180468,0.855878,0.0200456,0.106029],[0.50195,0.178014,0.120026,0.20001],[0.210008,0.182013,0.218006,0.389972],[0.230004,0.0420412,0.0640368,0.663918],[0.481954,0.19801,0.0560384,0.263998],[0.00804879,4.95901e-05,0.0100476,0.981854],[0.012048,0.0240448,0.809888,0.15402],[0.863878,0.00604839,0.0420412,0.0880328],[0.10003,0.461957,0.317986,0.120026],[0.252,0.120026,0.14602,0.481954],[0.242002,0.385972,0.186012,0.186013]]},{"db":2,"id":"CEBPD_HUMAN.H11MO.0.C","len":11,"ltrim":0,"rtrim":0,"nsites":500,"evalue":"1.0e+000","url":"http://hocomoco.autosome.ru/motif/CEBPD_HUMAN.H11MO.0.C","pwm":[[0.45446,0.232503,0.268496,0.0445415],[0.00254989,0.130523,0.0205455,0.846381],[0.00654909,0.0285439,0.0185459,0.946361],[0.0425419,0.0265443,0.812387,0.118527],[0.0165471,0.960358,0.0105475,0.0125479],[0.458459,0.120525,0.278494,0.142522],[0.122526,0.580434,0.0265443,0.270496],[0.590432,0.382473,0.00454869,0.0225459],[0.828385,0.0645367,0.0445407,0.0625379],[0.0240456,0.481953,0.178014,0.315987],[0.208009,0.487952,0.0720352,0.232004]]},{"db":2,"id":"COT2_HUMAN.H11MO.0.A","len":13,"ltrim":1,"rtrim":1,"nsites":500,"evalue":"1.0e+000","url":"http://hocomoco.autosome.ru/motif/COT2_HUMAN.H11MO.0.A","pwm":[[0.18882,0.470321,0.185446,0.155413],[0.666714,0.14924,0.0850918,0.0989549],[0.531143,0.0743134,0.343922,0.0506208],[0.732758,0.00214116,0.259166,0.00593471],[0.00755801,4.95901e-05,0.981054,0.0113388],[0.0355169,0.0074738,0.903614,0.0533955],[0.0075585,0.0501576,0.0817672,0.860517],[0.0018692,0.925664,0.021777,0.0506895],[0.988309,4.95901e-05,0.00798948,0.00365145],[0.373561,0.120965,0.377556,0.127917],[0.408907,0.116651,0.38332,0.0911226],[0.212829,0.0575091,0.564802,0.16486],[0.232576,0.127388,0.379913,0.260123]]},{"db":2,"id":"CTCF_HUMAN.H11MO.0.A","len":19,"ltrim":2,"rtrim":1,"nsites":500,"evalue":"1.0e+000","url":"http://hocomoco.autosome.ru/motif/CTCF_HUMAN.H11MO.0.A","pwm":[[0.0940316,0.359978,0.126024,0.419966],[0.15202,0.168016,0.521945,0.158019],[0.257999,0.0840328,0.553939,0.10403],[0.0680368,0.855878,0.0360424,0.0400424],[0.00204999,0.99585,0.00204919,5.03899e-05],[0.69991,0.00604839,0.242001,0.05204],[0.0160472,0.651919,0.321985,0.0100484],[0.0980308,0.593931,0.0740348,0.234004],[0.905869,0.018046,0.0540388,0.022046],[0.00204999,0.00204919,0.991851,0.00404959],[0.385973,4.95901e-05,0.611927,0.00204999],[0.0260452,0.0260444,0.587932,0.359978],[0.012048,0.00204919,0.983853,0.00204999],[0.0500404,0.0260444,0.859878,0.0640376],[0.0680368,0.875874,0.0120472,0.0440416],[0.395971,0.0140468,0.583933,0.00604919],[0.0760352,0.561937,0.325984,0.0360432],[0.0960312,0.421965,0.116026,0.365977],[0.371976,0.267996,0.315986,0.0440416]]},{"db":2,"id":"E2F1_HUMAN.H11MO.0.A","len":14,"ltrim":4,"rtrim":2,"nsites":500,"evalue":"1.0e+000","url":"http://hocomoco.autosome.ru/motif/E2F1_HUMAN.H11MO.0.A","pwm":[[0.327985,0.160018,0.377974,0.134024],[0.236003,0.20001,0.451959,0.112028],[0.271996,0.210008,0.289992,0.228005],[0.190012,0.102029,0.465956,0.242002],[0.082034,0.20001,0.703909,0.0140476],[0.0180468,0.00604839,0.965856,0.0100484],[0.0560392,0.921865,0.00404879,0.0180468],[0.0160472,0.00804799,0.957858,0.0180468],[0.022046,0.0820332,0.889872,0.00604919],[0.0680368,0.0340428,0.889872,0.00804879],[0.855879,0.0200456,0.0900316,0.0340436],[0.65392,0.0640368,0.271995,0.0100484],[0.39997,0.140022,0.365976,0.0940316],[0.271996,0.164017,0.39597,0.168017]]},{"db":2,"id":"E2F3_HUMAN.H11MO.0.A","len":11,"ltrim":2,"rtrim":0,"nsites":500,"evalue":"1.0e+000","url":"http://hocomoco.autosome.ru/motif/E2F3_HUMAN.H11MO.0.A","pwm":[[0.375975,0.140022,0.208008,0.275995],[0.261998,0.0460404,0.409968,0.281994],[0.126025,0.124025,0.675914,0.0740356],[0.0340436,0.00604839,0.955858,0.00404959],[0.124026,0.769896,0.0200456,0.0860332],[0.15202,0.00404879,0.683913,0.160018],[0.0960312,0.0200456,0.867876,0.0160472],[0.0180468,0.0100476,0.957858,0.0140476],[0.833884,0.038042,0.118026,0.0100484],[0.711908,0.0620372,0.20001,0.0260452],[0.533944,0.110028,0.25,0.106029]]},{"db":2,"id":"E2F4_HUMAN.H11MO.0.A","len":13,"ltrim":0,"rtrim":2,"nsites":500,"evalue":"1.0e+000","url":"http://hocomoco.autosome.ru/motif/E2F4_HUMAN.H11MO.0.A","pwm":[[0.146021,0.257998,0.505948,0.0900324],[0.277995,0.0960304,0.461957,0.164018],[0.244002,0.10003,0.525944,0.130024],[0.10003,0.188012,0.69591,0.0160472],[0.00404959,0.0360424,0.957858,0.00204999],[0.012048,0.973855,4.95901e-05,0.0140476],[0.0360432,0.00204919,0.94586,0.0160472],[0.00404959,0.038042,0.94986,0.00804879],[0.0900324,0.0140468,0.893871,0.00204999],[0.715907,0.0220452,0.25,0.012048],[0.535943,0.20001,0.222005,0.042042],[0.381974,0.188012,0.281993,0.148021],[0.254,0.114027,0.305988,0.325985]]},{"db":2,"id":"E2F6_HUMAN.H11MO.0.A","len":13,"ltrim":1,"rtrim":2,"nsites":500,"evalue":"1.0e+000","url":"http://hocomoco.autosome.ru/motif/E2F6_HUMAN.H11MO.0.A","pwm":[[0.337983,0.14802,0.341981,0.172016],[0.261998,0.0340428,0.555938,0.148021],[0.15402,0.126024,0.69991,0.0200464],[0.0100484,0.0160464,0.963857,0.0100484],[0.214008,0.707908,0.0120472,0.0660372],[0.0400424,0.018046,0.893871,0.0480408],[0.0240456,0.04804,0.89587,0.032044],[0.072036,0.0440408,0.871875,0.012048],[0.941862,0.0320432,0.0140468,0.012048],[0.511948,0.0360424,0.435962,0.0160472],[0.383974,0.108028,0.437962,0.0700364],[0.277995,0.218006,0.377974,0.126025],[0.275995,0.162017,0.425964,0.136023]]},{"db":2,"id":"E2F7_HUMAN.H11MO.0.B","len":13,"ltrim":0,"rtrim":3,"nsites":500,"evalue":"1.0e+000","url":"http://hocomoco.autosome.ru/motif/E2F7_HUMAN.H11MO.0.B","pwm":[[0.196011,0.14802,0.529944,0.126025],[0.337983,0.0320432,0.415966,0.214008],[0.142022,0.0820332,0.771895,0.00404959],[0.0440416,0.00404879,0.941861,0.0100484],[0.0840336,0.853879,0.00404879,0.0580388],[0.140022,0.0160464,0.813887,0.0300444],[0.022046,0.0120472,0.957858,0.00804879],[0.20401,0.00604839,0.775894,0.0140476],[0.713908,0.00404879,0.275994,0.00604919],[0.60393,0.138022,0.240002,0.0180468],[0.427965,0.192011,0.224005,0.156019],[0.343982,0.0860324,0.355978,0.214008],[0.259998,0.152019,0.485952,0.10203]]},{"db":2,"id":"ESR1_HUMAN.H11MO.0.A","len":15,"ltrim":0,"rtrim":0,"nsites":500,"evalue":"1.0e+000","url":"http://hocomoco.autosome.ru/motif/ESR1_HUMAN.H11MO.0.A","pwm":[[0.637923,0.04804,0.259998,0.0540396],[0.0740356,0.00604839,0.807888,0.112028],[0.0460412,0.018046,0.907868,0.0280448],[0.0940316,0.0720352,0.178014,0.655919],[0.00204999,0.887872,0.04804,0.062038],[0.855879,0.00604839,0.112027,0.0260452],[0.108029,0.441961,0.311987,0.138023],[0.395971,0.603929,4.95901e-05,5.03899e-05],[0.182014,0.375974,0.285992,0.156019],[0.10403,0.078034,0.0440408,0.773896],[0.0540396,0.0340428,0.907868,0.00404959],[0.617927,0.19801,0.0700356,0.114028],[0.0400424,0.883873,0.0140468,0.062038],[0.0900324,0.821885,0.00804799,0.0800344],[0.0580388,0.329984,0.0660364,0.545941]]},{"db":2,"id":"ESR2_HUMAN.H11MO.0.A","len":15,"ltrim":0,"rtrim":0,"nsites":497,"evalue":"1.0e+000","url":"http://hocomoco.autosome.ru/motif/ESR2_HUMAN.H11MO.0.A","pwm":[[0.494921,0.0966099,0.36215,0.0463191],[0.114716,0.0121199,0.790635,0.0825291],[0.0463191,0.0262016,0.859032,0.0684474],[0.0966107,0.116727,0.22938,0.557283],[0.016144,0.798682,0.0523532,0.132821],[0.621656,0.0342482,0.247485,0.0966107],[0.0925874,0.511013,0.26559,0.130809],[5.0694e-05,0.667924,4.98894e-05,0.331976],[0.122762,0.4225,0.267602,0.187136],[0.040284,0.239438,0.0302249,0.690053],[0.0825291,0.0262016,0.891219,5.0694e-05],[0.521073,0.273637,0.0865516,0.118739],[0.0241907,0.84495,0.0221782,0.108681],[0.0825291,0.846962,0.0121199,0.0583891],[0.0724707,0.356115,0.0362599,0.535154]]},{"db":2,"id":"ETS2_HUMAN.H11MO.0.B","len":13,"ltrim":3,"rtrim":0,"nsites":500,"evalue":"1.0e+000","url":"http://hocomoco.autosome.ru/motif/ETS2_HUMAN.H11MO.0.B","pwm":[[0.230004,0.140022,0.435962,0.194012],[0.317987,0.14602,0.34598,0.190012],[0.321986,0.279994,0.29799,0.10003],[0.473956,0.0760344,0.365976,0.0840336],[0.192012,0.00804799,0.751899,0.0480408],[0.00404959,0.0100476,0.967856,0.0180468],[0.981854,0.0160464,4.95901e-05,0.00204999],[0.95386,0.018046,0.0240448,0.00404959],[0.381974,0.0840328,0.519946,0.0140476],[0.391972,0.261997,0.19801,0.148021],[0.421966,0.04804,0.459958,0.0700364],[0.329984,0.0860324,0.49595,0.0880328],[0.495951,0.10003,0.319986,0.0840336]]},{"db":2,"id":"FOSB_HUMAN.H11MO.0.A","len":9,"ltrim":1,"rtrim":1,"nsites":500,"evalue":"1.0e+000","url":"http://hocomoco.autosome.ru/motif/FOSB_HUMAN.H11MO.0.A","pwm":[[0.413968,0.206008,0.291991,0.0880328],[0.0100484,0.0120472,0.00204919,0.975855],[0.012048,0.0140468,0.917866,0.0560392],[0.895871,0.0120472,0.018046,0.0740356],[0.20401,4.95901e-05,0.79589,5.03899e-05],[0.0180468,0.0300436,0.106028,0.845881],[0.0540396,0.903869,0.028044,0.0140476],[0.965857,0.0100476,0.00604839,0.0180468],[0.072036,0.329984,0.230004,0.367977]]},{"db":2,"id":"FOS_HUMAN.H11MO.0.A","len":9,"ltrim":1,"rtrim":0,"nsites":500,"evalue":"1.0e+000","url":"http://hocomoco.autosome.ru/motif/FOS_HUMAN.H11MO.0.A","pwm":[[0.345981,0.216006,0.359978,0.0780348],[0.0100484,0.018046,0.0100476,0.961858],[0.0160472,0.0340428,0.859878,0.0900324],[0.935863,0.00804799,0.028044,0.0280448],[0.116027,4.95901e-05,0.883873,5.03899e-05],[0.022046,0.0260444,0.0240448,0.927865],[0.042042,0.933863,0.0240448,5.03899e-05],[0.959858,0.0160464,0.0120472,0.012048],[0.0280448,0.417966,0.263997,0.289992]]},{"db":2,"id":"GFI1B_HUMAN.H11MO.0.A","len":10,"ltrim":0,"rtrim":0,"nsites":500,"evalue":"1.0e+000","url":"http://hocomoco.autosome.ru/motif/GFI1B_HUMAN.H11MO.0.A","pwm":[[0.156019,0.0520392,0.64792,0.144022],[0.0580388,0.7479,0.078034,0.116027],[0.29999,0.184013,0.018046,0.497951],[0.0160472,0.363977,0.517946,0.10203],[0.39997,0.0360424,0.0260444,0.537943],[0.00604919,0.00604839,0.983853,0.00404959],[0.833884,0.0560384,0.102029,0.00804879],[5.03899e-05,0.0100476,0.0160464,0.973856],[0.00404959,4.95901e-05,4.95901e-05,0.995851],[0.0360432,0.122025,0.19801,0.643922]]},{"db":2,"id":"GFI1_HUMAN.H11MO.0.C","len":10,"ltrim":0,"rtrim":0,"nsites":150,"evalue":"1.0e+000","url":"http://hocomoco.autosome.ru/motif/GFI1_HUMAN.H11MO.0.C","pwm":[[0.291443,0.0696335,0.587353,0.0515707],[0.0778653,0.684265,0.139391,0.0984793],[0.405083,0.100479,0.07576,0.418679],[0.0521483,0.285489,0.562923,0.0994397],[0.239217,0.0171321,0.0800785,0.663572],[0.000167888,0.000165223,0.999499,0.000167888],[0.999502,0.000165223,0.000165223,0.000167888],[0.000167888,0.000165223,0.000165223,0.999502],[0.000167888,0.000165223,0.000165223,0.999502],[0.103601,0.118149,0.190862,0.587387]]},{"db":2,"id":"HIF1A_HUMAN.H11MO.0.C","len":8,"ltrim":0,"rtrim":0,"nsites":500,"evalue":"1.0e+000","url":"http://hocomoco.autosome.ru/motif/HIF1A_HUMAN.H11MO.0.C","pwm":[[0.212008,0.164017,0.527944,0.0960312],[0.234004,0.0500396,0.417966,0.297991],[0.825885,0.0120472,0.156018,0.00604919],[0.134024,0.801889,0.0100476,0.0540396],[0.0280448,0.00204919,0.969856,5.03899e-05],[0.00804879,0.00804799,4.95901e-05,0.983854],[5.03899e-05,0.00404879,0.993851,0.00204999],[0.285993,0.521945,0.0860324,0.106029]]},{"db":2,"id":"HINFP_HUMAN.H11MO.0.C","len":16,"ltrim":2,"rtrim":1,"nsites":42,"evalue":"1.0e+000","url":"http://hocomoco.autosome.ru/motif/HINFP_HUMAN.H11MO.0.C","pwm":[[0.327127,0.0662081,0.397705,0.208959],[0.333662,0.381233,0.141764,0.14334],[0.0466127,0.405807,0.476394,0.0711862],[0.190921,0.358226,0.166338,0.284515],[0.238501,0.238492,0.0711767,0.45183],[0.473271,0.310646,0.167904,0.0481791],[0.166347,0.118757,0.573122,0.141774],[0.0711862,0.927626,0.000589074,0.000598575],[0.000598575,0.000589074,0.998214,0.000598575],[0.0481791,0.0235961,0.927626,0.000598575],[0.97365,0.0251626,0.000589074,0.000598575],[0.000598575,0.950633,0.0481696,0.000598575],[0.000598575,0.0711767,0.855472,0.0727526],[0.0236056,0.000589074,0.000589074,0.975216],[0.192487,0.0235961,0.117191,0.666726],[0.38582,0.269209,0.267642,0.0773295]]},{"db":2,"id":"IKZF1_HUMAN.H11MO.0.C","len":8,"ltrim":0,"rtrim":0,"nsites":60,"evalue":"1.0e+000","url":"http://hocomoco.autosome.ru/motif/IKZF1_HUMAN.H11MO.0.C","pwm":[[0.0427935,0.286015,0.237708,0.433484],[0.0580482,0.088551,0.000412646,0.852988],[0.0563532,0.000412646,0.942815,0.000419301],[0.0190639,0.0309221,0.949595,0.000419301],[0.000419301,0.0173623,0.981799,0.000419301],[0.849598,0.000412646,0.14957,0.000419301],[0.320768,0.0309221,0.532633,0.115677],[0.415686,0.0393969,0.368221,0.176696]]},{"db":2,"id":"KLF5_HUMAN.H11MO.0.A","len":14,"ltrim":0,"rtrim":2,"nsites":500,"evalue":"1.0e+000","url":"http://hocomoco.autosome.ru/motif/KLF5_HUMAN.H11MO.0.A","pwm":[[0.421966,0.0340428,0.204009,0.339982],[0.0460412,0.00404879,0.943861,0.00604919],[0.00804879,0.00804799,0.967856,0.0160472],[0.0240456,0.0360424,0.929864,0.0100484],[0.178015,0.184013,0.00804799,0.629924],[0.0460412,0.00204919,0.941861,0.0100484],[0.0400424,0.0100476,0.543941,0.405969],[0.0160472,4.95901e-05,0.963857,0.0200464],[0.0500404,0.0300436,0.829884,0.0900324],[0.106029,0.633923,0.110028,0.15002],[0.248001,0.182013,0.192011,0.377975],[0.10403,0.136022,0.605928,0.15402],[0.15402,0.124025,0.501949,0.220006],[0.148021,0.210008,0.493951,0.148021]]},{"db":2,"id":"KLF6_HUMAN.H11MO.0.A","len":19,"ltrim":1,"rtrim":0,"nsites":496,"evalue":"1.0e+000","url":"http://hocomoco.autosome.ru/motif/KLF6_HUMAN.H11MO.0.A","pwm":[[0.155261,0.185496,0.510028,0.149214],[0.22178,0.247984,0.479792,0.0504439],[0.445525,0.189528,0.280235,0.0847111],[0.459636,0.0181915,0.368927,0.153246],[0.0484281,0.00609716,0.814402,0.131073],[0.0242395,4.99899e-05,0.955503,0.020208],[0.0443967,0.0524588,0.890999,0.0121451],[0.260079,0.457619,4.99899e-05,0.282252],[0.116963,0.00609716,0.854716,0.0222237],[0.0282709,0.0222229,0.689427,0.260079],[0.209686,0.0645531,0.68338,0.042381],[0.0867269,0.0302858,0.836575,0.0464124],[0.229843,0.453588,0.207669,0.1089],[0.294346,0.318534,0.137119,0.25],[0.0625382,0.157276,0.522122,0.258063],[0.147199,0.127041,0.608798,0.116963],[0.161309,0.171386,0.602751,0.0645539],[0.348771,0.110915,0.43343,0.106884],[0.258063,0.233874,0.455603,0.0524596]]},{"db":2,"id":"MTF1_HUMAN.H11MO.0.C","len":17,"ltrim":0,"rtrim":2,"nsites":35,"evalue":"1.0e+000","url":"http://hocomoco.autosome.ru/motif/MTF1_HUMAN.H11MO.0.C","pwm":[[0.439711,0.34382,0.110968,0.105501],[0.13495,0.0664528,0.797879,0.000717949],[0.0938584,0.0281008,0.378747,0.499293],[0.214393,0.170551,0.595162,0.0198939],[0.217133,0.540373,0.0445374,0.197957],[0.0856401,0.84445,0.0253614,0.0445488],[0.000717949,0.000706553,0.997858,0.000717949],[0.0965979,0.0253614,0.12946,0.748581],[0.000717949,0.0281008,0.970463,0.000717949],[0.000717949,0.326698,0.000706553,0.671877],[0.000717949,0.000706553,0.997858,0.000717949],[0.000717949,0.973203,0.000706553,0.0253728],[0.997869,0.000706553,0.000706553,0.000717949],[0.532167,0.123981,0.178769,0.165083],[0.630786,0.27191,0.0527556,0.0445488],[0.408892,0.104805,0.293825,0.192478],[0.119883,0.434906,0.311631,0.13358]]},{"db":2,"id":"NFAC3_HUMAN.H11MO.0.B","len":9,"ltrim":0,"rtrim":0,"nsites":18,"evalue":"1.0e+000","url":"http://hocomoco.autosome.ru/motif/NFAC3_HUMAN.H11MO.0.B","pwm":[[0.137003,0.13698,0.0284922,0.697525],[0.00139227,0.00137017,0.995845,0.00139227],[0.00139227,0.00137017,0.995845,0.00139227],[0.929569,0.00137017,0.0676685,0.00139227],[0.887379,0.00137017,0.109858,0.00139227],[0.995867,0.00137017,0.00137017,0.00139227],[0.772864,0.17013,0.0556143,0.00139227],[0.326857,0.393133,0.0676685,0.212342],[0.115908,0.314781,0.0495871,0.519725]]},{"db":2,"id":"NFIC_HUMAN.H11MO.0.A","len":17,"ltrim":1,"rtrim":1,"nsites":500,"evalue":"1.0e+000","url":"http://hocomoco.autosome.ru/motif/NFIC_HUMAN.H11MO.0.A","pwm":[[0.118027,0.487952,0.212007,0.182014],[0.0760352,0.435962,0.0360424,0.45196],[0.0660372,0.0220452,0.168016,0.743902],[0.0140476,0.00804799,0.915866,0.062038],[0.042042,0.0320432,0.889872,0.0360432],[0.20401,0.679914,0.058038,0.0580388],[0.317987,0.253999,0.0640368,0.363978],[0.092032,0.413967,0.251999,0.242002],[5.03899e-05,0.601929,4.95901e-05,0.397971],[0.234004,0.39997,0.174015,0.192012],[0.285993,0.0900316,0.180014,0.443962],[0.0200464,0.088032,0.627924,0.263998],[0.0240456,0.857878,0.0460404,0.072036],[0.0180468,0.961857,0.00804799,0.012048],[0.669916,0.244001,0.0140468,0.072036],[0.455959,0.0700356,0.377974,0.0960312],[0.214008,0.222005,0.457958,0.106029]]},{"db":2,"id":"NFKB1_HUMAN.H11MO.1.B","len":11,"ltrim":0,"rtrim":0,"nsites":497,"evalue":"1.0e+000","url":"http://hocomoco.autosome.ru/motif/NFKB1_HUMAN.H11MO.1.B","pwm":[[0.0503424,0.00809656,0.901277,0.040284],[0.0684474,0.00809656,0.915359,0.00809736],[0.0141324,0.00608489,0.961627,0.0181557],[0.710169,0.0101082,0.273637,0.0060857],[0.859033,0.0483299,0.0885633,0.00407403],[0.941511,0.00206156,0.0563766,5.0694e-05],[0.136844,0.152937,0.261567,0.448653],[0.106669,0.348068,0.0422949,0.502968],[0.0624124,0.913347,0.0161432,0.00809736],[0.0624124,0.921394,0.00206156,0.0141324],[0.0583891,0.875125,0.0322366,0.034249]]},{"db":2,"id":"NFKB2_HUMAN.H11MO.0.B","len":11,"ltrim":0,"rtrim":0,"nsites":500,"evalue":"1.0e+000","url":"http://hocomoco.autosome.ru/motif/NFKB2_HUMAN.H11MO.0.B","pwm":[[0.118027,0.0520392,0.665916,0.164018],[0.0640376,0.00204919,0.917866,0.0160472],[0.042042,0.00204919,0.925864,0.0300444],[0.543942,0.00404879,0.419966,0.032044],[0.811888,0.078034,0.108028,0.00204999],[0.971856,0.00804799,0.0120472,0.00804879],[0.186013,0.122025,0.457958,0.234004],[0.0880328,0.471955,0.028044,0.411968],[0.132024,0.867876,4.95901e-05,5.03899e-05],[0.00204999,0.975854,0.00204919,0.0200464],[0.0980308,0.835882,0.0200456,0.0460412]]},{"db":2,"id":"NKX21_HUMAN.H11MO.0.A","len":10,"ltrim":1,"rtrim":1,"nsites":500,"evalue":"1.0e+000","url":"http://hocomoco.autosome.ru/motif/NKX21_HUMAN.H11MO.0.A","pwm":[[0.0660372,0.421965,0.226004,0.285993],[0.132024,0.0920312,0.0240448,0.7519],[0.0760352,0.0220452,0.333983,0.567937],[0.0340436,0.00604839,0.957858,0.00204999],[0.995851,0.00204919,4.95901e-05,0.00204999],[0.0100484,0.00804799,0.981853,5.03899e-05],[0.281994,0.00204919,0.104029,0.611928],[0.108029,0.00204919,0.877874,0.012048],[0.032044,0.325984,0.443961,0.198011],[0.158019,0.34798,0.156018,0.337983]]},{"db":2,"id":"OSR2_HUMAN.H11MO.0.C","len":16,"ltrim":4,"rtrim":0,"nsites":473,"evalue":"1.0e+000","url":"http://hocomoco.autosome.ru/motif/OSR2_HUMAN.H11MO.0.C","pwm":[[0.173378,0.164922,0.488321,0.173378],[0.0719197,0.403773,0.211424,0.312884],[0.167037,0.287518,0.122648,0.422797],[0.131104,0.346702,0.378408,0.143786],[0.0550099,0.670101,0.0592365,0.215653],[0.344589,0.0211896,0.145899,0.488322],[0.0338728,0.0169622,0.944884,0.0042807],[0.0148493,0.972363,0.00850729,0.0042807],[0.00216698,0.0486679,0.00216614,0.946999],[0.243131,0.215652,0.205083,0.336134],[0.00216698,0.991386,0.00216614,0.0042807],[0.00850814,0.173377,0.00216614,0.815948],[0.0951706,0.167036,0.617258,0.120535],[0.181833,0.446047,0.122648,0.249472],[0.302315,0.109966,0.232561,0.355158],[0.0803746,0.16915,0.587666,0.16281]]},{"db":2,"id":"OTX2_HUMAN.H11MO.0.A","len":11,"ltrim":1,"rtrim":1,"nsites":500,"evalue":"1.0e+000","url":"http://hocomoco.autosome.ru/motif/OTX2_HUMAN.H11MO.0.A","pwm":[[0.443962,0.140022,0.255998,0.160018],[0.379974,0.0600376,0.417966,0.142022],[0.333984,0.0820332,0.527944,0.0560392],[0.210008,0.00204919,0.771895,0.0160472],[0.032044,0.0400416,0.923865,0.00404959],[0.835883,0.152019,0.00404879,0.00804879],[0.00204999,0.00604839,0.00404879,0.987853],[0.0140476,0.0200456,0.00804799,0.957859],[0.883874,0.00404879,0.0220452,0.0900324],[0.427965,0.0500396,0.401969,0.120026],[0.208009,0.357978,0.355978,0.0780348]]},{"db":2,"id":"PAX5_HUMAN.H11MO.0.A","len":21,"ltrim":0,"rtrim":0,"nsites":202,"evalue":"1.0e+000","url":"http://hocomoco.autosome.ru/motif/PAX5_HUMAN.H11MO.0.A","pwm":[[0.133722,0.282161,0.504823,0.0792934],[0.128774,0.499875,0.188148,0.183202],[0.148566,0.415759,0.331642,0.104034],[0.202995,0.0545512,0.257421,0.485033],[0.198047,0.0446551,0.752226,0.00507274],[0.158462,0.138668,0.53946,0.16341],[0.0248649,0.118876,0.623576,0.232683],[0.034761,0.875927,0.0594993,0.029813],[0.781916,0.034759,0.163408,0.0199169],[0.386072,0.113928,0.465239,0.034761],[0.034761,0.732433,0.128772,0.104034],[0.410812,0.267317,0.277213,0.0446571],[0.311852,0.0199149,0.618628,0.0496051],[0.682955,0.0397071,0.163408,0.11393],[0.034761,0.163408,0.772018,0.029813],[0.0100208,0.781914,0.0446551,0.16341],[0.217839,0.034759,0.717589,0.029813],[0.321748,0.029811,0.15846,0.489981],[0.173306,0.029811,0.79181,0.00507274],[0.811604,0.034759,0.104032,0.0496051],[0.118878,0.801706,0.029811,0.0496051]]},{"db":2,"id":"PAX6_HUMAN.H11MO.0.C","len":12,"ltrim":0,"rtrim":0,"nsites":500,"evalue":"1.0e+000","url":"http://hocomoco.autosome.ru/motif/PAX6_HUMAN.H11MO.0.C","pwm":[[0.124026,0.0320432,0.0740348,0.769896],[0.022046,0.341981,0.038042,0.597931],[0.415967,0.467956,0.0500396,0.0660372],[0.0440416,0.565936,0.0400416,0.34998],[0.285993,0.0700356,0.605928,0.0380428],[0.0100484,0.803889,0.166016,0.0200464],[0.257999,0.136022,0.018046,0.587933],[0.0280448,0.0760344,0.018046,0.877875],[0.0140476,0.407968,0.567936,0.0100484],[0.709908,0.0160464,0.236002,0.0380428],[0.146021,0.357978,0.287992,0.208009],[0.0660372,0.0940308,0.0320432,0.807889]]},{"db":2,"id":"PBX1_HUMAN.H11MO.0.A","len":10,"ltrim":0,"rtrim":0,"nsites":500,"evalue":"1.0e+000","url":"http://hocomoco.autosome.ru/motif/PBX1_HUMAN.H11MO.0.A","pwm":[[0.210008,0.088032,0.202009,0.49995],[0.0640376,0.0900316,0.833883,0.012048],[0.867877,0.0540388,0.0240448,0.0540396],[0.042042,0.265996,0.339982,0.35198],[0.072036,0.0760344,0.172015,0.679914],[0.0380428,0.0120472,0.943861,0.00604919],[0.683914,0.00204919,0.305988,0.00804879],[0.0360432,0.857878,0.0220452,0.0840336],[0.683914,0.0220452,0.228004,0.0660372],[0.108029,0.102029,0.685912,0.10403]]},{"db":2,"id":"PBX3_HUMAN.H11MO.0.A","len":11,"ltrim":0,"rtrim":1,"nsites":420,"evalue":"1.0e+000","url":"http://hocomoco.autosome.ru/motif/PBX3_HUMAN.H11MO.0.A","pwm":[[0.18573,0.0643294,0.150023,0.599917],[0.0405265,0.0191021,0.93317,0.00720114],[0.949834,0.00958058,0.0214825,0.0191031],[0.0714716,0.261901,0.326172,0.340455],[0.116699,0.0905137,0.245239,0.547549],[0.0381462,0.0357648,0.890323,0.0357658],[0.580874,0.0524275,0.361878,0.00482076],[0.0429069,0.880802,0.0191021,0.0571892],[0.545168,0.0167217,0.340454,0.0976558],[0.0571892,0.104796,0.68561,0.152405],[0.0952754,0.342835,0.426148,0.135742]]},{"db":2,"id":"PKNX1_HUMAN.H11MO.0.B","len":11,"ltrim":0,"rtrim":1,"nsites":480,"evalue":"1.0e+000","url":"http://hocomoco.autosome.ru/motif/PKNX1_HUMAN.H11MO.0.B","pwm":[[0.147938,0.0896163,0.104197,0.658249],[0.0417105,0.0521241,0.895698,0.010467],[0.949855,0.0125491,0.0271293,0.010467],[0.0229644,0.268746,0.331233,0.377057],[0.102115,0.0604557,0.114611,0.722819],[0.0229644,0.00421745,0.962351,0.010467],[0.622839,0.00630035,0.362476,0.00838409],[0.0271302,0.935273,0.00421745,0.0333789],[0.629088,0.0521241,0.216673,0.102115],[0.0542079,0.116694,0.735315,0.093783],[0.147938,0.352062,0.406217,0.093783]]},{"db":2,"id":"RARA_HUMAN.H11MO.0.A","len":20,"ltrim":0,"rtrim":0,"nsites":499,"evalue":"1.0e+000","url":"http://hocomoco.autosome.ru/motif/RARA_HUMAN.H11MO.0.A","pwm":[[0.260519,0.124273,0.551041,0.0641659],[0.210429,0.112252,0.551041,0.126278],[0.370718,0.0561507,0.464886,0.108245],[0.284563,0.0922156,0.432829,0.190393],[0.168353,0.208425,0.555049,0.0681731],[0.394761,0.0942192,0.356692,0.154328],[0.102234,0.156331,0.24449,0.496945],[0.110249,0.506962,0.260519,0.12227],[0.442848,0.230464,0.192396,0.134292],[0.428822,0.0681723,0.354688,0.148317],[0.36671,0.0501399,0.549038,0.0341118],[0.811511,0.00606051,0.168353,0.0140757],[0.0421262,4.96894e-05,0.949759,0.00806492],[0.0200866,0.0100677,0.508966,0.46088],[0.0160793,0.0461326,0.0661687,0.871619],[0.0020541,0.937738,0.0401218,0.0200866],[0.983821,4.96894e-05,0.0040569,0.0120721],[0.563064,0.108244,0.256511,0.0721803],[0.178371,0.0521435,0.699308,0.0701767],[0.112252,0.0862048,0.737377,0.0641659]]},{"db":2,"id":"RARG_HUMAN.H11MO.0.B","len":18,"ltrim":0,"rtrim":4,"nsites":500,"evalue":"1.0e+000","url":"http://hocomoco.autosome.ru/motif/RARG_HUMAN.H11MO.0.B","pwm":[[0.575935,0.018046,0.387972,0.0180468],[0.176015,0.00604839,0.755898,0.062038],[0.140022,0.00604839,0.84588,0.00804879],[0.0640376,0.0100476,0.134023,0.791892],[0.0140476,0.887872,0.0360424,0.062038],[0.919866,0.0120472,0.0520392,0.0160472],[0.186013,0.329984,0.375974,0.108029],[0.429964,0.291991,0.242001,0.0360432],[0.297991,0.186012,0.439962,0.0760352],[0.206009,0.126024,0.108028,0.559938],[0.0940316,0.166016,0.685912,0.0540396],[0.407969,0.220006,0.230004,0.142022],[0.228005,0.615926,0.0960304,0.0600384],[0.295991,0.591931,0.0420412,0.0700364],[0.140022,0.226004,0.14602,0.487953],[0.178015,0.164017,0.455958,0.20201],[0.269996,0.112027,0.479954,0.138023],[0.311988,0.234003,0.339982,0.114028]]},{"db":2,"id":"RELB_HUMAN.H11MO.0.C","len":12,"ltrim":1,"rtrim":1,"nsites":28,"evalue":"1.0e+000","url":"http://hocomoco.autosome.ru/motif/RELB_HUMAN.H11MO.0.C","pwm":[[0.273053,0.150129,0.466181,0.110637],[0.141364,0.0755059,0.747116,0.0360137],[0.0711305,0.0359994,0.891973,0.000896797],[0.176481,0.000882562,0.821739,0.000896797],[0.356455,0.000882562,0.641766,0.000896797],[0.448637,0.435454,0.000882562,0.115027],[0.0404033,0.000882562,0.106233,0.852481],[0.0360137,0.000882562,0.14135,0.821754],[0.0360137,0.128181,0.000882562,0.834923],[0.141364,0.641766,0.176467,0.0404033],[0.215988,0.711999,0.0711163,0.000896797],[0.325728,0.382779,0.110623,0.180871]]},{"db":2,"id":"RFX1_HUMAN.H11MO.0.B","len":22,"ltrim":0,"rtrim":0,"nsites":457,"evalue":"1.0e+000","url":"http://hocomoco.autosome.ru/motif/RFX1_HUMAN.H11MO.0.B","pwm":[[0.0732845,0.373754,0.409463,0.143498],[0.108945,0.457284,0.267766,0.166004],[0.0672707,0.430215,0.321194,0.181321],[0.0922404,0.401205,0.375