<!DOCTYPE HTML>
<html>
  <head>
    <meta charset="UTF-8">
    <title>SpaMo - Spaced Motif Analysis</title>
    <script type="text/javascript">
      //@JSON_VAR data
      var data = {"program":"SpaMo","version":"4.11.3","revision":"c13e15f35e38483381a6e8a363f9137e303c0765","release":"Sat Mar 11 20:16:08 2017 -0800","host":"uger-r7-c001.broadinstitute.org","when":"Sat Feb 27 05:11:54 2021","cmd":["spamo","-verbosity","1","-oc","/broad/sankaranlab/fyu/HemeMap/02262021-downMast_re-analysis/motif_denovo/down_mast0035_interactions_10x_hocomoco_meme-chip/spamo_out_21","-bgfile","/broad/sankaranlab/fyu/HemeMap/02262021-downMast_re-analysis/motif_denovo/down_mast0035_interactions_10x_hocomoco_meme-chip/background","-primary","OSR2_HUMAN.H11MO.0.C","/broad/sankaranlab/fyu/HemeMap/02262021-downMast_re-analysis/motif_denovo/down_mast0035_interactions_10x_hocomoco_meme-chip/20210227-deg_interactions_peaks_down_mast0035_fa_1based.fa","/broad/sankaranlab/fyu/motif_data/HOCOMOCOv11_core_HUMAN_mono_meme_format.meme","/broad/sankaranlab/fyu/HemeMap/02262021-downMast_re-analysis/motif_denovo/down_mast0035_interactions_10x_hocomoco_meme-chip/meme_out/meme.xml","/broad/sankaranlab/fyu/HemeMap/02262021-downMast_re-analysis/motif_denovo/down_mast0035_interactions_10x_hocomoco_meme-chip/dreme_out/dreme.xml","/broad/sankaranlab/fyu/motif_data/HOCOMOCOv11_core_HUMAN_mono_meme_format.meme"],"options":{"seq_min_hit_score":7,"margin":150,"bin_size":1,"bin_pvalue_calc_range":150,"use_best_secondary":0,"seq_max_shared_fract":0.5,"seq_odds_ratio":20,"bin_pvalue_cutoff":0.05,"motif_evalue_cutoff":10,"redundant_overlap":2,"redundant_joint":0.5,"motif_pseudocount":0.1,"bgfile":"/broad/sankaranlab/fyu/HemeMap/02262021-downMast_re-analysis/motif_denovo/down_mast0035_interactions_10x_hocomoco_meme-chip/background","motif_trim":0.25,"xalph":0,"seed":1,"bin_max":49},"alphabet":{"name":"DNA","like":"dna","ncore":4,"symbols":[{"symbol":"A","name":"Adenine","colour":"CC0000","complement":"T"},{"symbol":"C","name":"Cytosine","colour":"0000CC","complement":"G"},{"symbol":"G","name":"Guanine","colour":"FFB300","complement":"C"},{"symbol":"T","aliases":"U","name":"Thymine","colour":"008000","complement":"A"},{"symbol":"N","aliases":"X.","name":"Any base","equals":"ACGT"},{"symbol":"V","name":"Not T","equals":"ACG"},{"symbol":"H","name":"Not G","equals":"ACT"},{"symbol":"D","name":"Not C","equals":"AGT"},{"symbol":"B","name":"Not A","equals":"CGT"},{"symbol":"M","name":"Amino","equals":"AC"},{"symbol":"R","name":"Purine","equals":"AG"},{"symbol":"W","name":"Weak","equals":"AT"},{"symbol":"S","name":"Strong","equals":"CG"},{"symbol":"Y","name":"Pyrimidine","equals":"CT"},{"symbol":"K","name":"Keto","equals":"GT"}]},"background":[0.252,0.248,0.248,0.252],"sequence_dbs":[{"source":"/broad/sankaranlab/fyu/HemeMap/02262021-downMast_re-analysis/motif_denovo/down_mast0035_interactions_10x_hocomoco_meme-chip/20210227-deg_interactions_peaks_down_mast0035_fa_1based.fa","name":"20210227-deg_interactions_peaks_down_mast0035_fa_1based","last_modified":"Sat Feb 27 03:25:29 2021","loaded":6605,"excluded_too_short":0,"excluded_no_match":3276,"excluded_ambigs":0,"excluded_similar":39,"erased_primary_matches":3828}],"primary_dbs":[{"source":"/broad/sankaranlab/fyu/motif_data/HOCOMOCOv11_core_HUMAN_mono_meme_format.meme","name":"HOCOMOCOv11_core_HUMAN_mono_meme_format","last_modified":"Sat Jun 23 07:43:00 2018","loaded":400,"excluded":399}],"secondary_dbs":[{"source":"/broad/sankaranlab/fyu/HemeMap/02262021-downMast_re-analysis/motif_denovo/down_mast0035_interactions_10x_hocomoco_meme-chip/meme_out/meme.xml","name":"meme.xml","last_modified":"Sat Feb 27 04:16:29 2021","loaded":10,"excluded":0},{"source":"/broad/sankaranlab/fyu/HemeMap/02262021-downMast_re-analysis/motif_denovo/down_mast0035_interactions_10x_hocomoco_meme-chip/dreme_out/dreme.xml","name":"dreme.xml","last_modified":"Sat Feb 27 04:25:46 2021","loaded":10,"excluded":0},{"source":"/broad/sankaranlab/fyu/motif_data/HOCOMOCOv11_core_HUMAN_mono_meme_format.meme","name":"HOCOMOCOv11_core_HUMAN_mono_meme_format","last_modified":"Sat Jun 23 07:43:00 2018","loaded":401,"excluded":1}],"secondary_motifs":[{"db":0,"id":"1","alt":"MEME","len":15,"ltrim":0,"rtrim":0,"nsites":119,"evalue":"2.9e-055","pwm":[[0.109364,0.033793,0.000208228,0.856635],[0.000211587,0.000208228,0.218512,0.781068],[0.0673821,0.26889,0.000208228,0.66352],[0.218515,0.310871,0.00860417,0.462009],[0.310875,0.117756,0.0253971,0.545971],[0.100967,0.0925676,0.100964,0.705501],[0.000211587,0.000208228,0.252098,0.747483],[0.0337964,0.0253971,0.000208228,0.940597],[0.226912,0.168134,0.000208228,0.604746],[0.00860753,0.33606,0.0170011,0.63833],[0.193326,0.0253971,0.000208228,0.781068],[0.134553,0.327664,0.243701,0.294083],[0.000211587,0.151342,0.000208228,0.848238],[0.0505893,0.151342,0.000208228,0.79786],[0.285686,0.033793,0.000208228,0.680312]]},{"db":0,"id":"4","alt":"MEME","len":27,"ltrim":0,"rtrim":0,"nsites":11,"evalue":"3.9e-028","pwm":[[0.993261,0.00223423,0.00223423,0.00227027],[0.00227027,0.632865,0.362594,0.00227027],[0.36263,0.00223423,0.00223423,0.632901],[0.00227027,0.813045,0.0923242,0.0923603],[0.00227027,0.813045,0.00223423,0.18245],[0.993261,0.00223423,0.00223423,0.00227027],[0.00227027,0.00223423,0.993225,0.00227027],[0.00227027,0.903135,0.0923242,0.00227027],[0.00227027,0.813045,0.00223423,0.18245],[0.00227027,0.0923242,0.00223423,0.903171],[0.27254,0.00223423,0.632865,0.0923603],[0.0923603,0.00223423,0.813045,0.0923603],[0.00227027,0.182414,0.813045,0.00227027],[0.00227027,0.632865,0.00223423,0.36263],[0.632901,0.00223423,0.362594,0.00227027],[0.903171,0.00223423,0.0923242,0.00227027],[0.00227027,0.903135,0.00223423,0.0923603],[0.903171,0.0923242,0.00223423,0.00227027],[0.0923603,0.00223423,0.632865,0.27254],[0.632901,0.00223423,0.362594,0.00227027],[0.00227027,0.00223423,0.993225,0.00227027],[0.0923603,0.182414,0.0923242,0.632901],[0.0923603,0.00223423,0.903135,0.00227027],[0.903171,0.00223423,0.0923242,0.00227027],[0.18245,0.00223423,0.813045,0.00227027],[0.993261,0.00223423,0.00223423,0.00227027],[0.00227027,0.813045,0.00223423,0.18245]]},{"db":0,"id":"5","alt":"MEME","len":30,"ltrim":0,"rtrim":0,"nsites":9,"evalue":"1.6e-013","pwm":[[0.00276923,0.00272527,0.991736,0.00276923],[0.00276923,0.771956,0.00272527,0.222549],[0.00276923,0.00272527,0.00272527,0.99178],[0.00276923,0.112615,0.771956,0.112659],[0.112659,0.00272527,0.881846,0.00276923],[0.112659,0.00272527,0.881846,0.00276923],[0.88189,0.00272527,0.112615,0.00276923],[0.00276923,0.552176,0.00272527,0.442329],[0.00276923,0.112615,0.112615,0.772],[0.88189,0.112615,0.00272527,0.00276923],[0.112659,0.771956,0.00272527,0.112659],[0.88189,0.00272527,0.112615,0.00276923],[0.112659,0.00272527,0.881846,0.00276923],[0.112659,0.00272527,0.881846,0.00276923],[0.00276923,0.771956,0.00272527,0.222549],[0.112659,0.00272527,0.881846,0.00276923],[0.00276923,0.442285,0.00272527,0.55222],[0.112659,0.112615,0.662066,0.112659],[0.332439,0.222505,0.00272527,0.442329],[0.222549,0.00272527,0.771956,0.00276923],[0.00276923,0.991736,0.00272527,0.00276923],[0.00276923,0.881846,0.112615,0.00276923],[0.88189,0.00272527,0.112615,0.00276923],[0.00276923,0.881846,0.112615,0.00276923],[0.00276923,0.771956,0.00272527,0.222549],[0.442329,0.112615,0.442285,0.00276923],[0.112659,0.771956,0.00272527,0.112659],[0.442329,0.332395,0.222505,0.00276923],[0.00276923,0.771956,0.112615,0.112659],[0.332439,0.662066,0.00272527,0.00276923]]},{"db":0,"id":"6","alt":"MEME","len":30,"ltrim":0,"rtrim":0,"nsites":5,"evalue":"1.2e-007","pwm":[[0.20102,0.00486275,0.789176,0.00494118],[0.00494118,0.985255,0.00486275,0.00494118],[0.985333,0.00486275,0.00486275,0.00494118],[0.789255,0.00486275,0.200941,0.00494118],[0.00494118,0.00486275,0.00486275,0.985333],[0.00494118,0.00486275,0.985255,0.00494118],[0.20102,0.00486275,0.789176,0.00494118],[0.00494118,0.789176,0.200941,0.00494118],[0.593176,0.00486275,0.39702,0.00494118],[0.00494118,0.593098,0.00486275,0.397098],[0.20102,0.00486275,0.593098,0.20102],[0.985333,0.00486275,0.00486275,0.00494118],[0.00494118,0.00486275,0.00486275,0.985333],[0.20102,0.789176,0.00486275,0.00494118],[0.20102,0.00486275,0.00486275,0.789255],[0.00494118,0.985255,0.00486275,0.00494118],[0.789255,0.00486275,0.200941,0.00494118],[0.00494118,0.00486275,0.985255,0.00494118],[0.00494118,0.789176,0.00486275,0.20102],[0.00494118,0.00486275,0.00486275,0.985333],[0.00494118,0.985255,0.00486275,0.00494118],[0.985333,0.00486275,0.00486275,0.00494118],[0.00494118,0.985255,0.00486275,0.00494118],[0.00494118,0.00486275,0.00486275,0.985333],[0.00494118,0.00486275,0.985255,0.00494118],[0.20102,0.789176,0.00486275,0.00494118],[0.985333,0.00486275,0.00486275,0.00494118],[0.789255,0.00486275,0.200941,0.00494118],[0.00494118,0.985255,0.00486275,0.00494118],[0.00494118,0.985255,0.00486275,0.00494118]]},{"db":1,"id":"AGGAARY","alt":"DREME","len":7,"ltrim":0,"rtrim":0,"nsites":1683,"evalue":"1.3e-153","pwm":[[0.999956,1.47347e-05,1.47347e-05,1.49724e-05],[1.49724e-05,1.47347e-05,0.999955,1.49724e-05],[1.49724e-05,1.47347e-05,0.999955,1.49724e-05],[0.999956,1.47347e-05,1.47347e-05,1.49724e-05],[0.999956,1.47347e-05,1.47347e-05,1.49724e-05],[0.442057,1.47347e-05,0.557914,1.49724e-05],[1.49724e-05,0.489588,1.47347e-05,0.510383]]},{"db":1,"id":"CNCMGCC","alt":"DREME","len":7,"ltrim":0,"rtrim":0,"nsites":1994,"evalue":"8.1e-025","pwm":[[1.26373e-05,0.999962,1.24367e-05,1.26373e-05],[0.184557,0.381136,0.214646,0.219661],[1.26373e-05,0.999962,1.24367e-05,1.26373e-05],[0.473409,0.526566,1.24367e-05,1.26373e-05],[1.26373e-05,1.24367e-05,0.999962,1.26373e-05],[1.26373e-05,0.999962,1.24367e-05,1.26373e-05],[1.26373e-05,0.999962,1.24367e-05,1.26373e-05]]},{"db":1,"id":"GTGRC","alt":"DREME","len":5,"ltrim":0,"rtrim":0,"nsites":2897,"evalue":"1.5e-009","pwm":[[8.69835e-06,8.56028e-06,0.999974,8.69835e-06],[8.69835e-06,8.56028e-06,8.56028e-06,0.999974],[8.69835e-06,8.56028e-06,0.999974,8.69835e-06],[0.409384,8.56028e-06,0.590599,8.69835e-06],[8.69835e-06,0.999974,8.56028e-06,8.69835e-06]]},{"db":1,"id":"RTGACKCA","alt":"DREME","len":8,"ltrim":0,"rtrim":0,"nsites":240,"evalue":"6.0e-025","pwm":[[0.445752,0.00010329,0.554039,0.000104956],[0.000104956,0.00010329,0.00010329,0.999688],[0.000104956,0.00010329,0.999687,0.000104956],[0.999688,0.00010329,0.00010329,0.000104956],[0.000104956,0.999687,0.00010329,0.000104956],[0.000104956,0.00010329,0.166701,0.833091],[0.000104956,0.999687,0.00010329,0.000104956],[0.999688,0.00010329,0.00010329,0.000104956]]},{"db":2,"id":"AP2B_HUMAN.H11MO.0.B","len":10,"ltrim":0,"rtrim":1,"nsites":28,"evalue":"1.0e+000","url":"http://hocomoco.autosome.ru/motif/AP2B_HUMAN.H11MO.0.B","pwm":[[0.0402818,0.000882562,0.780706,0.178129],[0.000896797,0.646797,0.24507,0.107236],[0.000896797,0.961877,0.000882562,0.0363433],[0.115113,0.571966,0.000882562,0.312039],[0.0757284,0.0363291,0.887046,0.000896797],[0.327793,0.315963,0.355348,0.000896797],[0.0717899,0.0363291,0.851599,0.0402818],[0.000896797,0.000882562,0.997324,0.000896797],[0.19093,0.123961,0.675351,0.00975843],[0.222438,0.446918,0.253931,0.076713]]},{"db":2,"id":"AP2C_HUMAN.H11MO.0.A","len":14,"ltrim":2,"rtrim":2,"nsites":500,"evalue":"1.0e+000","url":"http://hocomoco.autosome.ru/motif/AP2C_HUMAN.H11MO.0.A","pwm":[[0.387201,0.20104,0.269562,0.142197],[0.196086,0.123623,0.166417,0.513874],[0.18461,0.0998018,0.518376,0.197213],[0.00958328,0.506988,0.471848,0.0115811],[0.00385324,0.988135,0.0079611,5.03899e-05],[0.00191824,0.951682,0.00239396,0.0440058],[0.0500556,0.131889,0.0254216,0.792633],[0.0354075,4.95901e-05,0.917075,0.0474679],[0.554977,0.0254432,0.415804,0.0037763],[0.0734763,4.95901e-05,0.924453,0.0020208],[5.03899e-05,4.95901e-05,0.997967,0.00193349],[0.0289762,0.618173,0.340999,0.011852],[0.313914,0.351519,0.0971825,0.237385],[0.42824,0.170536,0.241669,0.159554]]},{"db":2,"id":"ARI5B_HUMAN.H11MO.0.C","len":13,"ltrim":2,"rtrim":1,"nsites":15,"evalue":"1.0e+000","url":"http://hocomoco.autosome.ru/motif/ARI5B_HUMAN.H11MO.0.C","pwm":[[0.216901,0.0844238,0.349325,0.349351],[0.134119,0.266543,0.398993,0.200344],[0.00166887,0.266543,0.200318,0.53147],[0.00166887,0.134093,0.332768,0.53147],[0.332795,0.0678675,0.332768,0.26657],[0.200344,0.0678675,0.663894,0.067894],[0.00166887,0.00164238,0.00164238,0.995046],[0.862596,0.00164238,0.134093,0.00166887],[0.00166887,0.134093,0.00164238,0.862596],[0.00166887,0.0678675,0.0678675,0.862596],[0.134119,0.266543,0.531444,0.067894],[0.134119,0.0678675,0.266543,0.53147],[0.250013,0.117536,0.448662,0.183788]]},{"db":2,"id":"ATF4_HUMAN.H11MO.0.A","len":12,"ltrim":0,"rtrim":0,"nsites":500,"evalue":"1.0e+000","url":"http://hocomoco.autosome.ru/motif/ATF4_HUMAN.H11MO.0.A","pwm":[[0.397971,0.0640368,0.381973,0.156019],[0.236003,0.186012,0.393971,0.184014],[0.533944,0.329984,0.136022,5.03899e-05],[0.00204999,0.00204919,4.95901e-05,0.995851],[5.03899e-05,0.00604839,0.977854,0.0160472],[0.979854,0.00604839,0.0100476,0.00404959],[5.03899e-05,0.0520392,0.00604839,0.941862],[5.03899e-05,0.00604839,0.993851,5.03899e-05],[0.10203,0.801889,0.00204919,0.0940316],[0.993852,0.00604839,4.95901e-05,5.03899e-05],[0.997851,4.95901e-05,0.00204919,5.03899e-05],[0.0160472,0.291991,0.130024,0.561938]]},{"db":2,"id":"ATF6A_HUMAN.H11MO.0.B","len":12,"ltrim":0,"rtrim":0,"nsites":20,"evalue":"1.0e+000","url":"http://hocomoco.autosome.ru/motif/ATF6A_HUMAN.H11MO.0.B","pwm":[[0.184951,0.184931,0.582941,0.047178],[0.00125373,0.215547,0.322703,0.460496],[0.00125373,0.261471,0.598249,0.139026],[0.0931022,0.399244,0.460476,0.047178],[0.00125373,0.03185,0.00123383,0.965662],[0.00125373,0.0471581,0.950334,0.00125373],[0.919738,0.0471581,0.00123383,0.0318699],[0.00125373,0.996259,0.00123383,0.00125373],[0.00125373,0.00123383,0.996259,0.00125373],[0.00125373,0.00123383,0.00123383,0.996279],[0.00125373,0.0930823,0.90441,0.00125373],[0.0931022,0.00123383,0.90441,0.00125373]]},{"db":2,"id":"BACH1_HUMAN.H11MO.0.A","len":13,"ltrim":0,"rtrim":2,"nsites":500,"evalue":"1.0e+000","url":"http://hocomoco.autosome.ru/motif/BACH1_HUMAN.H11MO.0.A","pwm":[[0.0628518,0.168181,0.0975443,0.671423],[0.00920706,0.0664246,0.922336,0.00203245],[0.0209148,0.967525,0.00397404,0.00758595],[0.0362186,0.0795828,0.0801386,0.80406],[0.00389864,0.061356,0.890887,0.0438583],[0.802821,0.0206186,0.124522,0.0520382],[0.013312,0.214865,0.763222,0.00860076],[0.00624997,0.036179,0.145877,0.811694],[0.0162415,0.943692,0.0343163,0.00575033],[0.786282,0.0958372,0.0824529,0.0354281],[0.00982771,0.334262,0.256605,0.399306],[0.151629,0.265555,0.394692,0.188124],[0.105265,0.378564,0.3726,0.143571]]},{"db":2,"id":"BACH2_HUMAN.H11MO.0.A","len":11,"ltrim":0,"rtrim":1,"nsites":500,"evalue":"1.0e+000","url":"http://hocomoco.autosome.ru/motif/BACH2_HUMAN.H11MO.0.A","pwm":[[0.122026,0.0960304,0.068036,0.713908],[0.0140476,0.078034,0.893871,0.0140476],[0.0440416,0.923865,0.0120472,0.0200464],[0.0780348,0.038042,0.00804799,0.875875],[0.0580388,0.0600376,0.793891,0.0880328],[0.757899,0.038042,0.0560384,0.148021],[0.0440416,0.224005,0.669916,0.062038],[0.0100484,0.0160464,0.00804799,0.965857],[0.0600384,0.919866,0.0160464,0.00404959],[0.963858,0.0120472,0.00804799,0.0160472],[0.0560392,0.319986,0.212007,0.411968]]},{"db":2,"id":"CEBPB_HUMAN.H11MO.0.A","len":12,"ltrim":1,"rtrim":1,"nsites":454,"evalue":"1.0e+000","url":"http://hocomoco.autosome.ru/motif/CEBPB_HUMAN.H11MO.0.A","pwm":[[0.237889,0.0991517,0.3524,0.31056],[0.4537,0.132184,0.387634,0.0264814],[5.54944e-05,0.00225677,0.00225677,0.995431],[5.54944e-05,5.46135e-05,0.299548,0.700342],[0.301751,0.00225677,0.513157,0.182835],[0.16742,0.259909,0.0815345,0.491137],[5.54944e-05,5.46135e-05,0.999834,5.54944e-05],[0.0815353,0.898535,5.46135e-05,0.0198749],[0.999835,5.46135e-05,5.46135e-05,5.54944e-05],[0.999835,5.46135e-05,5.46135e-05,5.54944e-05],[5.54944e-05,0.244494,0.147599,0.607851],[0.370018,0.33258,0.182834,0.114568]]},{"db":2,"id":"CLOCK_HUMAN.H11MO.0.C","len":14,"ltrim":0,"rtrim":0,"nsites":252,"evalue":"1.0e+000","url":"http://hocomoco.autosome.ru/motif/CLOCK_HUMAN.H11MO.0.C","pwm":[[0.158767,0.599067,0.178599,0.0635668],[0.424535,0.115132,0.190499,0.269834],[0.202401,0.146866,0.5118,0.138934],[0.337268,0.321399,0.166699,0.174634],[0.0953003,0.848968,0.0437319,0.012],[0.809303,0.0635653,0.0437319,0.0834002],[0.1548,0.607,0.127032,0.111167],[0.253967,0.0556319,0.642701,0.0477001],[0.0953003,0.119099,0.0437319,0.741869],[0.0873669,0.0238985,0.860868,0.0278667],[0.400735,0.313466,0.178599,0.1072],[0.369001,0.242066,0.281733,0.1072],[0.222234,0.388833,0.289666,0.099267],[0.491968,0.297599,0.0238985,0.186534]]},{"db":2,"id":"DLX3_HUMAN.H11MO.0.C","len":10,"ltrim":0,"rtrim":1,"nsites":34,"evalue":"1.0e+000","url":"http://hocomoco.autosome.ru/motif/DLX3_HUMAN.H11MO.0.C","pwm":[[0.173313,0.128547,0.659091,0.0390497],[0.412029,0.403803,0.183429,0.000739003],[0.000739003,0.0231044,0.000727273,0.975429],[0.975429,0.000727273,0.0231044,0.000739003],[0.997806,0.000727273,0.000727273,0.000739003],[0.000739003,0.000727273,0.000727273,0.997806],[0.000739003,0.000727273,0.0454816,0.953052],[0.541475,0.000727273,0.363866,0.0939321],[0.161063,0.515689,0.277754,0.0454933],[0.445523,0.154608,0.102772,0.297097]]},{"db":2,"id":"E2F1_HUMAN.H11MO.0.A","len":14,"ltrim":4,"rtrim":2,"nsites":500,"evalue":"1.0e+000","url":"http://hocomoco.autosome.ru/motif/E2F1_HUMAN.H11MO.0.A","pwm":[[0.327985,0.160018,0.377974,0.134024],[0.236003,0.20001,0.451959,0.112028],[0.271996,0.210008,0.289992,0.228005],[0.190012,0.102029,0.465956,0.242002],[0.082034,0.20001,0.703909,0.0140476],[0.0180468,0.00604839,0.965856,0.0100484],[0.0560392,0.921865,0.00404879,0.0180468],[0.0160472,0.00804799,0.957858,0.0180468],[0.022046,0.0820332,0.889872,0.00604919],[0.0680368,0.0340428,0.889872,0.00804879],[0.855879,0.0200456,0.0900316,0.0340436],[0.65392,0.0640368,0.271995,0.0100484],[0.39997,0.140022,0.365976,0.0940316],[0.271996,0.164017,0.39597,0.168017]]},{"db":2,"id":"E2F3_HUMAN.H11MO.0.A","len":11,"ltrim":2,"rtrim":0,"nsites":500,"evalue":"1.0e+000","url":"http://hocomoco.autosome.ru/motif/E2F3_HUMAN.H11MO.0.A","pwm":[[0.375975,0.140022,0.208008,0.275995],[0.261998,0.0460404,0.409968,0.281994],[0.126025,0.124025,0.675914,0.0740356],[0.0340436,0.00604839,0.955858,0.00404959],[0.124026,0.769896,0.0200456,0.0860332],[0.15202,0.00404879,0.683913,0.160018],[0.0960312,0.0200456,0.867876,0.0160472],[0.0180468,0.0100476,0.957858,0.0140476],[0.833884,0.038042,0.118026,0.0100484],[0.711908,0.0620372,0.20001,0.0260452],[0.533944,0.110028,0.25,0.106029]]},{"db":2,"id":"E2F6_HUMAN.H11MO.0.A","len":13,"ltrim":1,"rtrim":2,"nsites":500,"evalue":"1.0e+000","url":"http://hocomoco.autosome.ru/motif/E2F6_HUMAN.H11MO.0.A","pwm":[[0.337983,0.14802,0.341981,0.172016],[0.261998,0.0340428,0.555938,0.148021],[0.15402,0.126024,0.69991,0.0200464],[0.0100484,0.0160464,0.963857,0.0100484],[0.214008,0.707908,0.0120472,0.0660372],[0.0400424,0.018046,0.893871,0.0480408],[0.0240456,0.04804,0.89587,0.032044],[0.072036,0.0440408,0.871875,0.012048],[0.941862,0.0320432,0.0140468,0.012048],[0.511948,0.0360424,0.435962,0.0160472],[0.383974,0.108028,0.437962,0.0700364],[0.277995,0.218006,0.377974,0.126025],[0.275995,0.162017,0.425964,0.136023]]},{"db":2,"id":"E2F7_HUMAN.H11MO.0.B","len":13,"ltrim":0,"rtrim":3,"nsites":500,"evalue":"1.0e+000","url":"http://hocomoco.autosome.ru/motif/E2F7_HUMAN.H11MO.0.B","pwm":[[0.196011,0.14802,0.529944,0.126025],[0.337983,0.0320432,0.415966,0.214008],[0.142022,0.0820332,0.771895,0.00404959],[0.0440416,0.00404879,0.941861,0.0100484],[0.0840336,0.853879,0.00404879,0.0580388],[0.140022,0.0160464,0.813887,0.0300444],[0.022046,0.0120472,0.957858,0.00804879],[0.20401,0.00604839,0.775894,0.0140476],[0.713908,0.00404879,0.275994,0.00604919],[0.60393,0.138022,0.240002,0.0180468],[0.427965,0.192011,0.224005,0.156019],[0.343982,0.0860324,0.355978,0.214008],[0.259998,0.152019,0.485952,0.10203]]},{"db":2,"id":"ELF2_HUMAN.H11MO.0.C","len":13,"ltrim":3,"rtrim":0,"nsites":500,"evalue":"1.0e+000","url":"http://hocomoco.autosome.ru/motif/ELF2_HUMAN.H11MO.0.C","pwm":[[0.391972,0.152019,0.317986,0.138023],[0.489952,0.102029,0.218006,0.190012],[0.311988,0.317986,0.29799,0.072036],[0.072036,0.615926,0.291991,0.0200464],[0.232004,0.739902,0.0140468,0.0140476],[0.00804879,4.95901e-05,0.985852,0.00604919],[0.012048,0.00804799,0.977854,0.00204999],[0.973856,0.0100476,0.00804799,0.00804879],[0.979854,0.00204919,0.00804799,0.0100484],[0.0860332,0.0140468,0.889872,0.0100484],[0.130024,0.208008,0.104029,0.557939],[0.196011,0.142021,0.551939,0.110028],[0.313988,0.192011,0.433963,0.0600384]]},{"db":2,"id":"ERG_HUMAN.H11MO.0.A","len":13,"ltrim":1,"rtrim":0,"nsites":500,"evalue":"1.0e+000","url":"http://hocomoco.autosome.ru/motif/ERG_HUMAN.H11MO.0.A","pwm":[[0.337983,0.152019,0.359978,0.15002],[0.307989,0.156018,0.457958,0.0780348],[0.435963,0.0520392,0.455958,0.0560392],[0.10203,0.559938,0.333983,0.00404959],[0.865877,0.116026,0.0160464,0.00204999],[0.00404959,0.00404879,0.985852,0.00604919],[0.00604919,0.00404879,0.989852,5.03899e-05],[0.975855,0.0100476,0.0100476,0.00404959],[0.935863,0.00204919,0.0220452,0.0400424],[0.20401,0.0160464,0.777894,0.00204999],[0.10203,0.309988,0.174015,0.413968],[0.224006,0.160018,0.513947,0.10203],[0.261998,0.134023,0.539942,0.0640376]]},{"db":2,"id":"ERR2_HUMAN.H11MO.0.A","len":9,"ltrim":0,"rtrim":0,"nsites":3662,"evalue":"1.0e+000","url":"http://hocomoco.autosome.ru/motif/ERR2_HUMAN.H11MO.0.A","pwm":[[0.0588136,0.303122,0.169217,0.468847],[0.0678226,0.711331,0.14321,0.077636],[0.934264,0.00636276,0.0541156,0.00525748],[0.986217,0.000614737,0.0116686,0.00149916],[0.00553383,0.000448928,0.988926,0.00509167],[0.00243874,0.00155432,0.993789,0.00221766],[0.0388613,0.0402052,0.0884512,0.832482],[0.00188604,0.876694,0.0717641,0.0496564],[0.927725,0.00492576,0.060876,0.00647341]]},{"db":2,"id":"ETV1_HUMAN.H11MO.0.A","len":11,"ltrim":2,"rtrim":0,"nsites":500,"evalue":"1.0e+000","url":"http://hocomoco.autosome.ru/motif/ETV1_HUMAN.H11MO.0.A","pwm":[[0.15002,0.244001,0.483953,0.122026],[0.329984,0.134023,0.405968,0.130024],[0.042042,0.813887,0.144021,5.03899e-05],[0.216007,0.765896,0.00204919,0.0160472],[0.00404959,4.95901e-05,0.99585,5.03899e-05],[5.03899e-05,4.95901e-05,0.99985,5.03899e-05],[0.997851,4.95901e-05,0.00204919,5.03899e-05],[0.929864,0.00404879,4.95901e-05,0.0660372],[0.0760352,0.0360424,0.867876,0.0200464],[0.0880328,0.303989,0.142021,0.465957],[0.194012,0.14802,0.525944,0.132024]]},{"db":2,"id":"FEZF1_HUMAN.H11MO.0.C","len":12,"ltrim":1,"rtrim":1,"nsites":500,"evalue":"1.0e+000","url":"http://hocomoco.autosome.ru/motif/FEZF1_HUMAN.H11MO.0.C","pwm":[[0.305989,0.122025,0.361977,0.210008],[0.132024,0.485952,0.0740348,0.307989],[0.0700364,0.0320432,0.0220452,0.875875],[0.012048,0.0200456,0.94986,0.0180468],[0.0140476,0.555938,0.102029,0.327985],[0.0260452,0.433963,0.0520392,0.487953],[0.062038,0.725904,0.0260444,0.186013],[0.240002,0.0600376,0.0140468,0.685913],[0.00604919,0.134023,0.0500396,0.809888],[0.0200464,0.0100476,0.018046,0.95186],[0.0440416,0.116026,0.0700356,0.769896],[0.172016,0.331983,0.158018,0.337983]]},{"db":2,"id":"FOSB_HUMAN.H11MO.0.A","len":9,"ltrim":1,"rtrim":1,"nsites":500,"evalue":"1.0e+000","url":"http://hocomoco.autosome.ru/motif/FOSB_HUMAN.H11MO.0.A","pwm":[[0.413968,0.206008,0.291991,0.0880328],[0.0100484,0.0120472,0.00204919,0.975855],[0.012048,0.0140468,0.917866,0.0560392],[0.895871,0.0120472,0.018046,0.0740356],[0.20401,4.95901e-05,0.79589,5.03899e-05],[0.0180468,0.0300436,0.106028,0.845881],[0.0540396,0.903869,0.028044,0.0140476],[0.965857,0.0100476,0.00604839,0.0180468],[0.072036,0.329984,0.230004,0.367977]]},{"db":2,"id":"FOS_HUMAN.H11MO.0.A","len":9,"ltrim":1,"rtrim":0,"nsites":500,"evalue":"1.0e+000","url":"http://hocomoco.autosome.ru/motif/FOS_HUMAN.H11MO.0.A","pwm":[[0.345981,0.216006,0.359978,0.0780348],[0.0100484,0.018046,0.0100476,0.961858],[0.0160472,0.0340428,0.859878,0.0900324],[0.935863,0.00804799,0.028044,0.0280448],[0.116027,4.95901e-05,0.883873,5.03899e-05],[0.022046,0.0260444,0.0240448,0.927865],[0.042042,0.933863,0.0240448,5.03899e-05],[0.959858,0.0160464,0.0120472,0.012048],[0.0280448,0.417966,0.263997,0.289992]]},{"db":2,"id":"FOXC1_HUMAN.H11MO.0.C","len":15,"ltrim":2,"rtrim":0,"nsites":26,"evalue":"1.0e+000","url":"http://hocomoco.autosome.ru/motif/FOXC1_HUMAN.H11MO.0.C","pwm":[[0.135065,0.479877,0.173364,0.211693],[0.345793,0.0775785,0.345778,0.230851],[0.269165,0.154207,0.0775785,0.49905],[0.000965517,0.000950192,0.000950192,0.997134],[0.000965517,0.000950192,0.997119,0.000965517],[0.0392797,0.000950192,0.000950192,0.95882],[0.0392797,0.000950192,0.000950192,0.95882],[0.000965517,0.000950192,0.0392644,0.95882],[0.95882,0.000950192,0.000950192,0.0392797],[0.000965517,0.72892,0.000950192,0.269165],[0.230851,0.115893,0.000950192,0.652307],[0.000965517,0.192521,0.000950192,0.805563],[0.652307,0.000950192,0.000950192,0.345793],[0.460736,0.192521,0.269149,0.0775939],[0.0392797,0.269149,0.575663,0.115908]]},{"db":2,"id":"FOXJ2_HUMAN.H11MO.0.C","len":10,"ltrim":0,"rtrim":0,"nsites":41,"evalue":"1.0e+000","url":"http://hocomoco.autosome.ru/motif/FOXJ2_HUMAN.H11MO.0.C","pwm":[[0.000613139,0.0242923,0.000603406,0.974491],[0.308569,0.000603406,0.642836,0.047991],[0.000613139,0.000603406,0.0242923,0.974491],[0.000613139,0.000603406,0.000603406,0.99818],[0.000613139,0.000603406,0.000603406,0.99818],[0.54809,0.000603406,0.450693,0.000613139],[0.000613139,0.192747,0.000603406,0.806037],[0.119058,0.216436,0.000603406,0.663903],[0.000613139,0.0242923,0.237493,0.737602],[0.465179,0.0835146,0.130892,0.320414]]},{"db":2,"id":"FOXJ3_HUMAN.H11MO.0.A","len":13,"ltrim":1,"rtrim":0,"nsites":626,"evalue":"1.0e+000","url":"http://hocomoco.autosome.ru/motif/FOXJ3_HUMAN.H11MO.0.A","pwm":[[0.194105,0.146487,0.164703,0.494704],[4.02492e-05,3.96103e-05,3.96103e-05,0.999881],[0.0829621,3.96103e-05,0.914274,0.00272437],[0.0011139,3.96103e-05,3.96103e-05,0.998807],[4.02492e-05,3.96103e-05,3.96103e-05,0.999881],[0.00887305,3.96103e-05,0.175704,0.815383],[0.818151,3.96103e-05,0.0369607,0.144848],[4.02492e-05,0.0711409,3.96103e-05,0.928779],[0.113304,3.96103e-05,0.430181,0.456475],[0.0440549,3.96103e-05,0.325667,0.630239],[0.0528135,3.96103e-05,0.0291564,0.917991],[0.00590496,0.0101735,0.0168445,0.967077],[0.358504,0.0704072,0.138475,0.432614]]},{"db":2,"id":"FOXP1_HUMAN.H11MO.0.A","len":9,"ltrim":0,"rtrim":0,"nsites":295,"evalue":"1.0e+000","url":"http://hocomoco.autosome.ru/motif/FOXP1_HUMAN.H11MO.0.A","pwm":[[0.057693,0.13902,0.176295,0.626992],[0.0136401,0.281345,0.311843,0.393172],[0.00686276,0.0204161,0.0305822,0.942139],[0.0204175,0.0407482,0.840477,0.0983572],[8.53948e-05,0.0170274,0.0576916,0.925196],[0.00686276,0.0949671,0.0407482,0.857422],[0.0102514,0.0136388,0.0814124,0.894697],[0.525331,0.34573,0.0373595,0.0915798],[0.0170288,0.484666,0.0102501,0.488056]]},{"db":2,"id":"IRF4_HUMAN.H11MO.0.A","len":18,"ltrim":1,"rtrim":1,"nsites":500,"evalue":"1.0e+000","url":"http://hocomoco.autosome.ru/motif/IRF4_HUMAN.H11MO.0.A","pwm":[[0.35398,0.176014,0.323985,0.146021],[0.529944,0.112027,0.192011,0.166017],[0.65192,0.0720352,0.112027,0.164018],[0.487953,0.0600376,0.194011,0.257999],[0.236003,0.126024,0.573935,0.0640376],[0.511948,0.14602,0.303989,0.0380428],[0.214008,0.00404879,0.759898,0.022046],[0.0300444,0.0160464,0.951859,0.00204999],[0.969856,0.018046,0.00404879,0.00804879],[0.959858,0.00404879,0.0100476,0.0260452],[0.0580388,0.437962,0.479954,0.0240456],[0.0680368,0.0840328,0.0220452,0.825885],[0.0360432,0.0160464,0.943861,0.00404959],[0.89987,0.00404879,0.0840328,0.012048],[0.691912,0.028044,0.259998,0.0200464],[0.935863,0.0320432,0.018046,0.0140476],[0.168017,0.443961,0.34998,0.0380428],[0.208009,0.275994,0.0940308,0.421966]]},{"db":2,"id":"IRF8_HUMAN.H11MO.0.B","len":20,"ltrim":2,"rtrim":2,"nsites":500,"evalue":"1.0e+000","url":"http://hocomoco.autosome.ru/motif/IRF8_HUMAN.H11MO.0.B","pwm":[[0.359978,0.174015,0.309988,0.156019],[0.487953,0.0940308,0.208008,0.210008],[0.567937,0.102029,0.138022,0.192012],[0.543942,0.0560384,0.154019,0.246001],[0.317987,0.136022,0.477954,0.0680368],[0.483954,0.136022,0.34798,0.032044],[0.206009,0.00204919,0.787892,0.00404959],[0.138023,0.00204919,0.857878,0.00204999],[0.991852,0.00604839,0.00204919,5.03899e-05],[0.961858,0.0160464,0.00604839,0.0160472],[0.138023,0.317986,0.521945,0.022046],[0.072036,0.0660364,4.95901e-05,0.861878],[0.0180468,0.00604839,0.965856,0.0100484],[0.867877,0.00804799,0.106028,0.0180468],[0.847881,0.0160464,0.122025,0.0140476],[0.947861,0.0160464,0.0140468,0.022046],[0.106029,0.413967,0.465956,0.0140476],[0.132024,0.246,0.058038,0.563938],[0.345981,0.152019,0.323985,0.178015],[0.379974,0.170016,0.29999,0.15002]]},{"db":2,"id":"JUNB_HUMAN.H11MO.0.A","len":11,"ltrim":2,"rtrim":2,"nsites":500,"evalue":"1.0e+000","url":"http://hocomoco.autosome.ru/motif/JUNB_HUMAN.H11MO.0.A","pwm":[[0.273996,0.09803,0.303989,0.323986],[0.263998,0.34798,0.273995,0.114028],[0.032044,0.00804799,0.0120472,0.947861],[0.00404959,0.0340428,0.889872,0.072036],[0.933864,0.00204919,4.95901e-05,0.0640376],[5.03899e-05,4.95901e-05,0.953859,0.0460412],[0.012048,0.0120472,4.95901e-05,0.975855],[0.0500404,0.925864,0.0140468,0.0100484],[0.977855,0.00804799,0.00404879,0.0100484],[0.0740356,0.365976,0.261997,0.297991],[0.317987,0.34998,0.130024,0.20201]]},{"db":2,"id":"LHX2_HUMAN.H11MO.0.A","len":12,"ltrim":2,"rtrim":3,"nsites":430,"evalue":"1.0e+000","url":"http://hocomoco.autosome.ru/motif/LHX2_HUMAN.H11MO.0.A","pwm":[[0.132586,0.176761,0.237212,0.453442],[0.0930602,0.262787,0.318588,0.325564],[0.111661,0.432515,0.0163329,0.439491],[0.0279591,0.0116829,5.7661e-05,0.9603],[0.774297,0.176761,0.0395834,0.00935875],[0.957975,0.0279581,0.0023827,0.0116838],[5.8591e-05,0.020983,0.020983,0.957975],[0.00935875,0.0140079,0.237212,0.739422],[0.578994,0.00703278,0.353464,0.0605096],[0.172112,0.225587,0.492966,0.109336],[0.176762,0.241862,0.12561,0.455767],[0.0884101,0.213961,0.241862,0.455767]]},{"db":2,"id":"MAFF_HUMAN.H11MO.0.B","len":18,"ltrim":0,"rtrim":0,"nsites":473,"evalue":"1.0e+000","url":"http://hocomoco.autosome.ru/motif/MAFF_HUMAN.H11MO.0.B","pwm":[[0.0571237,0.0698051,0.0824874,0.790584],[0.0211904,0.0951697,0.765218,0.118421],[0.0550099,0.883587,0.0296445,0.031759],[0.084602,0.0613502,0.00639357,0.847654],[0.0275316,0.112079,0.744081,0.116308],[0.77156,0.0507817,0.0444405,0.133218],[0.0592374,0.410114,0.433365,0.0972843],[0.084602,0.0888286,0.0592365,0.767333],[0.0909431,0.661646,0.0423268,0.205084],[0.672216,0.0571228,0.122648,0.148014],[0.0655785,0.093056,0.625713,0.215653],[0.0402139,0.780014,0.112079,0.0676922],[0.589781,0.109966,0.120534,0.179719],[0.177606,0.234675,0.224107,0.363613],[0.234676,0.137444,0.122648,0.505232],[0.164923,0.177605,0.0465542,0.610918],[0.099398,0.253699,0.07826,0.568643],[0.131104,0.205083,0.133217,0.530596]]},{"db":2,"id":"MEF2A_HUMAN.H11MO.0.A","len":13,"ltrim":1,"rtrim":1,"nsites":500,"evalue":"1.0e+000","url":"http://hocomoco.autosome.ru/motif/MEF2A_HUMAN.H11MO.0.A","pwm":[[0.273996,0.078034,0.244001,0.40397],[0.128025,0.0800336,0.387972,0.40397],[0.0280448,0.723905,0.0500396,0.198011],[0.00204999,0.0560384,4.95901e-05,0.941862],[0.927865,0.00604839,0.00804799,0.0580388],[0.0640376,0.00204919,0.00804799,0.925865],[0.10203,0.00204919,0.00404879,0.891872],[0.0140476,0.04804,0.0100476,0.927865],[0.134024,0.0820332,0.0120472,0.771896],[0.140022,0.0360424,0.116026,0.707909],[0.54994,0.00204919,0.435962,0.012048],[0.160018,0.038042,0.657918,0.144022],[0.359978,0.383973,0.104029,0.15202]]},{"db":2,"id":"MEF2B_HUMAN.H11MO.0.A","len":14,"ltrim":2,"rtrim":0,"nsites":500,"evalue":"1.0e+000","url":"http://hocomoco.autosome.ru/motif/MEF2B_HUMAN.H11MO.0.A","pwm":[[0.254,0.118026,0.413967,0.214008],[0.194012,0.110028,0.251999,0.443962],[0.20401,0.0360424,0.271995,0.487953],[0.168017,0.104029,0.373975,0.35398],[0.0480408,0.771895,0.0400416,0.140022],[0.00204999,0.088032,0.00204919,0.907869],[0.861878,0.0260444,0.0320432,0.0800344],[0.106029,0.0200456,0.00604839,0.867877],[0.0760352,0.00604839,0.00404879,0.913868],[0.0360432,0.04804,0.0140468,0.90187],[0.134024,0.118026,0.04804,0.69991],[0.170016,0.0560384,0.140022,0.633924],[0.471956,4.95901e-05,0.487952,0.0400424],[0.122026,0.0520392,0.69591,0.130024]]},{"db":2,"id":"MEF2D_HUMAN.H11MO.0.A","len":12,"ltrim":1,"rtrim":0,"nsites":500,"evalue":"1.0e+000","url":"http://hocomoco.autosome.ru/motif/MEF2D_HUMAN.H11MO.0.A","pwm":[[0.311988,0.0560384,0.301989,0.329984],[0.0680368,0.0640368,0.49995,0.367977],[0.0240456,0.757898,0.0600376,0.158019],[0.00204999,0.0200456,0.00604839,0.971856],[0.969856,0.00204919,0.00204919,0.0260452],[0.0540396,0.00604839,0.00404879,0.935863],[0.0800344,0.0120472,0.00804799,0.89987],[0.0940316,0.0400416,0.00604839,0.859878],[0.297991,0.0860324,0.0120472,0.60393],[0.0860332,0.0140468,0.0540388,0.845881],[0.7539,4.95901e-05,0.236002,0.0100484],[0.0940316,0.0320432,0.785892,0.0880328]]},{"db":2,"id":"NKX21_HUMAN.H11MO.0.A","len":10,"ltrim":1,"rtrim":1,"nsites":500,"evalue":"1.0e+000","url":"http://hocomoco.autosome.ru/motif/NKX21_HUMAN.H11MO.0.A","pwm":[[0.0660372,0.421965,0.226004,0.285993],[0.132024,0.0920312,0.0240448,0.7519],[0.0760352,0.0220452,0.333983,0.567937],[0.0340436,0.00604839,0.957858,0.00204999],[0.995851,0.00204919,4.95901e-05,0.00204999],[0.0100484,0.00804799,0.981853,5.03899e-05],[0.281994,0.00204919,0.104029,0.611928],[0.108029,0.00204919,0.877874,0.012048],[0.032044,0.325984,0.443961,0.198011],[0.158019,0.34798,0.156018,0.337983]]},{"db":2,"id":"NKX25_HUMAN.H11MO.0.B","len":8,"ltrim":1,"rtrim":0,"nsites":499,"evalue":"1.0e+000","url":"http://hocomoco.autosome.ru/motif/NKX25_HUMAN.H11MO.0.B","pwm":[[0.106242,0.164345,0.310609,0.418804],[0.0761875,0.114255,0.537016,0.272541],[0.422811,0.034111,0.518984,0.0240938],[0.979814,0.0160785,4.96894e-05,0.0040577],[0.0361154,0.0040569,0.959777,5.04909e-05],[0.545031,0.0601579,0.0180821,0.376729],[0.198408,0.0020533,0.769435,0.0301046],[0.168353,0.302594,0.484922,0.0441298]]},{"db":2,"id":"NKX28_HUMAN.H11MO.0.C","len":9,"ltrim":0,"rtrim":0,"nsites":6,"evalue":"1.0e+000","url":"http://hocomoco.autosome.ru/motif/NKX28_HUMAN.H11MO.0.C","pwm":[[0.0282392,0.201751,0.201751,0.568258],[0.00413115,0.00406557,0.00406557,0.987738],[0.00413115,0.765878,0.225859,0.00413115],[0.939522,0.00406557,0.0522816,0.00413115],[0.987738,0.00406557,0.00406557,0.00413115],[0.00413115,0.00406557,0.987672,0.00413115],[0.00413115,0.00406557,0.592301,0.399502],[0.592366,0.00406557,0.399437,0.00413115],[0.0282392,0.568193,0.201751,0.201817]]},{"db":2,"id":"NR2E3_HUMAN.H11MO.0.C","len":14,"ltrim":1,"rtrim":0,"nsites":23,"evalue":"1.0e+000","url":"http://hocomoco.autosome.ru/motif/NR2E3_HUMAN.H11MO.0.C","pwm":[[0.500314,0.155144,0.189381,0.155161],[0.825573,0.0695491,0.0695491,0.0353287],[0.783007,0.0353114,0.146353,0.0353287],[0.0695664,0.0695491,0.722843,0.138042],[0.0695664,0.00107359,0.103787,0.825573],[0.0695664,0.894031,0.0353114,0.00109091],[0.928286,0.00107359,0.0353114,0.0353287],[0.791335,0.138025,0.0695491,0.00109091],[0.962524,0.00107359,0.00107359,0.0353287],[0.817245,0.00107359,0.146353,0.0353287],[0.249083,0.0695491,0.611801,0.0695664],[0.0353287,0.0695491,0.2065,0.688622],[0.138042,0.688605,0.103787,0.0695664],[0.731419,0.146584,0.0781085,0.0438881]]},{"db":2,"id":"NR4A2_HUMAN.H11MO.0.C","len":9,"ltrim":0,"rtrim":1,"nsites":33,"evalue":"1.0e+000","url":"http://hocomoco.autosome.ru/motif/NR4A2_HUMAN.H11MO.0.C","pwm":[[0.66885,0.0635514,0.228405,0.0391928],[0.867214,0.000749245,0.0776123,0.0544245],[0.959309,0.000749245,0.0391808,0.000761329],[0.000761329,0.000749245,0.941019,0.0574708],[0.0391928,0.000749245,0.928833,0.0312246],[0.0251319,0.15377,0.000749245,0.820348],[0.000761329,0.907509,0.000749245,0.0909804],[0.99774,0.000749245,0.000749245,0.000761329],[0.184598,0.438488,0.309133,0.0677805]]},{"db":2,"id":"PAX5_HUMAN.H11MO.0.A","len":21,"ltrim":0,"rtrim":0,"nsites":202,"evalue":"1.0e+000","url":"http://hocomoco.autosome.ru/motif/PAX5_HUMAN.H11MO.0.A","pwm":[[0.133722,0.282161,0.504823,0.0792934],[0.128774,0.499875,0.188148,0.183202],[0.148566,0.415759,0.331642,0.104034],[0.202995,0.0545512,0.257421,0.485033],[0.198047,0.0446551,0.752226,0.00507274],[0.158462,0.138668,0.53946,0.16341],[0.0248649,0.118876,0.623576,0.232683],[0.034761,0.875927,0.0594993,0.029813],[0.781916,0.034759,0.163408,0.0199169],[0.386072,0.113928,0.465239,0.034761],[0.034761,0.732433,0.128772,0.104034],[0.410812,0.267317,0.277213,0.0446571],[0.311852,0.0199149,0.618628,0.0496051],[0.682955,0.0397071,0.163408,0.11393],[0.034761,0.163408,0.772018,0.029813],[0.0100208,0.781914,0.0446551,0.16341],[0.217839,0.034759,0.717589,0.029813],[0.321748,0.029811,0.15846,0.489981],[0.173306,0.029811,0.79181,0.00507274],[0.811604,0.034759,0.104032,0.0496051],[0.118878,0.801706,0.029811,0.0496051]]},{"db":2,"id":"PAX6_HUMAN.H11MO.0.C","len":12,"ltrim":0,"rtrim":0,"nsites":500,"evalue":"1.0e+000","url":"http://hocomoco.autosome.ru/motif/PAX6_HUMAN.H11MO.0.C","pwm":[[0.124026,0.0320432,0.0740348,0.769896],[0.022046,0.341981,0.038042,0.597931],[0.415967,0.467956,0.0500396,0.0660372],[0.0440416,0.565936,0.0400416,0.34998],[0.285993,0.0700356,0.605928,0.0380428],[0.0100484,0.803889,0.166016,0.0200464],[0.257999,0.136022,0.018046,0.587933],[0.0280448,0.0760344,0.018046,0.877875],[0.0140476,0.407968,0.567936,0.0100484],[0.709908,0.0160464,0.236002,0.0380428],[0.146021,0.357978,0.287992,0.208009],[0.0660372,0.0940308,0.0320432,0.807889]]},{"db":2,"id":"RELB_HUMAN.H11MO.0.C","len":12,"ltrim":1,"rtrim":1,"nsites":28,"evalue":"1.0e+000","url":"http://hocomoco.autosome.ru/motif/RELB_HUMAN.H11MO.0.C","pwm":[[0.273053,0.150129,0.466181,0.110637],[0.141364,0.0755059,0.747116,0.0360137],[0.0711305,0.0359994,0.891973,0.000896797],[0.176481,0.000882562,0.821739,0.000896797],[0.356455,0.000882562,0.641766,0.000896797],[0.448637,0.435454,0.000882562,0.115027],[0.0404033,0.000882562,0.106233,0.852481],[0.0360137,0.000882562,0.14135,0.821754],[0.0360137,0.128181,0.000882562,0.834923],[0.141364,0.641766,0.176467,0.0404033],[0.215988,0.711999,0.0711163,0.000896797],[0.325728,0.382779,0.110623,0.180871]]},{"db":2,"id":"RUNX3_HUMAN.H11MO.0.A","len":10,"ltrim":1,"rtrim":0,"nsites":500,"evalue":"1.0e+000","url":"http://hocomoco.autosome.ru/motif/RUNX3_HUMAN.H11MO.0.A","pwm":[[0.134024,0.212007,0.287992,0.365977],[0.128025,0.391971,0.0660364,0.413968],[0.0360432,0.0140468,0.0240448,0.925865],[0.00404959,0.00404879,0.985852,0.00604919],[0.0480408,0.172015,0.00804799,0.771896],[0.00204999,4.95901e-05,0.99585,0.00204999],[5.03899e-05,0.00404879,0.993851,0.00204999],[5.03899e-05,0.0540388,0.0360424,0.909868],[0.0180468,0.188012,0.068036,0.725905],[0.279994,0.0360424,0.174015,0.509948]]},{"db":2,"id":"SALL4_HUMAN.H11MO.0.B","len":10,"ltrim":2,"rtrim":0,"nsites":500,"evalue":"1.0e+000","url":"http://hocomoco.autosome.ru/motif/SALL4_HUMAN.H11MO.0.B","pwm":[[0.180014,0.138022,0.513947,0.168017],[0.134024,0.257998,0.477954,0.130024],[0.359978,0.00604839,0.343981,0.289992],[0.012048,0.00204919,0.971855,0.0140476],[0.00204999,0.00404879,0.981853,0.012048],[0.0200464,0.162017,0.803889,0.0140476],[0.373976,0.0300436,0.0100476,0.585933],[0.00604919,0.00204919,0.987852,0.00404959],[0.0980308,0.0160464,0.659918,0.226005],[0.118027,0.0240448,0.813887,0.0440416]]},{"db":2,"id":"SMCA5_HUMAN.H11MO.0.C","len":15,"ltrim":0,"rtrim":0,"nsites":404,"evalue":"1.0e+000","url":"http://hocomoco.autosome.ru/motif/SMCA5_HUMAN.H11MO.0.C","pwm":[[0.0371819,0.029757,0.905778,0.0272833],[0.735029,0.123793,0.106471,0.0347073],[0.509837,0.24505,0.205456,0.0396565],[0.108946,0.056978,0.136166,0.697909],[0.133693,0.297018,0.334137,0.235153],[0.0866746,0.116369,0.786995,0.0099609],[0.836489,0.0322316,0.0743004,0.056979],[0.868659,0.0347063,0.084199,0.0124355],[0.123794,0.0495541,0.11142,0.715232],[0.11637,0.00995991,0.861234,0.0124355],[0.0248087,0.309391,0.65089,0.0149102],[0.893406,0.0124345,0.0396555,0.0545043],[0.593975,0.173286,0.215355,0.0173848],[0.351461,0.0693512,0.0668765,0.512312],[0.0520297,0.678111,0.183184,0.0866746]]},{"db":2,"id":"TBP_HUMAN.H11MO.0.A","len":10,