<!DOCTYPE HTML>
<html>
  <head>
    <meta charset="UTF-8">
    <title>SpaMo - Spaced Motif Analysis</title>
    <script type="text/javascript">
      //@JSON_VAR data
      var data = {"program":"SpaMo","version":"4.11.3","revision":"c13e15f35e38483381a6e8a363f9137e303c0765","release":"Sat Mar 11 20:16:08 2017 -0800","host":"uger-c009.broadinstitute.org","when":"Sun Feb 28 16:35:04 2021","cmd":["spamo","-verbosity","1","-oc","/broad/sankaranlab/fyu/HemeMap/02262021-downMast_re-analysis/motif_denovo/up_mast0035_interactions_10x_hocomoco_meme-chip/spamo_out_23","-bgfile","/broad/sankaranlab/fyu/HemeMap/02262021-downMast_re-analysis/motif_denovo/up_mast0035_interactions_10x_hocomoco_meme-chip/background","-primary","ZSC31_HUMAN.H11MO.0.C","/broad/sankaranlab/fyu/HemeMap/02262021-downMast_re-analysis/motif_denovo/up_mast0035_interactions_10x_hocomoco_meme-chip/20210227-deg_interactions_peaks_up_mast0035_fa_1based.fa","/broad/sankaranlab/fyu/motif_data/HOCOMOCOv11_core_HUMAN_mono_meme_format.meme","/broad/sankaranlab/fyu/HemeMap/02262021-downMast_re-analysis/motif_denovo/up_mast0035_interactions_10x_hocomoco_meme-chip/meme_out/meme.xml","/broad/sankaranlab/fyu/HemeMap/02262021-downMast_re-analysis/motif_denovo/up_mast0035_interactions_10x_hocomoco_meme-chip/dreme_out/dreme.xml","/broad/sankaranlab/fyu/motif_data/HOCOMOCOv11_core_HUMAN_mono_meme_format.meme"],"options":{"seq_min_hit_score":7,"margin":150,"bin_size":1,"bin_pvalue_calc_range":150,"use_best_secondary":0,"seq_max_shared_fract":0.5,"seq_odds_ratio":20,"bin_pvalue_cutoff":0.05,"motif_evalue_cutoff":10,"redundant_overlap":2,"redundant_joint":0.5,"motif_pseudocount":0.1,"bgfile":"/broad/sankaranlab/fyu/HemeMap/02262021-downMast_re-analysis/motif_denovo/up_mast0035_interactions_10x_hocomoco_meme-chip/background","motif_trim":0.25,"xalph":0,"seed":1,"bin_max":50},"alphabet":{"name":"DNA","like":"dna","ncore":4,"symbols":[{"symbol":"A","name":"Adenine","colour":"CC0000","complement":"T"},{"symbol":"C","name":"Cytosine","colour":"0000CC","complement":"G"},{"symbol":"G","name":"Guanine","colour":"FFB300","complement":"C"},{"symbol":"T","aliases":"U","name":"Thymine","colour":"008000","complement":"A"},{"symbol":"N","aliases":"X.","name":"Any base","equals":"ACGT"},{"symbol":"V","name":"Not T","equals":"ACG"},{"symbol":"H","name":"Not G","equals":"ACT"},{"symbol":"D","name":"Not C","equals":"AGT"},{"symbol":"B","name":"Not A","equals":"CGT"},{"symbol":"M","name":"Amino","equals":"AC"},{"symbol":"R","name":"Purine","equals":"AG"},{"symbol":"W","name":"Weak","equals":"AT"},{"symbol":"S","name":"Strong","equals":"CG"},{"symbol":"Y","name":"Pyrimidine","equals":"CT"},{"symbol":"K","name":"Keto","equals":"GT"}]},"background":[0.2358,0.2642,0.2642,0.2358],"sequence_dbs":[{"source":"/broad/sankaranlab/fyu/HemeMap/02262021-downMast_re-analysis/motif_denovo/up_mast0035_interactions_10x_hocomoco_meme-chip/20210227-deg_interactions_peaks_up_mast0035_fa_1based.fa","name":"20210227-deg_interactions_peaks_up_mast0035_fa_1based","last_modified":"Sun Feb 28 14:31:57 2021","loaded":7128,"excluded_too_short":0,"excluded_no_match":4918,"excluded_ambigs":0,"excluded_similar":29,"erased_primary_matches":1171}],"primary_dbs":[{"source":"/broad/sankaranlab/fyu/motif_data/HOCOMOCOv11_core_HUMAN_mono_meme_format.meme","name":"HOCOMOCOv11_core_HUMAN_mono_meme_format","last_modified":"Sat Jun 23 07:43:00 2018","loaded":400,"excluded":399}],"secondary_dbs":[{"source":"/broad/sankaranlab/fyu/HemeMap/02262021-downMast_re-analysis/motif_denovo/up_mast0035_interactions_10x_hocomoco_meme-chip/meme_out/meme.xml","name":"meme.xml","last_modified":"Sun Feb 28 15:23:06 2021","loaded":10,"excluded":0},{"source":"/broad/sankaranlab/fyu/HemeMap/02262021-downMast_re-analysis/motif_denovo/up_mast0035_interactions_10x_hocomoco_meme-chip/dreme_out/dreme.xml","name":"dreme.xml","last_modified":"Sun Feb 28 15:34:55 2021","loaded":10,"excluded":0},{"source":"/broad/sankaranlab/fyu/motif_data/HOCOMOCOv11_core_HUMAN_mono_meme_format.meme","name":"HOCOMOCOv11_core_HUMAN_mono_meme_format","last_modified":"Sat Jun 23 07:43:00 2018","loaded":401,"excluded":1}],"secondary_motifs":[{"db":0,"id":"1","alt":"MEME","len":21,"ltrim":0,"rtrim":0,"nsites":148,"evalue":"3.0e-046","pwm":[[0.0204155,0.729416,0.175736,0.074433],[0.0204155,0.709158,0.202745,0.0676816],[0.0474243,0.587619,0.209496,0.155459],[0.168964,0.445823,0.358045,0.027168],[0.0204155,0.385053,0.533602,0.0609292],[0.0879379,0.803689,0.0339396,0.074433],[0.000159217,0.553858,0.418815,0.027168],[0.128451,0.655141,0.162231,0.0541767],[0.027168,0.749672,0.216248,0.00691165],[0.00691165,0.0271871,0.709158,0.256743],[0.0474243,0.729416,0.114966,0.108194],[0.000159217,0.533602,0.216248,0.24999],[0.0204155,0.553858,0.418815,0.00691165],[0.135203,0.641637,0.141975,0.0811855],[0.108194,0.371549,0.418815,0.101442],[0.0879379,0.513346,0.344541,0.0541767],[0.121699,0.493088,0.290523,0.0946903],[0.027168,0.769928,0.101461,0.101442],[0.135203,0.297275,0.52685,0.0406728],[0.000159217,0.688902,0.25001,0.0609292],[0.0609292,0.783433,0.155478,0.000159217]]},{"db":0,"id":"2","alt":"MEME","len":15,"ltrim":0,"rtrim":0,"nsites":119,"evalue":"2.8e-045","pwm":[[0.344447,0.11777,0.43683,0.100953],[0.142935,0.134563,0.604756,0.117746],[0.470391,0.100977,0.420037,0.00859393],[0.65511,0.00022183,0.243714,0.100953],[0.545957,0.00022183,0.420037,0.0337828],[0.117746,0.184941,0.688719,0.00859393],[0.739073,0.0673924,0.142959,0.0505757],[0.000197985,0.0254107,0.965797,0.00859393],[0.0169909,0.00022183,0.974193,0.00859393],[0.747469,0.252111,0.00022183,0.000197985],[0.831432,0.00022183,0.151356,0.0169909],[0.000197985,0.0925812,0.907023,0.000197985],[0.26888,0.142959,0.0925812,0.49558],[0.252087,0.00022183,0.629945,0.117746],[0.327654,0.0841853,0.587963,0.000197985]]},{"db":0,"id":"3","alt":"MEME","len":15,"ltrim":0,"rtrim":0,"nsites":49,"evalue":"3.2e-018","pwm":[[0.591112,0.000538085,0.0209045,0.387446],[0.672578,0.000538085,0.143104,0.183779],[0.998444,0.000538085,0.000538085,0.000480245],[0.815145,0.000538085,0.000538085,0.183779],[0.652211,0.0820048,0.000538085,0.265246],[0.855878,0.0209045,0.000538085,0.12268],[0.183779,0.0820048,0.367137,0.367079],[0.998444,0.000538085,0.000538085,0.000480245],[0.387446,0.326404,0.000538085,0.285612],[0.733678,0.000538085,0.000538085,0.265246],[0.509645,0.34677,0.041271,0.102313],[0.998444,0.000538085,0.000538085,0.000480245],[0.591112,0.102371,0.000538085,0.305979],[0.550378,0.000538085,0.183837,0.265246],[0.489279,0.0616374,0.041271,0.407812]]},{"db":0,"id":"4","alt":"MEME","len":29,"ltrim":0,"rtrim":0,"nsites":8,"evalue":"3.3e-016","pwm":[[0.126368,0.00326173,0.00326173,0.867109],[0.867109,0.126719,0.00326173,0.00291111],[0.743652,0.00326173,0.250175,0.00291111],[0.00291111,0.250175,0.00326173,0.743652],[0.00291111,0.990916,0.00326173,0.00291111],[0.00291111,0.990916,0.00326173,0.00291111],[0.00291111,0.990916,0.00326173,0.00291111],[0.867109,0.00326173,0.126719,0.00291111],[0.00291111,0.00326173,0.990916,0.00291111],[0.00291111,0.867459,0.00326173,0.126368],[0.373281,0.00326173,0.250175,0.373281],[0.373281,0.497089,0.00326173,0.126368],[0.00291111,0.250175,0.00326173,0.743652],[0.00291111,0.373632,0.00326173,0.620195],[0.00291111,0.250175,0.00326173,0.743652],[0.249825,0.00326173,0.744002,0.00291111],[0.373281,0.00326173,0.620546,0.00291111],[0.00291111,0.00326173,0.990916,0.00291111],[0.990565,0.00326173,0.00326173,0.00291111],[0.126368,0.00326173,0.867459,0.00291111],[0.00291111,0.00326173,0.990916,0.00291111],[0.00291111,0.990916,0.00326173,0.00291111],[0.00291111,0.250175,0.00326173,0.743652],[0.126368,0.00326173,0.867459,0.00291111],[0.743652,0.00326173,0.250175,0.00291111],[0.00291111,0.00326173,0.990916,0.00291111],[0.00291111,0.00326173,0.867459,0.126368],[0.00291111,0.497089,0.126719,0.373281],[0.249825,0.00326173,0.744002,0.00291111]]},{"db":0,"id":"7","alt":"MEME","len":21,"ltrim":0,"rtrim":0,"nsites":13,"evalue":"1.3e-001","pwm":[[0.765159,0.00201679,0.231024,0.0018],[0.459815,0.0783526,0.460032,0.0018],[0.307143,0.383696,0.30736,0.0018],[0.0018,0.00201679,0.00201679,0.994166],[0.307143,0.68904,0.00201679,0.0018],[0.307143,0.68904,0.00201679,0.0018],[0.0781358,0.30736,0.00201679,0.612487],[0.230807,0.0783526,0.68904,0.0018],[0.612487,0.231024,0.154688,0.0018],[0.230807,0.30736,0.383696,0.0781358],[0.0018,0.383696,0.536368,0.0781358],[0.0018,0.00201679,0.154688,0.841495],[0.0781358,0.918047,0.00201679,0.0018],[0.841495,0.00201679,0.00201679,0.154472],[0.536152,0.00201679,0.383696,0.0781358],[0.0018,0.0783526,0.918047,0.0018],[0.230807,0.00201679,0.00201679,0.765159],[0.0018,0.00201679,0.994383,0.0018],[0.612487,0.154688,0.00201679,0.230807],[0.0018,0.00201679,0.00201679,0.994166],[0.0781358,0.918047,0.00201679,0.0018]]},{"db":1,"id":"CCDCCKCC","alt":"DREME","len":8,"ltrim":0,"rtrim":0,"nsites":737,"evalue":"4.0e-023","pwm":[[3.19902e-05,0.9999,3.58432e-05,3.19902e-05],[3.19902e-05,0.9999,3.58432e-05,3.19902e-05],[0.207602,3.58432e-05,0.473513,0.318849],[3.19902e-05,0.9999,3.58432e-05,3.19902e-05],[3.19902e-05,0.9999,3.58432e-05,3.19902e-05],[3.19902e-05,3.58432e-05,0.472157,0.527775],[3.19902e-05,0.9999,3.58432e-05,3.19902e-05],[3.19902e-05,0.9999,3.58432e-05,3.19902e-05]]},{"db":1,"id":"CMCAGM","alt":"DREME","len":6,"ltrim":0,"rtrim":0,"nsites":3163,"evalue":"2.7e-014","pwm":[[7.45471e-06,0.999977,8.35256e-06,7.45471e-06],[0.411312,0.588672,8.35256e-06,7.45471e-06],[7.45471e-06,0.999977,8.35256e-06,7.45471e-06],[0.999976,8.35256e-06,8.35256e-06,7.45471e-06],[7.45471e-06,8.35256e-06,0.999977,7.45471e-06],[0.412893,0.587091,8.35256e-06,7.45471e-06]]},{"db":2,"id":"AHR_HUMAN.H11MO.0.B","len":9,"ltrim":1,"rtrim":1,"nsites":154,"evalue":"1.0e+000","url":"http://hocomoco.autosome.ru/motif/AHR_HUMAN.H11MO.0.B","pwm":[[0.263127,0.118692,0.366347,0.251834],[0.070759,0.0772257,0.225171,0.626844],[0.141116,0.285018,0.13458,0.439286],[0.0166825,0.00872119,0.946978,0.0276188],[0.000153018,0.976153,0.00986115,0.0138326],[0.0224889,0.00530129,0.969777,0.00243295],[0.000153018,0.0225073,0.00473131,0.972608],[0.000153018,0.000171447,0.999523,0.000153018],[0.279782,0.434263,0.105066,0.18089]]},{"db":2,"id":"ANDR_HUMAN.H11MO.0.A","len":18,"ltrim":0,"rtrim":0,"nsites":499,"evalue":"1.0e+000","url":"http://hocomoco.autosome.ru/motif/ANDR_HUMAN.H11MO.0.A","pwm":[[0.148314,0.0701792,0.0361179,0.745389],[0.062159,0.0481395,0.777452,0.112249],[0.0681699,0.0661719,0.0140782,0.85158],[0.188386,0.172363,0.144313,0.494938],[0.0781879,0.733373,0.0361179,0.152321],[0.122267,0.278554,0.0321106,0.567068],[0.180372,0.134295,0.196406,0.488927],[0.198404,0.178374,0.216442,0.406779],[0.176365,0.192399,0.222453,0.408783],[0.200408,0.256515,0.120269,0.422808],[0.0721771,0.0140782,0.0140782,0.899667],[0.254505,0.030107,0.691297,0.0240905],[0.0280977,0.0220926,0.020089,0.929721],[0.0180797,0.00606375,0.0982297,0.877627],[0.00806167,0.00806736,0.0641683,0.919703],[0.420805,0.0281034,0.494944,0.0561482],[0.0862023,0.524998,0.0481395,0.34066],[0.29057,0.158338,0.0541503,0.496942]]},{"db":2,"id":"AP2C_HUMAN.H11MO.0.A","len":14,"ltrim":2,"rtrim":2,"nsites":500,"evalue":"1.0e+000","url":"http://hocomoco.autosome.ru/motif/AP2C_HUMAN.H11MO.0.A","pwm":[[0.387198,0.201043,0.269566,0.142194],[0.196083,0.123626,0.16642,0.513871],[0.184607,0.099805,0.518379,0.197209],[0.00958004,0.506991,0.471851,0.0115779],[0.00385,0.988139,0.00796434,4.71506e-05],[0.00191501,0.951685,0.0023972,0.0440026],[0.0500524,0.131893,0.0254249,0.79263],[0.0354043,5.28294e-05,0.917078,0.0474647],[0.554973,0.0254464,0.415807,0.00377306],[0.0734731,5.28294e-05,0.924457,0.00201756],[4.71506e-05,5.28294e-05,0.99797,0.00193025],[0.0289729,0.618177,0.341002,0.0118488],[0.31391,0.351522,0.0971857,0.237382],[0.428237,0.170539,0.241673,0.159551]]},{"db":2,"id":"ARI5B_HUMAN.H11MO.0.C","len":13,"ltrim":2,"rtrim":1,"nsites":15,"evalue":"1.0e+000","url":"http://hocomoco.autosome.ru/motif/ARI5B_HUMAN.H11MO.0.C","pwm":[[0.216793,0.0845311,0.349432,0.349244],[0.134012,0.26665,0.399101,0.200237],[0.00156159,0.26665,0.200425,0.531363],[0.00156159,0.1342,0.332875,0.531363],[0.332687,0.0679748,0.332875,0.266462],[0.200237,0.0679748,0.664001,0.0677868],[0.00156159,0.00174967,0.00174967,0.994939],[0.862489,0.00174967,0.1342,0.00156159],[0.00156159,0.1342,0.00174967,0.862489],[0.00156159,0.0679748,0.0679748,0.862489],[0.134012,0.26665,0.531551,0.0677868],[0.134012,0.0679748,0.26665,0.531363],[0.249906,0.117644,0.44877,0.183681]]},{"db":2,"id":"BACH1_HUMAN.H11MO.0.A","len":13,"ltrim":0,"rtrim":2,"nsites":500,"evalue":"1.0e+000","url":"http://hocomoco.autosome.ru/motif/BACH1_HUMAN.H11MO.0.A","pwm":[[0.0628486,0.168184,0.0975475,0.67142],[0.00920382,0.0664278,0.922339,0.00202921],[0.0209116,0.967528,0.00397728,0.00758271],[0.0362154,0.079586,0.0801419,0.804057],[0.0038954,0.0613593,0.89089,0.043855],[0.802818,0.0206218,0.124526,0.052035],[0.0133087,0.214868,0.763226,0.00859752],[0.00624673,0.0361822,0.14588,0.811691],[0.0162383,0.943695,0.0343195,0.00574709],[0.786279,0.0958404,0.0824561,0.0354248],[0.00982447,0.334265,0.256608,0.399302],[0.151625,0.265559,0.394695,0.188121],[0.105262,0.378567,0.372603,0.143568]]},{"db":2,"id":"BACH2_HUMAN.H11MO.0.A","len":11,"ltrim":0,"rtrim":1,"nsites":500,"evalue":"1.0e+000","url":"http://hocomoco.autosome.ru/motif/BACH2_HUMAN.H11MO.0.A","pwm":[[0.122023,0.0960336,0.0680392,0.713904],[0.0140444,0.0780372,0.893874,0.0140444],[0.0440384,0.923868,0.0120504,0.0200432],[0.0780316,0.0380452,0.00805123,0.875872],[0.0580356,0.0600408,0.793894,0.0880296],[0.757896,0.0380452,0.0560416,0.148018],[0.0440384,0.224008,0.669919,0.0620348],[0.0100452,0.0160496,0.00805123,0.965854],[0.0600352,0.919869,0.0160496,0.00404635],[0.963854,0.0120504,0.00805123,0.016044],[0.056036,0.319989,0.21201,0.411965]]},{"db":2,"id":"BATF3_HUMAN.H11MO.0.B","len":17,"ltrim":1,"rtrim":2,"nsites":500,"evalue":"1.0e+000","url":"http://hocomoco.autosome.ru/motif/BATF3_HUMAN.H11MO.0.B","pwm":[[0.172013,0.353982,0.206012,0.267994],[0.48395,0.0560416,0.244004,0.216004],[0.0300412,0.389975,0.501952,0.0780316],[0.0300412,0.0160496,0.01405,0.939859],[0.046038,0.06404,0.00805123,0.881871],[0.0420388,0.160021,0.0420444,0.755896],[0.0180436,0.855882,0.0200488,0.106026],[0.501947,0.178017,0.120029,0.200007],[0.210005,0.182016,0.218009,0.389969],[0.230001,0.0420444,0.06404,0.663914],[0.481951,0.198013,0.0560416,0.263994],[0.00804555,5.28294e-05,0.0100508,0.981851],[0.0120448,0.024048,0.809891,0.154016],[0.863874,0.00605163,0.0420444,0.0880296],[0.100027,0.46196,0.317989,0.120023],[0.251997,0.120029,0.146024,0.481951],[0.241999,0.385976,0.186016,0.18601]]},{"db":2,"id":"BATF_HUMAN.H11MO.0.A","len":18,"ltrim":1,"rtrim":1,"nsites":500,"evalue":"1.0e+000","url":"http://hocomoco.autosome.ru/motif/BATF_HUMAN.H11MO.0.A","pwm":[[0.451957,0.0780372,0.264,0.206006],[0.0480376,0.399973,0.345984,0.206006],[0.0120448,0.0180492,0.044044,0.925862],[0.13402,0.327987,0.024048,0.513944],[0.08603,0.238005,0.0520424,0.623922],[0.142019,0.545944,0.0460436,0.265994],[0.379971,0.0860356,0.395974,0.13802],[0.369973,0.11403,0.230007,0.28599],[0.33798,0.0180492,0.084036,0.559935],[0.577932,0.158021,0.0220484,0.241999],[0.00204675,0.00205243,5.28294e-05,0.995848],[0.00404635,0.0560416,0.849883,0.0900292],[0.977852,0.00805123,0.0120504,0.00204675],[0.104026,0.557941,0.31599,0.0220428],[0.0720328,0.0300468,0.0200488,0.877872],[0.212005,0.507951,0.21201,0.0680336],[0.611925,0.084036,0.110031,0.194008],[0.142019,0.186016,0.305992,0.365974]]},{"db":2,"id":"BC11A_HUMAN.H11MO.0.A","len":17,"ltrim":1,"rtrim":1,"nsites":500,"evalue":"1.0e+000","url":"http://hocomoco.autosome.ru/motif/BC11A_HUMAN.H11MO.0.A","pwm":[[0.375727,0.184628,0.286197,0.153448],[0.550577,0.0994733,0.224097,0.125853],[0.500161,0.142366,0.230717,0.126756],[0.589979,0.0166192,0.226054,0.167348],[0.187432,0.160799,0.580419,0.0713492],[0.664508,0.0145845,0.269379,0.0515282],[0.104034,0.0144913,0.828553,0.052921],[0.200414,0.0327745,0.758549,0.00826209],[0.880095,0.0431281,0.0486003,0.0281767],[0.867861,0.00584248,0.055547,0.0707495],[0.248396,0.226049,0.502144,0.0234111],[0.150155,0.154995,0.0315614,0.663289],[0.11783,0.0724952,0.760192,0.0494837],[0.658746,0.0644159,0.250666,0.026172],[0.458782,0.143456,0.310169,0.0875932],[0.622699,0.0788478,0.157297,0.141156],[0.358982,0.204703,0.318079,0.118236]]},{"db":2,"id":"BRAC_HUMAN.H11MO.0.A","len":20,"ltrim":1,"rtrim":2,"nsites":500,"evalue":"1.0e+000","url":"http://hocomoco.autosome.ru/motif/BRAC_HUMAN.H11MO.0.A","pwm":[[0.120023,0.252002,0.146024,0.481951],[0.0780316,0.202012,0.106032,0.613924],[0.33598,0.31199,0.224008,0.128022],[0.33398,0.16402,0.379977,0.122023],[0.13802,0.673918,0.128027,0.0600352],[0.669913,0.0720384,0.16202,0.096028],[0.198008,0.174018,0.407971,0.220003],[0.182011,0.252002,0.401972,0.164014],[0.243998,0.16602,0.339985,0.249997],[0.469953,0.190015,0.230007,0.110025],[0.343978,0.0520424,0.437965,0.166014],[0.0600352,0.128027,0.747903,0.0640344],[0.0380396,0.0160496,0.00405203,0.941859],[0.00204675,0.01405,0.969859,0.0140444],[0.224002,0.0520424,0.044044,0.679911],[0.0320408,0.152022,0.631926,0.18401],[0.905866,0.0200488,0.0620404,0.0120448],[0.659915,0.0580412,0.222008,0.0600352],[0.349977,0.0880352,0.262,0.299987],[0.200007,0.136026,0.198013,0.465954]]},{"db":2,"id":"CRX_HUMAN.H11MO.0.B","len":13,"ltrim":1,"rtrim":1,"nsites":500,"evalue":"1.0e+000","url":"http://hocomoco.autosome.ru/motif/CRX_HUMAN.H11MO.0.B","pwm":[[0.247998,0.16402,0.152022,0.43596],[0.53394,0.104032,0.262,0.100027],[0.573932,0.0460436,0.275998,0.104026],[0.172013,0.0920344,0.56594,0.170013],[0.497948,0.16402,0.262,0.076032],[0.192009,0.00605163,0.775898,0.026042],[0.0320408,0.0100508,0.935866,0.0220428],[0.763894,0.218009,0.0160496,0.00204675],[4.71506e-05,5.28294e-05,5.28294e-05,0.999847],[0.0220428,0.0580412,0.024048,0.895868],[0.879871,0.00405203,0.034046,0.0820308],[0.269993,0.0660396,0.525948,0.13802],[0.234,0.323988,0.343984,0.0980276]]},{"db":2,"id":"CTCFL_HUMAN.H11MO.0.A","len":17,"ltrim":1,"rtrim":1,"nsites":450,"evalue":"1.0e+000","url":"http://hocomoco.autosome.ru/motif/CTCFL_HUMAN.H11MO.0.A","pwm":[[0.166682,0.18224,0.442183,0.208895],[0.044487,0.833207,0.0733757,0.0489304],[0.0178262,0.942072,0.0267194,0.0133828],[0.339977,0.0689323,0.373309,0.217782],[0.124469,0.446626,0.417744,0.011161],[0.142243,0.511056,0.0911496,0.255551],[0.873192,0.0444933,0.0311629,0.0511521],[0.0089393,0.0111673,0.977619,0.00227412],[0.231112,5.86981e-05,0.755446,0.0133828],[0.0800346,0.0911496,0.733229,0.0955867],[0.0089393,0.00228043,0.982063,0.00671757],[0.011161,0.0133891,0.935406,0.0400435],[0.0822563,0.897637,0.00450216,0.0156045],[0.211117,0.00450216,0.768777,0.0156045],[0.0289349,0.706568,0.206679,0.0578173],[0.128913,0.408857,0.0778192,0.384411],[0.264438,0.262223,0.379974,0.093365]]},{"db":2,"id":"DLX3_HUMAN.H11MO.0.C","len":10,"ltrim":0,"rtrim":1,"nsites":34,"evalue":"1.0e+000","url":"http://hocomoco.autosome.ru/motif/DLX3_HUMAN.H11MO.0.C","pwm":[[0.173265,0.128594,0.659139,0.0390022],[0.411981,0.403851,0.183476,0.000691496],[0.000691496,0.0231519,0.00077478,0.975382],[0.975382,0.00077478,0.0231519,0.000691496],[0.997759,0.00077478,0.00077478,0.000691496],[0.000691496,0.00077478,0.00077478,0.997759],[0.000691496,0.00077478,0.0455291,0.953005],[0.541427,0.00077478,0.363913,0.0938846],[0.161016,0.515736,0.277802,0.0454458],[0.445475,0.154656,0.10282,0.297049]]},{"db":2,"id":"E2F3_HUMAN.H11MO.0.A","len":11,"ltrim":2,"rtrim":0,"nsites":500,"evalue":"1.0e+000","url":"http://hocomoco.autosome.ru/motif/E2F3_HUMAN.H11MO.0.A","pwm":[[0.375972,0.140025,0.208011,0.275992],[0.261995,0.0460436,0.409971,0.281991],[0.126022,0.124028,0.675918,0.0740324],[0.0340404,0.00605163,0.955862,0.00404635],[0.124022,0.769899,0.0200488,0.08603],[0.152017,0.00405203,0.683916,0.160015],[0.096028,0.0200488,0.867879,0.016044],[0.0180436,0.0100508,0.957861,0.0140444],[0.83388,0.0380452,0.118029,0.0100452],[0.711905,0.0620404,0.200013,0.026042],[0.53394,0.110031,0.250003,0.106026]]},{"db":2,"id":"E2F4_HUMAN.H11MO.0.A","len":13,"ltrim":0,"rtrim":2,"nsites":500,"evalue":"1.0e+000","url":"http://hocomoco.autosome.ru/motif/E2F4_HUMAN.H11MO.0.A","pwm":[[0.146018,0.258001,0.505952,0.0900292],[0.277992,0.0960336,0.46196,0.164014],[0.243998,0.100033,0.525948,0.130021],[0.100027,0.188015,0.695914,0.016044],[0.00404635,0.0360456,0.957861,0.00204675],[0.0120448,0.973858,5.28294e-05,0.0140444],[0.03604,0.00205243,0.945864,0.016044],[0.00404635,0.0380452,0.949863,0.00804555],[0.0900292,0.01405,0.893874,0.00204675],[0.715904,0.0220484,0.250003,0.0120448],[0.53594,0.200013,0.222008,0.0420388],[0.381971,0.188015,0.281996,0.148018],[0.253996,0.11403,0.305992,0.325982]]},{"db":2,"id":"E2F6_HUMAN.H11MO.0.A","len":13,"ltrim":1,"rtrim":2,"nsites":500,"evalue":"1.0e+000","url":"http://hocomoco.autosome.ru/motif/E2F6_HUMAN.H11MO.0.A","pwm":[[0.33798,0.148023,0.341984,0.172013],[0.261995,0.034046,0.555942,0.148018],[0.154016,0.126028,0.699913,0.0200432],[0.0100452,0.0160496,0.96386,0.0100452],[0.214004,0.707911,0.0120504,0.066034],[0.0400392,0.0180492,0.893874,0.0480376],[0.0240424,0.0480432,0.895874,0.0320408],[0.0720328,0.044044,0.871878,0.0120448],[0.941859,0.0320464,0.01405,0.0120448],[0.511945,0.0360456,0.435966,0.016044],[0.38397,0.108031,0.437965,0.0700332],[0.277992,0.218009,0.377977,0.126022],[0.275992,0.16202,0.425968,0.13602]]},{"db":2,"id":"E2F7_HUMAN.H11MO.0.B","len":13,"ltrim":0,"rtrim":3,"nsites":500,"evalue":"1.0e+000","url":"http://hocomoco.autosome.ru/motif/E2F7_HUMAN.H11MO.0.B","pwm":[[0.196008,0.148023,0.529947,0.126022],[0.33798,0.0320464,0.41597,0.214004],[0.142019,0.0820364,0.771898,0.00404635],[0.0440384,0.00405203,0.941864,0.0100452],[0.0840304,0.853882,0.00405203,0.0580356],[0.140019,0.0160496,0.81389,0.0300412],[0.0220428,0.0120504,0.957861,0.00804555],[0.204006,0.00605163,0.775898,0.0140444],[0.713904,0.00405203,0.275998,0.00604595],[0.603926,0.138025,0.240005,0.0180436],[0.427962,0.192014,0.224008,0.156016],[0.343978,0.0860356,0.355982,0.214004],[0.259995,0.152022,0.485956,0.102027]]},{"db":2,"id":"ESR1_HUMAN.H11MO.0.A","len":15,"ltrim":0,"rtrim":0,"nsites":500,"evalue":"1.0e+000","url":"http://hocomoco.autosome.ru/motif/ESR1_HUMAN.H11MO.0.A","pwm":[[0.63792,0.0480432,0.260001,0.0540364],[0.0740324,0.00605163,0.807891,0.112025],[0.046038,0.0180492,0.907871,0.0280416],[0.0940284,0.0720384,0.178017,0.655916],[0.00204675,0.887875,0.0480432,0.0620348],[0.855876,0.00605163,0.11203,0.026042],[0.108026,0.441964,0.31199,0.13802],[0.395968,0.603932,5.28294e-05,4.71506e-05],[0.182011,0.375978,0.285996,0.156016],[0.104026,0.0780372,0.044044,0.773892],[0.0540364,0.034046,0.907871,0.00404635],[0.617924,0.198013,0.0700388,0.114024],[0.0400392,0.883876,0.01405,0.0620348],[0.0900292,0.821888,0.00805123,0.0800312],[0.0580356,0.329987,0.0660396,0.545938]]},{"db":2,"id":"ESR2_HUMAN.H11MO.0.A","len":15,"ltrim":0,"rtrim":0,"nsites":497,"evalue":"1.0e+000","url":"http://hocomoco.autosome.ru/motif/ESR2_HUMAN.H11MO.0.A","pwm":[[0.494918,0.0966132,0.362153,0.0463158],[0.114712,0.0121232,0.790639,0.0825258],[0.0463158,0.0262048,0.859035,0.0684441],[0.0966075,0.11673,0.229383,0.557279],[0.0161408,0.798685,0.0523565,0.132818],[0.621653,0.0342515,0.247488,0.0966075],[0.0925841,0.511017,0.265593,0.130806],[4.74351e-05,0.667927,5.31482e-05,0.331973],[0.122759,0.422503,0.267605,0.187133],[0.0402808,0.239442,0.0302282,0.690049],[0.0825258,0.0262048,0.891222,4.74351e-05],[0.521069,0.27364,0.0865549,0.118736],[0.0241874,0.844954,0.0221815,0.108677],[0.0825258,0.846965,0.0121232,0.0583858],[0.0724675,0.356118,0.0362632,0.535151]]},{"db":2,"id":"ETS2_HUMAN.H11MO.0.B","len":13,"ltrim":3,"rtrim":0,"nsites":500,"evalue":"1.0e+000","url":"http://hocomoco.autosome.ru/motif/ETS2_HUMAN.H11MO.0.B","pwm":[[0.230001,0.140025,0.435966,0.194008],[0.317984,0.146024,0.345984,0.190009],[0.321983,0.279997,0.297993,0.100027],[0.473952,0.0760376,0.36598,0.0840304],[0.192009,0.00805123,0.751902,0.0480376],[0.00404635,0.0100508,0.967859,0.0180436],[0.981851,0.0160496,5.28294e-05,0.00204675],[0.953856,0.0180492,0.024048,0.00404635],[0.381971,0.084036,0.519949,0.0140444],[0.391969,0.262,0.198013,0.148018],[0.421963,0.0480432,0.459961,0.0700332],[0.329981,0.0860356,0.495954,0.0880296],[0.495948,0.100033,0.319989,0.0840304]]},{"db":2,"id":"ETV4_HUMAN.H11MO.0.B","len":11,"ltrim":2,"rtrim":2,"nsites":500,"evalue":"1.0e+000","url":"http://hocomoco.autosome.ru/motif/ETV4_HUMAN.H11MO.0.B","pwm":[[0.33598,0.234006,0.329987,0.100027],[0.38397,0.134026,0.319989,0.162015],[0.13602,0.609931,0.234006,0.0200432],[0.955856,0.0100508,0.0200488,0.0140444],[0.00604595,0.00205243,0.975858,0.016044],[0.016044,0.0260476,0.957861,4.71506e-05],[0.923862,0.0160496,0.0500428,0.0100452],[0.869873,0.01405,0.0460436,0.0700332],[0.307986,0.0220484,0.587935,0.0820308],[0.13802,0.178017,0.345984,0.33798],[0.28799,0.132026,0.41397,0.166014]]},{"db":2,"id":"FOSB_HUMAN.H11MO.0.A","len":9,"ltrim":1,"rtrim":1,"nsites":500,"evalue":"1.0e+000","url":"http://hocomoco.autosome.ru/motif/FOSB_HUMAN.H11MO.0.A","pwm":[[0.413964,0.206012,0.291994,0.0880296],[0.0100452,0.0120504,0.00205243,0.975852],[0.0120448,0.01405,0.917869,0.056036],[0.895868,0.0120504,0.0180492,0.0740324],[0.204006,5.28294e-05,0.795894,4.71506e-05],[0.0180436,0.0300468,0.106032,0.845878],[0.0540364,0.903872,0.0280472,0.0140444],[0.965854,0.0100508,0.00605163,0.0180436],[0.0720328,0.329987,0.230007,0.367974]]},{"db":2,"id":"FOS_HUMAN.H11MO.0.A","len":9,"ltrim":1,"rtrim":0,"nsites":500,"evalue":"1.0e+000","url":"http://hocomoco.autosome.ru/motif/FOS_HUMAN.H11MO.0.A","pwm":[[0.345978,0.21601,0.359981,0.0780316],[0.0100452,0.0180492,0.0100508,0.961855],[0.016044,0.034046,0.859881,0.0900292],[0.93586,0.00805123,0.0280472,0.0280416],[0.116024,5.28294e-05,0.883876,4.71506e-05],[0.0220428,0.0260476,0.024048,0.927862],[0.0420388,0.933866,0.024048,4.71506e-05],[0.959855,0.0160496,0.0120504,0.0120448],[0.0280416,0.417969,0.264,0.289989]]},{"db":2,"id":"FOXJ2_HUMAN.H11MO.0.C","len":10,"ltrim":0,"rtrim":0,"nsites":41,"evalue":"1.0e+000","url":"http://hocomoco.autosome.ru/motif/FOXJ2_HUMAN.H11MO.0.C","pwm":[[0.000573723,0.0243317,0.000642822,0.974452],[0.30853,0.000642822,0.642876,0.0479516],[0.000573723,0.000642822,0.0243317,0.974452],[0.000573723,0.000642822,0.000642822,0.998141],[0.000573723,0.000642822,0.000642822,0.998141],[0.548051,0.000642822,0.450732,0.000573723],[0.000573723,0.192786,0.000642822,0.805997],[0.119018,0.216475,0.000642822,0.663864],[0.000573723,0.0243317,0.237532,0.737562],[0.46514,0.0835541,0.130932,0.320374]]},{"db":2,"id":"FOXJ3_HUMAN.H11MO.0.A","len":13,"ltrim":1,"rtrim":0,"nsites":626,"evalue":"1.0e+000","url":"http://hocomoco.autosome.ru/motif/FOXJ3_HUMAN.H11MO.0.A","pwm":[[0.194103,0.14649,0.164706,0.494701],[3.76617e-05,4.21977e-05,4.21977e-05,0.999878],[0.0829595,4.21977e-05,0.914277,0.00272179],[0.00111131,4.21977e-05,4.21977e-05,0.998804],[3.76617e-05,4.21977e-05,4.21977e-05,0.999878],[0.00887046,4.21977e-05,0.175707,0.81538],[0.818149,4.21977e-05,0.0369632,0.144846],[3.76617e-05,0.0711435,4.21977e-05,0.928777],[0.113301,4.21977e-05,0.430184,0.456473],[0.0440524,4.21977e-05,0.32567,0.630236],[0.0528109,4.21977e-05,0.029159,0.917988],[0.00590237,0.010176,0.0168471,0.967075],[0.358501,0.0704097,0.138478,0.432611]]},{"db":2,"id":"FOXP1_HUMAN.H11MO.0.A","len":9,"ltrim":0,"rtrim":0,"nsites":295,"evalue":"1.0e+000","url":"http://hocomoco.autosome.ru/motif/FOXP1_HUMAN.H11MO.0.A","pwm":[[0.0576875,0.139025,0.176301,0.626986],[0.0136346,0.28135,0.311848,0.393167],[0.00685727,0.0204216,0.0305877,0.942133],[0.020412,0.0407537,0.840483,0.0983517],[7.99051e-05,0.0170329,0.0576971,0.92519],[0.00685727,0.0949726,0.0407537,0.857416],[0.010246,0.0136443,0.0814179,0.894692],[0.525326,0.345735,0.037365,0.0915743],[0.0170233,0.484671,0.0102556,0.48805]]},{"db":2,"id":"GFI1B_HUMAN.H11MO.0.A","len":10,"ltrim":0,"rtrim":0,"nsites":500,"evalue":"1.0e+000","url":"http://hocomoco.autosome.ru/motif/GFI1B_HUMAN.H11MO.0.A","pwm":[[0.156016,0.0520424,0.647923,0.144018],[0.0580356,0.747903,0.0780372,0.116024],[0.299987,0.184016,0.0180492,0.497948],[0.016044,0.36398,0.517949,0.102027],[0.399967,0.0360456,0.0260476,0.53794],[0.00604595,0.00605163,0.983856,0.00404635],[0.83388,0.0560416,0.102032,0.00804555],[4.71506e-05,0.0100508,0.0160496,0.973852],[0.00404635,5.28294e-05,5.28294e-05,0.995848],[0.03604,0.122028,0.198013,0.643918]]},{"db":2,"id":"GFI1_HUMAN.H11MO.0.C","len":10,"ltrim":0,"rtrim":0,"nsites":150,"evalue":"1.0e+000","url":"http://hocomoco.autosome.ru/motif/GFI1_HUMAN.H11MO.0.C","pwm":[[0.291432,0.0696442,0.587364,0.0515599],[0.0778545,0.684276,0.139401,0.0984685],[0.405072,0.10049,0.0757708,0.418668],[0.0521375,0.2855,0.562934,0.0994289],[0.239207,0.0171429,0.0800893,0.663561],[0.000157095,0.000176016,0.99951,0.000157095],[0.999491,0.000176016,0.000176016,0.000157095],[0.000157095,0.000176016,0.000176016,0.999491],[0.000157095,0.000176016,0.000176016,0.999491],[0.10359,0.11816,0.190873,0.587376]]},{"db":2,"id":"HINFP_HUMAN.H11MO.0.C","len":16,"ltrim":2,"rtrim":1,"nsites":42,"evalue":"1.0e+000","url":"http://hocomoco.autosome.ru/motif/HINFP_HUMAN.H11MO.0.C","pwm":[[0.327089,0.0662466,0.397744,0.208921],[0.333624,0.381272,0.141803,0.143302],[0.0465742,0.405845,0.476433,0.0711477],[0.190882,0.358265,0.166376,0.284477],[0.238463,0.23853,0.0712151,0.451792],[0.473233,0.310684,0.167943,0.0481406],[0.166309,0.118796,0.57316,0.141735],[0.0711477,0.927665,0.000627553,0.000560095],[0.000560095,0.000627553,0.998252,0.000560095],[0.0481406,0.0236346,0.927665,0.000560095],[0.973611,0.025201,0.000627553,0.000560095],[0.000560095,0.950672,0.0482081,0.000560095],[0.000560095,0.0712151,0.855511,0.0727141],[0.0235671,0.000627553,0.000627553,0.975178],[0.192449,0.0236346,0.117229,0.666688],[0.385781,0.269247,0.267681,0.077291]]},{"db":2,"id":"HNF1A_HUMAN.H11MO.0.C","len":15,"ltrim":0,"rtrim":0,"nsites":500,"evalue":"1.0e+000","url":"http://hocomoco.autosome.ru/motif/HNF1A_HUMAN.H11MO.0.C","pwm":[[0.319983,0.0460436,0.399973,0.234],[0.146018,0.034046,0.719909,0.100027],[0.046038,0.0660396,0.11403,0.773892],[0.128022,0.102032,0.0900348,0.679911],[0.913864,0.00405203,0.0480432,0.0340404],[0.791889,0.138025,0.0180492,0.0520368],[0.210005,0.0100508,0.0280472,0.751897],[4.71506e-05,5.28294e-05,0.585936,0.413964],[0.725902,0.0100508,0.0480432,0.216004],[0.0800312,0.024048,0.06404,0.831881],[0.0240424,0.0660396,0.0120504,0.897868],[0.723902,0.0400448,0.0720384,0.164014],[0.773892,0.0800368,0.0820364,0.0640344],[0.108026,0.721908,0.0360456,0.13402],[0.216004,0.339985,0.0320464,0.411965]]},{"db":2,"id":"IKZF1_HUMAN.H11MO.0.C","len":8,"ltrim":0,"rtrim":0,"nsites":60,"evalue":"1.0e+000","url":"http://hocomoco.autosome.ru/motif/IKZF1_HUMAN.H11MO.0.C","pwm":[[0.0427665,0.286042,0.237735,0.433457],[0.0580213,0.0885779,0.000439601,0.852961],[0.0563263,0.000439601,0.942842,0.000392346],[0.019037,0.030949,0.949622,0.000392346],[0.000392346,0.0173893,0.981826,0.000392346],[0.849571,0.000439601,0.149597,0.000392346],[0.320741,0.030949,0.53266,0.11565],[0.415659,0.0394239,0.368248,0.176669]]},{"db":2,"id":"IRF1_HUMAN.H11MO.0.A","len":20,"ltrim":1,"rtrim":1,"nsites":499,"evalue":"1.0e+000","url":"http://hocomoco.autosome.ru/motif/IRF1_HUMAN.H11MO.0.A","pwm":[[0.338657,0.17637,0.356695,0.128278],[0.605136,0.0982297,0.192399,0.104235],[0.65723,0.096226,0.128284,0.11826],[0.735371,0.0741864,0.0781936,0.112249],[0.310606,0.228464,0.266533,0.194397],[0.298585,0.138302,0.152327,0.410787],[0.166347,0.00806736,0.821532,0.00405446],[0.933728,0.010071,0.0461359,0.0100653],[0.987825,0.00205654,5.29353e-05,0.0100653],[0.983818,0.00205654,0.00606375,0.00806167],[0.136292,0.364709,0.468897,0.0301013],[0.200408,0.100233,0.0220926,0.677266],[0.106238,0.00406015,0.887651,0.00205085],[0.937735,0.0160818,0.0421287,0.00405446],[0.961778,5.29353e-05,0.0281034,0.0100653],[0.985822,0.00406015,0.00406015,0.00605806],[0.0441266,0.360702,0.547038,0.0481338],[0.196401,0.242489,0.07619,0.48492],[0.468891,0.124277,0.308608,0.098224],[0.436833,0.160341,0.268536,0.134289]]},{"db":2,"id":"IRF3_HUMAN.H11MO.0.B","len":20,"ltrim":0,"rtrim":0,"nsites":500,"evalue":"1.0e+000","url":"http://hocomoco.autosome.ru/motif/IRF3_HUMAN.H11MO.0.B","pwm":[[0.299987,0.0780372,0.51395,0.108026],[0.603926,0.044044,0.299993,0.0520368],[0.677912,0.0660396,0.21401,0.0420388],[0.719903,0.074038,0.110031,0.096028],[0.305986,0.108031,0.455962,0.130021],[0.224002,0.054042,0.557941,0.164014],[0.202007,0.054042,0.731906,0.0120448],[0.819883,0.0180492,0.148023,0.0140444],[0.815884,0.0360456,0.126028,0.0220428],[0.899867,0.0160496,0.0300468,0.0540364],[0.224002,0.262,0.445964,0.0680336],[0.291989,0.0880352,0.401972,0.218004],[0.200007,0.00605163,0.783896,0.0100452],[0.673912,0.024048,0.289995,0.0120448],[0.879871,0.0360456,0.0720384,0.0120448],[0.941859,0.00405203,0.0400448,0.0140444],[0.096028,0.31399,0.547943,0.0420388],[0.265994,0.142024,0.273998,0.317984],[0.228002,0.122028,0.585936,0.0640344],[0.681911,0.0700388,0.178017,0.0700332]]},{"db":2,"id":"ITF2_HUMAN.H11MO.0.C","len":10,"ltrim":1,"rtrim":0,"nsites":497,"evalue":"1.0e+000","url":"http://hocomoco.autosome.ru/motif/ITF2_HUMAN.H11MO.0.C","pwm":[[0.307833,0.0422982,0.38227,0.267599],[0.126782,0.146905,0.68402,0.0422925],[0.0282108,0.895245,0.0523565,0.0241874],[0.937485,0.00809982,0.0262048,0.0282108],[0.0302225,0.10466,0.824837,0.0402808],[0.0945958,0.589472,0.299792,0.0161408],[0.0905725,0.00608815,0.00809982,0.89524],[0.00407077,0.0141348,0.951572,0.0302225],[0.0845375,0.106672,0.460725,0.348066],[0.0925841,0.27364,0.529122,0.104654]]},{"db":2,"id":"JUNB_HUMAN.H11MO.0.A","len":11,"ltrim":2,"rtrim":2,"nsites":500,"evalue":"1.0e+000","url":"http://hocomoco.autosome.ru/motif/JUNB_HUMAN.H11MO.0.A","pwm":[[0.273992,0.0980332,0.303992,0.323982],[0.263994,0.347983,0.273998,0.114024],[0.0320408,0.00805123,0.0120504,0.947858],[0.00404635,0.034046,0.889875,0.0720328],[0.93386,0.00205243,5.28294e-05,0.0640344],[4.71506e-05,5.28294e-05,0.953862,0.046038],[0.0120448,0.0120504,5.28294e-05,0.975852],[0.0500372,0.925868,0.01405,0.0100452],[0.977852,0.00805123,0.00405203,0.0100452],[0.0740324,0.36598,0.262,0.297988],[0.317984,0.349983,0.130027,0.202007]]},{"db":2,"id":"KLF15_HUMAN.H11MO.0.A","len":19,"ltrim":0,"rtrim":0,"nsites":479,"evalue":"1.0e+000","url":"http://hocomoco.autosome.ru/motif/KLF15_HUMAN.H11MO.0.A","pwm":[[0.311049,0.0355383,0.542739,0.110673],[0.258868,0.0125786,0.695108,0.0334452],[4.92173e-05,0.00214239,0.997759,4.92173e-05],[0.0167472,0.00631689,0.974799,0.00213646],[0.536472,0.354887,5.51451e-05,0.108586],[0.0689284,0.00631689,0.918444,0.00631096],[0.0125727,0.0146659,0.885048,0.0877136],[0.492639,0.0313638,0.423766,0.0522304],[0.116935,0.00631689,0.86835,0.0083982],[0.313136,0.344451,0.298531,0.0438814],[0.344445,0.160773,0.286008,0.208774],[0.233821,0.0438873,0.582397,0.139895],[0.150331,0.0209276,0.797383,0.0313579],[0.185814,0.0313638,0.770249,0.0125727],[0.256781,0.133639,0.576135,0.0334452],[0.177465,0.104417,0.665887,0.0522304],[0.277653,0.129464,0.446726,0.146157],[0.0877136,0.0939813,0.743115,0.0751901],[0.183727,0.0167531,0.730592,0.0689284]]},{"db":2,"id":"LHX2_HUMAN.H11MO.0.A","len":12,"ltrim":2,"rtrim":3,"nsites":430,"evalue":"1.0e+000","url":"http://hocomoco.autosome.ru/motif/LHX2_HUMAN.H11MO.0.A","pwm":[[0.132582,0.176765,0.237216,0.453438],[0.0930565,0.262791,0.318592,0.325561],[0.111657,0.432519,0.0163367,0.439488],[0.0279553,0.0116866,6.14276e-05,0.960297],[0.774293,0.176765,0.0395871,0.00935499],[0.957972,0.0279619,0.00238647,0.01168],[5.48245e-05,0.0209868,0.0209868,0.957972],[0.00935499,0.0140117,0.237216,0.739418],[0.57899,0.00703655,0.353468,0.0605059],[0.172108,0.22559,0.49297,0.109332],[0.176758,0.241866,0.125614,0.455763],[0.0884064,0.213965,0.241866,0.455763]]},{"db":2,"id":"MAFF_HUMAN.H11MO.0.B","len":18,"ltrim":0,"rtrim":0,"nsites":473,"evalue":"1.0e+000","url":"http://hocomoco.autosome.ru/motif/MAFF_HUMAN.H11MO.0.B","pwm":[[0.0571202,0.0698085,0.0824908,0.79058],[0.021187,0.0951732,0.765222,0.118418],[0.0550065,0.88359,0.0296479,0.0317556],[0.0845986,0.0613537,0.006397,0.847651],[0.0275282,0.112083,0.744085,0.116304],[0.771557,0.0507851,0.0444439,0.133214],[0.0592339,0.410117,0.433368,0.0972809],[0.0845986,0.088832,0.0592399,0.767329],[0.0909397,0.66165,0.0423302,0.20508],[0.672212,0.0571262,0.122651,0.14801],[0.0655751,0.0930594,0.625716,0.215649],[0.0402105,0.780018,0.112083,0.0676888],[0.589777,0.109969,0.120538,0.179716],[0.177602,0.234679,0.22411,0.363609],[0.234673,0.137448,0.122651,0.505228],[0.16492,0.177608,0.0465576,0.610914],[0.0993946,0.253702,0.0782634,0.56864],[0.1311,0.205086,0.13322,0.530593]]},{"db":2,"id":"MEF2A_HUMAN.H11MO.0.A","len":13,"ltrim":1,"rtrim":1,"nsites":500,"evalue":"1.0e+000","url":"http://hocomoco.autosome.ru/motif/MEF2A_HUMAN.H11MO.0.A","pwm":[[0.273992,0.0780372,0.244004,0.403966],[0.128022,0.0800368,0.387975,0.403966],[0.0280416,0.723908,0.0500428,0.198008],[0.00204675,0.0560416,5.28294e-05,0.941859],[0.927862,0.00605163,0.00805123,0.0580356],[0.0640344,0.00205243,0.00805123,0.925862],[0.102027,0.00205243,0.00405203,0.891869],[0.0140444,0.0480432,0.0100508,0.927862],[0.13402,0.0820364,0.0120504,0.771893],[0.140019,0.0360456,0.11603,0.707906],[0.549937,0.00205243,0.435966,0.0120448],[0.160015,0.0380452,0.657921,0.144018],[0.359975,0.383976,0.104032,0.152017]]},{"db":2,"id":"MEF2B_HUMAN.H11MO.0.A","len":14,"ltrim":2,"rtrim":0,"nsites":500,"evalue":"1.0e+000","url":"http://hocomoco.autosome.ru/motif/MEF2B_HUMAN.H11MO.0.A","pwm":[[0.253996,0.118029,0.41397,0.214004],[0.194008,0.110031,0.252002,0.443958],[0.204006,0.0360456,0.271998,0.48795],[0.168014,0.104032,0.373978,0.353976],[0.0480376,0.771898,0.0400448,0.140019],[0.00204675,0.0880352,0.00205243,0.907866],[0.861875,0.0260476,0.0320464,0.0800312],[0.106026,0.0200488,0.00605163,0.867874],[0.076032,0.00605163,0.00405203,0.913864],[0.03604,0.0480432,0.01405,0.901867],[0.13402,0.118029,0.0480432,0.699907],[0.170013,0.0560416,0.140025,0.63392],[0.471953,5.28294e-05,0.487955,0.0400392],[0.122023,0.0520424,0.695914,0.130021]]},{"db":2,"id":"MEF2C_HUMAN.H11MO.0.A","len":13,"ltrim":1,"rtrim":1,"nsites":500,"evalue":"1.0e+000","url":"http://hocomoco.autosome.ru/motif/MEF2C_HUMAN.H11MO.0.A","pwm":[[0.297988,0.074038,0.283996,0.343978],[0.104026,0.0920344,0.419969,0.38397],[0.0300412,0.691914,0.0460436,0.232001],[0.00204675,0.0620404,5.28294e-05,0.93586],[0.947858,0.0160496,0.00605163,0.0300412],[0.0600352,0.00605163,0.00205243,0.931861],[0.0800312,0.0120504,0.00605163,0.901867],[0.0240424,0.0380452,0.0100508,0.927862],[0.148018,0.0900348,0.0220484,0.739899],[0.13802,0.0420444,0.122028,0.697908],[0.565934,0.00405203,0.421968,0.00804555],[0.154016,0.0720384,0.633926,0.140019],[0.359975,0.36398,0.102032,0.174012]]},{"db":2,"id":"MEF2D_HUMAN.H11MO.0.A","len":12,"ltrim":1,"rtrim":0,"nsites":500,"evalue":"1.0e+000","url":"http://hocomoco.autosome.ru/motif/MEF2D_HUMAN.H11MO.0.A","pwm":[[0.311985,0.0560416,0.301992,0.329981],[0.0680336,0.06404,0.499953,0.367974],[0.0240424,0.757901,0.0600408,0.158016],[0.00204675,0.0200488,0.00605163,0.971853],[0.969853,0.00205243,0.00205243,0.026042],[0.0540364,0.00605163,0.00405203,0.93586],[0.0800312,0.0120504,0.00805123,0.899867],[0.0940284,0.0400448,0.00605163,0.859875],[0.297988,0.0860356,0.0120504,0.603926],[0.08603,0.01405,0.054042,0.845878],[0.753896,5.28294e-05,0.236006,0.0100452],[0.0940284,0.0320464,0.785896,0.0880296]]},{"db":2,"id":"NANOG_HUMAN.H11MO.0.A","len":17,"ltrim":1,"rtrim":1,"nsites":499,"evalue":"1.0e+000","url":"http://hocomoco.autosome.ru/motif/NANOG_HUMAN.H11MO.0.A","pwm":[[0.128278,0.258518,0.280558,0.332646],[0.0441266,0.486929,0.178374,0.29057],[0.0882059,0.510973,0.0701792,0.330642],[0.306599,0.0441323,0.0601611,0.589108],[0.0120689,0.0601611,0.0421287,0.885641],[0.0681699,0.00806736,0.0381215,0.885641],[0.110246,0.2485,0.589113,0.052141],[0.376725,0.0421287,0.0361179,0.545028],[0.230462,0.260522,0.192399,0.316617],[0.807501,0.0341142,0.0401251,0.11826],[0.0681699,0.0140782,0.030107,0.887645],[0.0260941,0.0180854,0.811514,0.144307],[