<!DOCTYPE HTML>
<html>
  <head>
    <meta charset="UTF-8">
    <title>SpaMo - Spaced Motif Analysis</title>
    <script type="text/javascript">
      //@JSON_VAR data
      var data = {"program":"SpaMo","version":"4.11.3","revision":"c13e15f35e38483381a6e8a363f9137e303c0765","release":"Sat Mar 11 20:16:08 2017 -0800","host":"uger-c011.broadinstitute.org","when":"Sun Feb 28 16:34:30 2021","cmd":["spamo","-verbosity","1","-oc","/broad/sankaranlab/fyu/HemeMap/02262021-downMast_re-analysis/motif_denovo/all_mast0035_interactions_10x_hocomoco_meme-chip/spamo_out_11","-bgfile","/broad/sankaranlab/fyu/HemeMap/02262021-downMast_re-analysis/motif_denovo/all_mast0035_interactions_10x_hocomoco_meme-chip/background","-primary","TAF1_HUMAN.H11MO.0.A","/broad/sankaranlab/fyu/HemeMap/02262021-downMast_re-analysis/motif_denovo/all_mast0035_interactions_10x_hocomoco_meme-chip/20210227-deg_interactions_peaks_all_mast0035_fa_1based.fa","/broad/sankaranlab/fyu/motif_data/HOCOMOCOv11_core_HUMAN_mono_meme_format.meme","/broad/sankaranlab/fyu/HemeMap/02262021-downMast_re-analysis/motif_denovo/all_mast0035_interactions_10x_hocomoco_meme-chip/meme_out/meme.xml","/broad/sankaranlab/fyu/HemeMap/02262021-downMast_re-analysis/motif_denovo/all_mast0035_interactions_10x_hocomoco_meme-chip/dreme_out/dreme.xml","/broad/sankaranlab/fyu/motif_data/HOCOMOCOv11_core_HUMAN_mono_meme_format.meme"],"options":{"seq_min_hit_score":7,"margin":150,"bin_size":1,"bin_pvalue_calc_range":150,"use_best_secondary":0,"seq_max_shared_fract":0.5,"seq_odds_ratio":20,"bin_pvalue_cutoff":0.05,"motif_evalue_cutoff":10,"redundant_overlap":2,"redundant_joint":0.5,"motif_pseudocount":0.1,"bgfile":"/broad/sankaranlab/fyu/HemeMap/02262021-downMast_re-analysis/motif_denovo/all_mast0035_interactions_10x_hocomoco_meme-chip/background","motif_trim":0.25,"xalph":0,"seed":1,"bin_max":57},"alphabet":{"name":"DNA","like":"dna","ncore":4,"symbols":[{"symbol":"A","name":"Adenine","colour":"CC0000","complement":"T"},{"symbol":"C","name":"Cytosine","colour":"0000CC","complement":"G"},{"symbol":"G","name":"Guanine","colour":"FFB300","complement":"C"},{"symbol":"T","aliases":"U","name":"Thymine","colour":"008000","complement":"A"},{"symbol":"N","aliases":"X.","name":"Any base","equals":"ACGT"},{"symbol":"V","name":"Not T","equals":"ACG"},{"symbol":"H","name":"Not G","equals":"ACT"},{"symbol":"D","name":"Not C","equals":"AGT"},{"symbol":"B","name":"Not A","equals":"CGT"},{"symbol":"M","name":"Amino","equals":"AC"},{"symbol":"R","name":"Purine","equals":"AG"},{"symbol":"W","name":"Weak","equals":"AT"},{"symbol":"S","name":"Strong","equals":"CG"},{"symbol":"Y","name":"Pyrimidine","equals":"CT"},{"symbol":"K","name":"Keto","equals":"GT"}]},"background":[0.2443,0.2557,0.2557,0.2443],"sequence_dbs":[{"source":"/broad/sankaranlab/fyu/HemeMap/02262021-downMast_re-analysis/motif_denovo/all_mast0035_interactions_10x_hocomoco_meme-chip/20210227-deg_interactions_peaks_all_mast0035_fa_1based.fa","name":"20210227-deg_interactions_peaks_all_mast0035_fa_1based","last_modified":"Sun Feb 28 14:32:25 2021","loaded":13184,"excluded_too_short":0,"excluded_no_match":5816,"excluded_ambigs":0,"excluded_similar":100,"erased_primary_matches":16640}],"primary_dbs":[{"source":"/broad/sankaranlab/fyu/motif_data/HOCOMOCOv11_core_HUMAN_mono_meme_format.meme","name":"HOCOMOCOv11_core_HUMAN_mono_meme_format","last_modified":"Sat Jun 23 07:43:00 2018","loaded":400,"excluded":399}],"secondary_dbs":[{"source":"/broad/sankaranlab/fyu/HemeMap/02262021-downMast_re-analysis/motif_denovo/all_mast0035_interactions_10x_hocomoco_meme-chip/meme_out/meme.xml","name":"meme.xml","last_modified":"Sun Feb 28 15:22:49 2021","loaded":10,"excluded":0},{"source":"/broad/sankaranlab/fyu/HemeMap/02262021-downMast_re-analysis/motif_denovo/all_mast0035_interactions_10x_hocomoco_meme-chip/dreme_out/dreme.xml","name":"dreme.xml","last_modified":"Sun Feb 28 15:41:49 2021","loaded":10,"excluded":0},{"source":"/broad/sankaranlab/fyu/motif_data/HOCOMOCOv11_core_HUMAN_mono_meme_format.meme","name":"HOCOMOCOv11_core_HUMAN_mono_meme_format","last_modified":"Sat Jun 23 07:43:00 2018","loaded":401,"excluded":1}],"secondary_motifs":[{"db":0,"id":"1","alt":"MEME","len":11,"ltrim":0,"rtrim":1,"nsites":268,"evalue":"2.2e-065","pwm":[[0.440226,0.153023,0.346981,0.0597699],[0.432766,0.126914,0.324601,0.11572],[0.522284,9.53749e-05,0.335791,0.141829],[0.317137,0.257462,0.42531,9.11227e-05],[0.675212,0.100804,0.223893,9.11227e-05],[0.0112809,9.53749e-05,0.988533,9.11227e-05],[9.11227e-05,9.53749e-05,0.999722,9.11227e-05],[0.999718,9.53749e-05,9.53749e-05,9.11227e-05],[0.999718,9.53749e-05,9.53749e-05,9.11227e-05],[0.421576,0.160484,0.417849,9.11227e-05],[0.268648,0.272382,0.0635047,0.395466]]},{"db":0,"id":"3","alt":"MEME","len":30,"ltrim":0,"rtrim":0,"nsites":12,"evalue":"3.9e-015","pwm":[[0.167309,0.663271,0.00211322,0.167309],[0.00201901,0.580625,0.250047,0.167309],[0.91111,0.00211322,0.0847575,0.00201901],[0.00201901,0.0847575,0.911204,0.00201901],[0.580531,0.00211322,0.415337,0.00201901],[0.00201901,0.911204,0.00211322,0.0846633],[0.00201901,0.00211322,0.00211322,0.993755],[0.249953,0.00211322,0.663271,0.0846633],[0.167309,0.0847575,0.663271,0.0846633],[0.91111,0.00211322,0.00211322,0.0846633],[0.0846633,0.00211322,0.911204,0.00201901],[0.249953,0.00211322,0.0847575,0.663176],[0.00201901,0.00211322,0.828559,0.167309],[0.167309,0.828559,0.00211322,0.00201901],[0.828465,0.00211322,0.00211322,0.167309],[0.0846633,0.0847575,0.828559,0.00201901],[0.167309,0.00211322,0.00211322,0.828465],[0.00201901,0.00211322,0.911204,0.0846633],[0.167309,0.00211322,0.828559,0.00201901],[0.00201901,0.663271,0.00211322,0.332597],[0.415242,0.00211322,0.332691,0.249953],[0.00201901,0.497981,0.332691,0.167309],[0.249953,0.00211322,0.415337,0.332597],[0.415242,0.0847575,0.415337,0.0846633],[0.0846633,0.00211322,0.167403,0.745821],[0.00201901,0.580625,0.00211322,0.415242],[0.332597,0.00211322,0.0847575,0.580531],[0.00201901,0.663271,0.00211322,0.332597],[0.91111,0.00211322,0.0847575,0.00201901],[0.167309,0.167403,0.663271,0.00201901]]},{"db":0,"id":"4","alt":"MEME","len":29,"ltrim":0,"rtrim":0,"nsites":7,"evalue":"2.6e-013","pwm":[[0.00344085,0.00360141,0.848672,0.144286],[0.00344085,0.00360141,0.989517,0.00344085],[0.00344085,0.848672,0.144446,0.00344085],[0.566822,0.00360141,0.426136,0.00344085],[0.00344085,0.707827,0.00360141,0.285131],[0.425976,0.00360141,0.566982,0.00344085],[0.00344085,0.00360141,0.989517,0.00344085],[0.00344085,0.00360141,0.00360141,0.989356],[0.00344085,0.00360141,0.848672,0.144286],[0.144286,0.00360141,0.848672,0.00344085],[0.00344085,0.989517,0.00360141,0.00344085],[0.425976,0.00360141,0.00360141,0.566822],[0.00344085,0.566982,0.00360141,0.425976],[0.707666,0.00360141,0.285291,0.00344085],[0.00344085,0.707827,0.00360141,0.285131],[0.285131,0.00360141,0.707827,0.00344085],[0.00344085,0.989517,0.00360141,0.00344085],[0.00344085,0.989517,0.00360141,0.00344085],[0.00344085,0.144446,0.00360141,0.848511],[0.285131,0.00360141,0.707827,0.00344085],[0.00344085,0.00360141,0.00360141,0.989356],[0.989356,0.00360141,0.00360141,0.00344085],[0.848511,0.00360141,0.144446,0.00344085],[0.00344085,0.00360141,0.00360141,0.989356],[0.144286,0.707827,0.00360141,0.144286],[0.00344085,0.848672,0.00360141,0.144286],[0.00344085,0.989517,0.00360141,0.00344085],[0.989356,0.00360141,0.00360141,0.00344085],[0.144286,0.00360141,0.848672,0.00344085]]},{"db":0,"id":"5","alt":"MEME","len":21,"ltrim":0,"rtrim":0,"nsites":55,"evalue":"4.2e-012","pwm":[[0.308973,0.290845,0.0367621,0.363419],[0.399717,0.000464065,0.000464065,0.599354],[0.381568,0.236399,0.381589,0.000443376],[0.254526,0.236399,0.0549101,0.454163],[0.0548894,0.0730591,0.163803,0.708247],[0.617503,0.000464065,0.21825,0.163782],[0.526759,0.0367621,0.0549101,0.381568],[0.871586,0.000464065,0.0367621,0.0911874],[0.835289,0.145655,0.0186131,0.000443376],[0.871586,0.000464065,0.0549101,0.0730384],[0.472312,0.0730591,0.0186131,0.436015],[0.490461,0.163803,0.21825,0.127485],[0.563056,0.181952,0.0730591,0.181931],[0.926033,0.000464065,0.000464065,0.0730384],[0.690098,0.163803,0.145655,0.000443376],[0.635652,0.000464065,0.0912081,0.272675],[0.436015,0.200101,0.127506,0.236378],[0.671949,0.0730591,0.127506,0.127485],[0.635652,0.0549101,0.000464065,0.308973],[0.581205,0.290845,0.000464065,0.127485],[0.744545,0.0186131,0.000464065,0.236378]]},{"db":0,"id":"6","alt":"MEME","len":20,"ltrim":0,"rtrim":0,"nsites":35,"evalue":"1.2e-013","pwm":[[0.0291856,0.342609,0.428078,0.200126],[0.285596,0.599019,0.00072849,0.114656],[0.342576,0.114689,0.143178,0.399556],[0.285596,0.143178,0.342609,0.228616],[0.000696011,0.428078,0.00072849,0.570497],[0.371067,0.171669,0.200159,0.257106],[0.000696011,0.655999,0.285628,0.0576762],[0.0861658,0.200159,0.00072849,0.712947],[0.200126,0.00072849,0.798449,0.000696011],[0.0861658,0.76996,0.00072849,0.143146],[0.000696011,0.997879,0.00072849,0.000696011],[0.456537,0.456569,0.00072849,0.0861658],[0.000696011,0.542039,0.00072849,0.456537],[0.000696011,0.826939,0.114689,0.0576762],[0.0861658,0.171669,0.00072849,0.741437],[0.285596,0.00072849,0.314119,0.399556],[0.000696011,0.200159,0.798449,0.000696011],[0.0291856,0.00072849,0.0861983,0.883887],[0.000696011,0.00072849,0.997879,0.000696011],[0.114656,0.00072849,0.826939,0.0576762]]},{"db":0,"id":"9","alt":"MEME","len":29,"ltrim":0,"rtrim":0,"nsites":6,"evalue":"1.5e+002","pwm":[[0.987611,0.0041918,0.0041918,0.00400492],[0.495808,0.0041918,0.495995,0.00400492],[0.987611,0.0041918,0.0041918,0.00400492],[0.00400492,0.65993,0.0041918,0.331873],[0.331873,0.0041918,0.495995,0.16794],[0.00400492,0.0041918,0.987798,0.00400492],[0.331873,0.168127,0.495995,0.00400492],[0.00400492,0.0041918,0.65993,0.331873],[0.00400492,0.0041918,0.0041918,0.987611],[0.00400492,0.0041918,0.0041918,0.987611],[0.00400492,0.0041918,0.0041918,0.987611],[0.00400492,0.495995,0.0041918,0.495808],[0.659743,0.168127,0.168127,0.00400492],[0.00400492,0.823864,0.0041918,0.16794],[0.00400492,0.987798,0.0041918,0.00400492],[0.987611,0.0041918,0.0041918,0.00400492],[0.00400492,0.33206,0.0041918,0.659743],[0.00400492,0.168127,0.823864,0.00400492],[0.00400492,0.0041918,0.168127,0.823677],[0.00400492,0.33206,0.0041918,0.659743],[0.331873,0.168127,0.33206,0.16794],[0.16794,0.33206,0.495995,0.00400492],[0.00400492,0.823864,0.0041918,0.16794],[0.00400492,0.33206,0.0041918,0.659743],[0.987611,0.0041918,0.0041918,0.00400492],[0.331873,0.168127,0.33206,0.16794],[0.00400492,0.0041918,0.987798,0.00400492],[0.16794,0.65993,0.0041918,0.16794],[0.331873,0.0041918,0.0041918,0.659743]]},{"db":1,"id":"BTTCCB","alt":"DREME","len":6,"ltrim":0,"rtrim":0,"nsites":8580,"evalue":"7.5e-090","pwm":[[2.84729e-06,0.457224,0.241958,0.300815],[2.84729e-06,2.98015e-06,2.98015e-06,0.999991],[2.84729e-06,2.98015e-06,2.98015e-06,0.999991],[2.84729e-06,0.999991,2.98015e-06,2.84729e-06],[2.84729e-06,0.999991,2.98015e-06,2.84729e-06],[2.84729e-06,0.456408,0.175525,0.368064]]},{"db":1,"id":"CHGCCTS","alt":"DREME","len":7,"ltrim":0,"rtrim":0,"nsites":3158,"evalue":"4.0e-030","pwm":[[7.73566e-06,0.999976,8.09664e-06,7.73566e-06],[0.396132,0.246992,8.09664e-06,0.356867],[7.73566e-06,8.09664e-06,0.999976,7.73566e-06],[7.73566e-06,0.999976,8.09664e-06,7.73566e-06],[7.73566e-06,0.999976,8.09664e-06,7.73566e-06],[7.73566e-06,8.09664e-06,8.09664e-06,0.999976],[7.73566e-06,0.509492,0.490493,7.73566e-06]]},{"db":1,"id":"RVCCACA","alt":"DREME","len":7,"ltrim":0,"rtrim":0,"nsites":2479,"evalue":"1.3e-075","pwm":[[0.562714,1.03142e-05,0.437266,9.85438e-06],[0.397332,0.263413,0.339247,9.85438e-06],[9.85438e-06,0.99997,1.03142e-05,9.85438e-06],[9.85438e-06,0.99997,1.03142e-05,9.85438e-06],[0.99997,1.03142e-05,1.03142e-05,9.85438e-06],[9.85438e-06,0.99997,1.03142e-05,9.85438e-06],[0.99997,1.03142e-05,1.03142e-05,9.85438e-06]]},{"db":2,"id":"ALX1_HUMAN.H11MO.0.B","len":12,"ltrim":1,"rtrim":0,"nsites":31,"evalue":"1.0e+000","url":"http://hocomoco.autosome.ru/motif/ALX1_HUMAN.H11MO.0.B","pwm":[[0.436214,0.209225,0.273076,0.0814861],[0.0646365,0.0965986,0.000822186,0.837943],[0.770544,0.0327477,0.100146,0.096562],[0.866321,0.0646732,0.000822186,0.0681838],[0.000785531,0.0965986,0.000822186,0.901794],[0.032711,0.227848,0.128524,0.610917],[0.483215,0.000822186,0.515177,0.000785531],[0.355513,0.256226,0.35555,0.032711],[0.774092,0.000822186,0.128524,0.096562],[0.100109,0.000822186,0.0327477,0.866321],[0.0646365,0.0327477,0.0327477,0.869868],[0.827301,0.0575786,0.0575786,0.0575419]]},{"db":2,"id":"ANDR_HUMAN.H11MO.0.A","len":18,"ltrim":0,"rtrim":0,"nsites":499,"evalue":"1.0e+000","url":"http://hocomoco.autosome.ru/motif/ANDR_HUMAN.H11MO.0.A","pwm":[[0.148316,0.0701775,0.0361161,0.745391],[0.0621607,0.0481378,0.777451,0.112251],[0.0681716,0.0661702,0.0140765,0.851582],[0.188388,0.172361,0.144311,0.49494],[0.0781896,0.733371,0.0361161,0.152323],[0.122269,0.278553,0.0321089,0.56707],[0.180374,0.134293,0.196405,0.488929],[0.198406,0.178372,0.216441,0.406781],[0.176366,0.192397,0.222452,0.408785],[0.20041,0.256513,0.120268,0.42281],[0.0721788,0.0140765,0.0140765,0.899668],[0.254507,0.0301053,0.691295,0.0240922],[0.0280994,0.0220909,0.0200873,0.929722],[0.0180814,0.00606205,0.098228,0.877629],[0.00806337,0.00806566,0.0641666,0.919704],[0.420806,0.0281017,0.494942,0.0561499],[0.086204,0.524996,0.0481378,0.340662],[0.290572,0.158336,0.0541486,0.496943]]},{"db":2,"id":"ATF2_HUMAN.H11MO.0.B","len":11,"ltrim":0,"rtrim":0,"nsites":500,"evalue":"1.0e+000","url":"http://hocomoco.autosome.ru/motif/ATF2_HUMAN.H11MO.0.B","pwm":[[0.315986,0.0880335,0.463958,0.132022],[0.423964,0.166018,0.383974,0.0260437],[0.0200449,0.0240463,0.0120487,0.94386],[0.0160457,0.0140483,0.939863,0.0300429],[0.903868,0.0120487,0.0140483,0.0700349],[0.0340421,0.361979,0.248002,0.355978],[0.00204845,0.0420427,0.933864,0.0220445],[0.126024,0.0720367,0.0260459,0.775894],[0.158017,0.775896,0.0360439,0.0300429],[0.875874,0.0180475,0.0640383,0.0420405],[0.0620365,0.254,0.184014,0.499949]]},{"db":2,"id":"ATF4_HUMAN.H11MO.0.A","len":12,"ltrim":0,"rtrim":0,"nsites":500,"evalue":"1.0e+000","url":"http://hocomoco.autosome.ru/motif/ATF4_HUMAN.H11MO.0.A","pwm":[[0.397969,0.0640383,0.381975,0.156018],[0.236002,0.186014,0.393972,0.184012],[0.533942,0.329985,0.136024,4.88502e-05],[0.00204845,0.00205073,5.11298e-05,0.99585],[4.88502e-05,0.00604993,0.977856,0.0160457],[0.979853,0.00604993,0.0100491,0.00404805],[4.88502e-05,0.0520407,0.00604993,0.94186],[4.88502e-05,0.00604993,0.993852,4.88502e-05],[0.102028,0.801891,0.00205073,0.0940301],[0.99385,0.00604993,5.11298e-05,4.88502e-05],[0.997849,5.11298e-05,0.00205073,4.88502e-05],[0.0160457,0.291993,0.130025,0.561936]]},{"db":2,"id":"BACH1_HUMAN.H11MO.0.A","len":13,"ltrim":0,"rtrim":2,"nsites":500,"evalue":"1.0e+000","url":"http://hocomoco.autosome.ru/motif/BACH1_HUMAN.H11MO.0.A","pwm":[[0.0628503,0.168183,0.0975458,0.671421],[0.00920552,0.0664261,0.922337,0.00203091],[0.0209133,0.967527,0.00397558,0.00758441],[0.0362171,0.0795843,0.0801402,0.804058],[0.0038971,0.0613576,0.890889,0.0438567],[0.802819,0.0206201,0.124524,0.0520367],[0.0133104,0.214867,0.763224,0.00859922],[0.00624843,0.0361805,0.145879,0.811692],[0.01624,0.943693,0.0343178,0.00574879],[0.78628,0.0958387,0.0824544,0.0354265],[0.00982617,0.334263,0.256607,0.399304],[0.151627,0.265557,0.394693,0.188123],[0.105264,0.378565,0.372602,0.143569]]},{"db":2,"id":"BACH2_HUMAN.H11MO.0.A","len":11,"ltrim":0,"rtrim":1,"nsites":500,"evalue":"1.0e+000","url":"http://hocomoco.autosome.ru/motif/BACH2_HUMAN.H11MO.0.A","pwm":[[0.122024,0.0960319,0.0680375,0.713906],[0.0140461,0.0780355,0.893872,0.0140461],[0.0440401,0.923866,0.0120487,0.0200449],[0.0780333,0.0380435,0.00804953,0.875874],[0.0580373,0.0600391,0.793892,0.0880313],[0.757897,0.0380435,0.0560399,0.148019],[0.0440401,0.224006,0.669917,0.0620365],[0.0100469,0.0160479,0.00804953,0.965856],[0.0600369,0.919867,0.0160479,0.00404805],[0.963856,0.0120487,0.00804953,0.0160457],[0.0560377,0.319987,0.212009,0.411966]]},{"db":2,"id":"BATF3_HUMAN.H11MO.0.B","len":17,"ltrim":1,"rtrim":2,"nsites":500,"evalue":"1.0e+000","url":"http://hocomoco.autosome.ru/motif/BATF3_HUMAN.H11MO.0.B","pwm":[[0.172014,0.35398,0.20601,0.267995],[0.483952,0.0560399,0.244002,0.216006],[0.0300429,0.389973,0.501951,0.0780333],[0.0300429,0.0160479,0.0140483,0.939861],[0.0460397,0.0640383,0.00804953,0.881872],[0.0420405,0.160019,0.0420427,0.755898],[0.0180453,0.85588,0.0200471,0.106028],[0.501948,0.178016,0.120027,0.200009],[0.210007,0.182015,0.218008,0.389971],[0.230003,0.0420427,0.0640383,0.663916],[0.481952,0.198012,0.0560399,0.263996],[0.00804725,5.11298e-05,0.0100491,0.981852],[0.0120465,0.0240463,0.809889,0.154018],[0.863876,0.00604993,0.0420427,0.0880313],[0.100029,0.461959,0.317988,0.120025],[0.251998,0.120027,0.146022,0.481952],[0.242,0.385974,0.186014,0.186012]]},{"db":2,"id":"BATF_HUMAN.H11MO.0.A","len":18,"ltrim":1,"rtrim":1,"nsites":500,"evalue":"1.0e+000","url":"http://hocomoco.autosome.ru/motif/BATF_HUMAN.H11MO.0.A","pwm":[[0.451958,0.0780355,0.263998,0.206008],[0.0480393,0.399971,0.345982,0.206008],[0.0120465,0.0180475,0.0440423,0.925864],[0.134022,0.327986,0.0240463,0.513946],[0.0860317,0.238004,0.0520407,0.623924],[0.14202,0.545942,0.0460419,0.265996],[0.379973,0.0860339,0.395972,0.138021],[0.369975,0.114028,0.230005,0.285992],[0.337981,0.0180475,0.0840343,0.559937],[0.577933,0.15802,0.0220467,0.242],[0.00204845,0.00205073,5.11298e-05,0.99585],[0.00404805,0.0560399,0.849881,0.0900309],[0.977853,0.00804953,0.0120487,0.00204845],[0.104028,0.55794,0.315988,0.0220445],[0.0720345,0.0300451,0.0200471,0.877873],[0.212006,0.50795,0.212009,0.0680353],[0.611926,0.0840343,0.110029,0.19401],[0.14202,0.186014,0.30599,0.365976]]},{"db":2,"id":"BC11A_HUMAN.H11MO.0.A","len":17,"ltrim":1,"rtrim":1,"nsites":500,"evalue":"1.0e+000","url":"http://hocomoco.autosome.ru/motif/BC11A_HUMAN.H11MO.0.A","pwm":[[0.375729,0.184626,0.286196,0.153449],[0.550579,0.0994716,0.224095,0.125854],[0.500163,0.142364,0.230715,0.126758],[0.589981,0.0166175,0.226052,0.16735],[0.187434,0.160797,0.580418,0.0713509],[0.66451,0.0145828,0.269378,0.0515299],[0.104036,0.0144896,0.828552,0.0529227],[0.200416,0.0327728,0.758548,0.00826379],[0.880097,0.0431264,0.0485986,0.0281784],[0.867863,0.00584078,0.0555453,0.0707512],[0.248398,0.226048,0.502142,0.0234128],[0.150157,0.154993,0.0315597,0.66329],[0.117831,0.0724935,0.76019,0.0494854],[0.658748,0.0644142,0.250664,0.0261737],[0.458784,0.143454,0.310167,0.0875949],[0.622701,0.0788461,0.157295,0.141158],[0.358984,0.204701,0.318077,0.118237]]},{"db":2,"id":"CEBPB_HUMAN.H11MO.0.A","len":12,"ltrim":1,"rtrim":1,"nsites":454,"evalue":"1.0e+000","url":"http://hocomoco.autosome.ru/motif/CEBPB_HUMAN.H11MO.0.A","pwm":[[0.237887,0.0991534,0.352402,0.310558],[0.453698,0.132186,0.387636,0.0264797],[5.37987e-05,0.00225847,0.00225847,0.995429],[5.37987e-05,5.63092e-05,0.29955,0.70034],[0.301749,0.00225847,0.513159,0.182833],[0.167418,0.259911,0.0815362,0.491135],[5.37987e-05,5.63092e-05,0.999836,5.37987e-05],[0.0815336,0.898537,5.63092e-05,0.0198732],[0.999834,5.63092e-05,5.63092e-05,5.37987e-05],[0.999834,5.63092e-05,5.63092e-05,5.37987e-05],[5.37987e-05,0.244496,0.147601,0.607849],[0.370016,0.332582,0.182835,0.114566]]},{"db":2,"id":"CTCFL_HUMAN.H11MO.0.A","len":17,"ltrim":1,"rtrim":1,"nsites":450,"evalue":"1.0e+000","url":"http://hocomoco.autosome.ru/motif/CTCFL_HUMAN.H11MO.0.A","pwm":[[0.166684,0.182239,0.442181,0.208897],[0.0444888,0.833205,0.0733739,0.0489323],[0.0178281,0.94207,0.0267176,0.0133846],[0.339979,0.0689304,0.373307,0.217784],[0.124471,0.446624,0.417742,0.0111629],[0.142245,0.511054,0.0911477,0.255553],[0.873194,0.0444914,0.031161,0.051154],[0.00894119,0.0111655,0.977617,0.00227601],[0.231114,5.68096e-05,0.755445,0.0133846],[0.0800365,0.0911477,0.733227,0.0955886],[0.00894119,0.00227854,0.982061,0.00671946],[0.0111629,0.0133872,0.935405,0.0400454],[0.0822582,0.897635,0.00450027,0.0156064],[0.211118,0.00450027,0.768775,0.0156064],[0.0289367,0.706566,0.206678,0.0578192],[0.128915,0.408855,0.0778173,0.384413],[0.26444,0.262221,0.379972,0.0933669]]},{"db":2,"id":"DLX3_HUMAN.H11MO.0.C","len":10,"ltrim":0,"rtrim":1,"nsites":34,"evalue":"1.0e+000","url":"http://hocomoco.autosome.ru/motif/DLX3_HUMAN.H11MO.0.C","pwm":[[0.17329,0.128569,0.659114,0.0390271],[0.412006,0.403826,0.183451,0.000716422],[0.000716422,0.023127,0.000749853,0.975407],[0.975407,0.000749853,0.023127,0.000716422],[0.997784,0.000749853,0.000749853,0.000716422],[0.000716422,0.000749853,0.000749853,0.997784],[0.000716422,0.000749853,0.0455041,0.95303],[0.541452,0.000749853,0.363888,0.0939095],[0.161041,0.515711,0.277777,0.0454707],[0.4455,0.154631,0.102795,0.297074]]},{"db":2,"id":"E2F3_HUMAN.H11MO.0.A","len":11,"ltrim":2,"rtrim":0,"nsites":500,"evalue":"1.0e+000","url":"http://hocomoco.autosome.ru/motif/E2F3_HUMAN.H11MO.0.A","pwm":[[0.375974,0.140023,0.20801,0.275994],[0.261996,0.0460419,0.409969,0.281992],[0.126024,0.124026,0.675916,0.0740341],[0.0340421,0.00604993,0.95586,0.00404805],[0.124024,0.769897,0.0200471,0.0860317],[0.152018,0.00405033,0.683914,0.160017],[0.0960297,0.0200471,0.867878,0.0160457],[0.0180453,0.0100491,0.95786,0.0140461],[0.833882,0.0380435,0.118028,0.0100469],[0.711906,0.0620387,0.200011,0.0260437],[0.533942,0.110029,0.250001,0.106028]]},{"db":2,"id":"E2F6_HUMAN.H11MO.0.A","len":13,"ltrim":1,"rtrim":2,"nsites":500,"evalue":"1.0e+000","url":"http://hocomoco.autosome.ru/motif/E2F6_HUMAN.H11MO.0.A","pwm":[[0.337981,0.148022,0.341983,0.172014],[0.261996,0.0340443,0.55594,0.148019],[0.154018,0.126026,0.699911,0.0200449],[0.0100469,0.0160479,0.963858,0.0100469],[0.214006,0.70791,0.0120487,0.0660357],[0.0400409,0.0180475,0.893872,0.0480393],[0.0240441,0.0480415,0.895872,0.0320425],[0.0720345,0.0440423,0.871877,0.0120465],[0.94186,0.0320447,0.0140483,0.0120465],[0.511946,0.0360439,0.435964,0.0160457],[0.383972,0.10803,0.437964,0.0700349],[0.277993,0.218008,0.377976,0.126024],[0.275994,0.162019,0.425966,0.136022]]},{"db":2,"id":"EGR1_HUMAN.H11MO.0.A","len":17,"ltrim":4,"rtrim":1,"nsites":500,"evalue":"1.0e+000","url":"http://hocomoco.autosome.ru/motif/EGR1_HUMAN.H11MO.0.A","pwm":[[0.232002,0.248002,0.409969,0.110027],[0.319985,0.128026,0.317988,0.234002],[0.277993,0.180015,0.459959,0.0820325],[0.236002,0.112029,0.35398,0.297989],[0.112026,0.0300451,0.80789,0.0500389],[0.236002,0.50595,0.0460419,0.212006],[0.0560377,0.0340443,0.869877,0.0400409],[0.0320425,0.00405033,0.409969,0.553938],[0.0920305,0.00205073,0.891873,0.0140461],[0.0160457,0.00405033,0.95786,0.0220445],[0.0240441,0.0320447,0.929865,0.0140461],[0.220005,0.475956,0.00405033,0.299989],[0.0880313,0.0100491,0.841883,0.0600369],[0.110027,0.0220467,0.695912,0.172014],[0.337981,0.128026,0.40597,0.128023],[0.311986,0.0820347,0.45596,0.150019],[0.263996,0.182015,0.435964,0.118025]]},{"db":2,"id":"ERG_HUMAN.H11MO.0.A","len":13,"ltrim":1,"rtrim":0,"nsites":500,"evalue":"1.0e+000","url":"http://hocomoco.autosome.ru/motif/ERG_HUMAN.H11MO.0.A","pwm":[[0.337981,0.152021,0.359979,0.150019],[0.307987,0.15602,0.45796,0.0780333],[0.435962,0.0520407,0.45596,0.0560377],[0.102028,0.559939,0.333984,0.00404805],[0.865876,0.116028,0.0160479,0.00204845],[0.00404805,0.00405033,0.985854,0.00604765],[0.00604765,0.00405033,0.989853,4.88502e-05],[0.975854,0.0100491,0.0100491,0.00404805],[0.935862,0.00205073,0.0220467,0.0400409],[0.204008,0.0160479,0.777896,0.00204845],[0.102028,0.309989,0.174016,0.413966],[0.224004,0.160019,0.513948,0.102028],[0.261996,0.134024,0.539943,0.0640361]]},{"db":2,"id":"ETS2_HUMAN.H11MO.0.B","len":13,"ltrim":3,"rtrim":0,"nsites":500,"evalue":"1.0e+000","url":"http://hocomoco.autosome.ru/motif/ETS2_HUMAN.H11MO.0.B","pwm":[[0.230003,0.140023,0.435964,0.19401],[0.317985,0.146022,0.345982,0.190011],[0.321984,0.279995,0.297992,0.100029],[0.473954,0.0760359,0.365978,0.0840321],[0.19201,0.00804953,0.751901,0.0480393],[0.00404805,0.0100491,0.967858,0.0180453],[0.981852,0.0160479,5.11298e-05,0.00204845],[0.953858,0.0180475,0.0240463,0.00404805],[0.381972,0.0840343,0.519947,0.0140461],[0.39197,0.261999,0.198012,0.148019],[0.421964,0.0480415,0.459959,0.0700349],[0.329983,0.0860339,0.495952,0.0880313],[0.49595,0.100031,0.319987,0.0840321]]},{"db":2,"id":"ETV5_HUMAN.H11MO.0.C","len":14,"ltrim":1,"rtrim":1,"nsites":500,"evalue":"1.0e+000","url":"http://hocomoco.autosome.ru/motif/ETV5_HUMAN.H11MO.0.C","pwm":[[0.327983,0.180015,0.381975,0.110027],[0.455958,0.0880335,0.327986,0.128023],[0.297989,0.0980315,0.493952,0.110027],[0.200009,0.417968,0.345982,0.0360417],[0.839881,0.0360439,0.0840343,0.0400409],[0.0160457,0.00604993,0.961859,0.0160457],[0.0440401,0.0160479,0.935864,0.00404805],[0.79389,0.0680375,0.102031,0.0360417],[0.94586,0.00604993,0.0120487,0.0360417],[0.371974,0.0620387,0.547942,0.0180453],[0.228003,0.100031,0.232005,0.439961],[0.218005,0.10603,0.537944,0.138021],[0.405968,0.120027,0.385974,0.0880313],[0.271994,0.216008,0.373976,0.138021]]},{"db":2,"id":"EVI1_HUMAN.H11MO.0.B","len":16,"ltrim":1,"rtrim":2,"nsites":141,"evalue":"1.0e+000","url":"http://hocomoco.autosome.ru/motif/EVI1_HUMAN.H11MO.0.B","pwm":[[0.418852,0.152826,0.189346,0.238975],[0.635734,0.0373542,0.0836709,0.243241],[0.021073,0.0295717,0.906784,0.0425711],[0.972686,0.00605931,0.00605931,0.0151949],[0.0413198,0.455727,0.00605931,0.496893],[0.951787,0.00605931,0.0178155,0.0243386],[0.917525,0.000181219,0.0158287,0.066465],[0.0306521,0.00605931,0.962027,0.00126168],[0.966808,0.000181219,0.000181219,0.0328292],[0.00017314,0.124735,0.00540619,0.869685],[0.900137,0.0325647,0.000181219,0.0671171],[0.77169,0.00932492,0.156766,0.0622197],[0.210857,0.183489,0.352318,0.253337],[0.743743,0.0920791,0.0765415,0.0876365],[0.129326,0.156112,0.30818,0.406381],[0.490321,0.119225,0.158467,0.231987]]},{"db":2,"id":"FLI1_HUMAN.H11MO.0.A","len":18,"ltrim":2,"rtrim":1,"nsites":497,"evalue":"1.0e+000","url":"http://hocomoco.autosome.ru/motif/FLI1_HUMAN.H11MO.0.A","pwm":[[0.209263,0.22737,0.440607,0.122761],[0.315881,0.148915,0.43256,0.102644],[0.446639,0.0865531,0.374222,0.0925859],[0.201216,0.0543665,0.653843,0.0905742],[0.299788,0.0362615,0.635738,0.0282125],[0.422499,0.388303,0.183113,0.00608415],[0.915358,0.0342498,0.0402848,0.0101075],[0.00407248,0.00407477,0.981745,0.0101075],[0.00206081,0.0121214,0.985769,4.9145e-05],[0.937486,0.0181564,0.0443081,4.9145e-05],[0.957603,0.00206311,0.0262031,0.0141308],[0.146901,0.0282148,0.822824,0.00206081],[0.134831,0.171043,0.500957,0.193169],[0.410429,0.124775,0.402385,0.0624108],[0.394336,0.0764948,0.474805,0.0543642],[0.301799,0.120751,0.509003,0.0684458],[0.241449,0.150927,0.52912,0.0785042],[0.388301,0.13081,0.364163,0.116726]]},{"db":2,"id":"FOSB_HUMAN.H11MO.0.A","len":9,"ltrim":1,"rtrim":1,"nsites":500,"evalue":"1.0e+000","url":"http://hocomoco.autosome.ru/motif/FOSB_HUMAN.H11MO.0.A","pwm":[[0.413966,0.20601,0.291993,0.0880313],[0.0100469,0.0120487,0.00205073,0.975854],[0.0120465,0.0140483,0.917868,0.0560377],[0.89587,0.0120487,0.0180475,0.0740341],[0.204008,5.11298e-05,0.795892,4.88502e-05],[0.0180453,0.0300451,0.10603,0.84588],[0.0540381,0.90387,0.0280455,0.0140461],[0.965856,0.0100491,0.00604993,0.0180453],[0.0720345,0.329985,0.230005,0.367975]]},{"db":2,"id":"FOSL2_HUMAN.H11MO.0.A","len":12,"ltrim":2,"rtrim":1,"nsites":500,"evalue":"1.0e+000","url":"http://hocomoco.autosome.ru/motif/FOSL2_HUMAN.H11MO.0.A","pwm":[[0.19401,0.190013,0.373976,0.242],[0.281992,0.134024,0.381975,0.202008],[0.519945,0.15802,0.297992,0.0240441],[4.88502e-05,5.11298e-05,0.00205073,0.997849],[4.88502e-05,0.00205073,0.95786,0.0400409],[0.985852,0.00405033,5.11298e-05,0.0100469],[0.102028,5.11298e-05,0.897872,4.88502e-05],[0.00404805,0.00405033,0.00405033,0.987851],[0.00604765,0.991853,0.00205073,4.88502e-05],[0.997849,5.11298e-05,5.11298e-05,0.00204845],[0.0240441,0.351981,0.114028,0.509947],[0.216006,0.377976,0.138024,0.267995]]},{"db":2,"id":"FOS_HUMAN.H11MO.0.A","len":9,"ltrim":1,"rtrim":0,"nsites":500,"evalue":"1.0e+000","url":"http://hocomoco.autosome.ru/motif/FOS_HUMAN.H11MO.0.A","pwm":[[0.34598,0.216008,0.359979,0.0780333],[0.0100469,0.0180475,0.0100491,0.961856],[0.0160457,0.0340443,0.859879,0.0900309],[0.935862,0.00804953,0.0280455,0.0280433],[0.116026,5.11298e-05,0.883874,4.88502e-05],[0.0220445,0.0260459,0.0240463,0.927863],[0.0420405,0.933864,0.0240463,4.88502e-05],[0.959857,0.0160479,0.0120487,0.0120465],[0.0280433,0.417968,0.263998,0.289991]]},{"db":2,"id":"FOXJ3_HUMAN.H11MO.0.A","len":13,"ltrim":1,"rtrim":0,"nsites":626,"evalue":"1.0e+000","url":"http://hocomoco.autosome.ru/motif/FOXJ3_HUMAN.H11MO.0.A","pwm":[[0.194104,0.146489,0.164705,0.494703],[3.90193e-05,4.08401e-05,4.08401e-05,0.999879],[0.0829608,4.08401e-05,0.914275,0.00272314],[0.00111267,4.08401e-05,4.08401e-05,0.998806],[3.90193e-05,4.08401e-05,4.08401e-05,0.999879],[0.00887182,4.08401e-05,0.175706,0.815382],[0.81815,4.08401e-05,0.0369619,0.144847],[3.90193e-05,0.0711421,4.08401e-05,0.928778],[0.113303,4.08401e-05,0.430182,0.456474],[0.0440537,4.08401e-05,0.325668,0.630237],[0.0528122,4.08401e-05,0.0291576,0.917989],[0.00590373,0.0101747,0.0168457,0.967076],[0.358503,0.0704084,0.138477,0.432612]]},{"db":2,"id":"FOXP1_HUMAN.H11MO.0.A","len":9,"ltrim":0,"rtrim":0,"nsites":295,"evalue":"1.0e+000","url":"http://hocomoco.autosome.ru/motif/FOXP1_HUMAN.H11MO.0.A","pwm":[[0.0576904,0.139023,0.176298,0.626989],[0.0136375,0.281347,0.311845,0.39317],[0.00686015,0.0204187,0.0305848,0.942136],[0.0204149,0.0407508,0.84048,0.0983546],[8.27855e-05,0.0170301,0.0576942,0.925193],[0.00686015,0.0949697,0.0407508,0.857419],[0.0102488,0.0136414,0.081415,0.894695],[0.525328,0.345732,0.0373621,0.0915772],[0.0170262,0.484668,0.0102527,0.488053]]},{"db":2,"id":"GFI1_HUMAN.H11MO.0.C","len":10,"ltrim":0,"rtrim":0,"nsites":150,"evalue":"1.0e+000","url":"http://hocomoco.autosome.ru/motif/GFI1_HUMAN.H11MO.0.C","pwm":[[0.291437,0.0696386,0.587358,0.0515656],[0.0778602,0.68427,0.139396,0.0984741],[0.405077,0.100484,0.0757651,0.418673],[0.0521431,0.285494,0.562928,0.0994346],[0.239212,0.0171373,0.0800836,0.663567],[0.000162758,0.000170353,0.999504,0.000162758],[0.999497,0.000170353,0.000170353,0.000162758],[0.000162758,0.000170353,0.000170353,0.999497],[0.000162758,0.000170353,0.000170353,0.999497],[0.103596,0.118154,0.190868,0.587382]]},{"db":2,"id":"HIC1_HUMAN.H11MO.0.C","len":9,"ltrim":0,"rtrim":0,"nsites":39,"evalue":"1.0e+000","url":"http://hocomoco.autosome.ru/motif/HIC1_HUMAN.H11MO.0.C","pwm":[[0.203529,0.10518,0.512356,0.178935],[0.0252193,0.0990319,0.752152,0.123597],[0.000624808,0.000653964,0.924313,0.0744082],[0.0252193,0.000653964,0.344977,0.62915],[0.000624808,0.000653964,0.000653964,0.998067],[0.0252193,0.000653964,0.973502,0.000624808],[0.0252193,0.973502,0.000653964,0.000624808],[0.000624808,0.998096,0.000653964,0.000624808],[0.191232,0.623031,0.0928832,0.0928541]]},{"db":2,"id":"IRF1_HUMAN.H11MO.0.A","len":20,"ltrim":1,"rtrim":1,"nsites":499,"evalue":"1.0e+000","url":"http://hocomoco.autosome.ru/motif/IRF1_HUMAN.H11MO.0.A","pwm":[[0.338658,0.176369,0.356693,0.12828],[0.605138,0.098228,0.192397,0.104236],[0.657232,0.0962243,0.128282,0.118262],[0.735373,0.0741847,0.0781919,0.112251],[0.310608,0.228462,0.266531,0.194399],[0.298586,0.1383,0.152325,0.410788],[0.166348,0.00806566,0.82153,0.00405616],[0.93373,0.0100693,0.0461342,0.010067],[0.987827,0.00205484,5.12322e-05,0.010067],[0.98382,0.00205484,0.00606205,0.00806337],[0.136294,0.364708,0.468895,0.030103],[0.20041,0.100232,0.0220909,0.677268],[0.10624,0.00405845,0.887649,0.00205255],[0.937737,0.0160801,0.042127,0.00405616],[0.96178,5.12322e-05,0.0281017,0.010067],[0.985823,0.00405845,0.00405845,0.00605977],[0.0441283,0.3607,0.547036,0.0481355],[0.196402,0.242488,0.0761883,0.484922],[0.468893,0.124275,0.308607,0.0982257],[0.436835,0.16034,0.268535,0.134291]]},{"db":2,"id":"IRF3_HUMAN.H11MO.0.B","len":20,"ltrim":0,"rtrim":0,"nsites":500,"evalue":"1.0e+000","url":"http://hocomoco.autosome.ru/motif/IRF3_HUMAN.H11MO.0.B","pwm":[[0.299989,0.0780355,0.513948,0.108027],[0.603928,0.0440423,0.299991,0.0520385],[0.677913,0.0660379,0.214008,0.0420405],[0.719905,0.0740363,0.110029,0.0960297],[0.305988,0.10803,0.45596,0.130023],[0.224004,0.0540403,0.55794,0.164016],[0.202008,0.0540403,0.731905,0.0120465],[0.819885,0.0180475,0.148022,0.0140461],[0.815886,0.0360439,0.126026,0.0220445],[0.899869,0.0160479,0.0300451,0.0540381],[0.224004,0.261999,0.445962,0.0680353],[0.29199,0.0880335,0.401971,0.218005],[0.200009,0.00604993,0.783894,0.0100469],[0.673914,0.0240463,0.289993,0.0120465],[0.879873,0.0360439,0.0720367,0.0120465],[0.94186,0.00405033,0.0400431,0.0140461],[0.0960297,0.313988,0.547942,0.0420405],[0.265996,0.142023,0.273996,0.317985],[0.228003,0.122027,0.585934,0.0640361],[0.681912,0.0700371,0.178016,0.0700349]]},{"db":2,"id":"JUNB_HUMAN.H11MO.0.A","len":11,"ltrim":2,"rtrim":2,"nsites":500,"evalue":"1.0e+000","url":"http://hocomoco.autosome.ru/motif/JUNB_HUMAN.H11MO.0.A","pwm":[[0.273994,0.0980315,0.30399,0.323984],[0.263996,0.347982,0.273996,0.114026],[0.0320425,0.00804953,0.0120487,0.947859],[0.00404805,0.0340443,0.889873,0.0720345],[0.933862,0.00205073,5.11298e-05,0.0640361],[4.88502e-05,5.11298e-05,0.95386,0.0460397],[0.0120465,0.0120487,5.11298e-05,0.975854],[0.0500389,0.925866,0.0140483,0.0100469],[0.977853,0.00804953,0.00405033,0.0100469],[0.0740341,0.365978,0.261999,0.297989],[0.317985,0.349981,0.130025,0.202008]]},{"db":2,"id":"JUND_HUMAN.H11MO.0.A","len":11,"ltrim":1,"rtrim":1,"nsites":450,"evalue":"1.0e+000","url":"http://hocomoco.autosome.ru/motif/JUND_HUMAN.H11MO.0.A","pwm":[[0.235557,0.151134,0.42885,0.184458],[0.397744,0.164465,0.393303,0.0444888],[0.026715,0.00227854,0.0178306,0.953176],[0.00671946,0.00894372,0.953178,0.0311585],[0.946511,0.006722,0.0222741,0.0244933],[0.0622627,5.68096e-05,0.937626,5.42768e-05],[0.0133846,0.0133872,0.0133872,0.959841],[0.0244933,0.933183,0.0422697,5.42768e-05],[0.988723,0.00450027,0.006722,5.42768e-05],[0.0378237,0.384416,0.146691,0.43107],[0.151132,0.413298,0.168908,0.266662]]},{"db":2,"id":"JUN_HUMAN.H11MO.0.A","len":11,"ltrim":1,"rtrim":1,"nsites":500,"evalue":"1.0e+000","url":"http://hocomoco.autosome.ru/motif/JUN_HUMAN.H11MO.0.A","pwm":[[0.232002,0.144022,0.40397,0.220005],[0.497949,0.162019,0.30799,0.0320425],[0.0160457,0.00405033,0.0180475,0.961856],[0.0240441,0.0140483,0.921867,0.0400409],[0.977853,0.00405033,0.00604993,0.0120465],[4.88502e-05,5.11298e-05,0.947862,0.0520385],[0.00604765,0.0240463,0.00804953,0.961856],[0.0240441,0.95586,0.0160479,0.00404805],[0.975854,0.00405033,0.00804953,0.0120465],[0.0180453,0.35798,0.118028,0.505948],[0.255998,0.377976,0.122027,0.244]]},{"db":2,"id":"KLF5_HUMAN.H11MO.0.A","len":14,"ltrim":0,"rtrim":2,"nsites":500,"evalue":"1.0e+000","url":"http://hocomoco.autosome.ru/motif/KLF5_HUMAN.H11MO.0.A","pwm":[[0.421964,0.0340443,0.20401,0.339981],[0.0460397,0.00405033,0.943862,0.00604765],[0.00804725,0.00804953,0.967858,0.0160457],[0.0240441,0.0360439,0.929865,0.0100469],[0.178013,0.184014,0.00804953,0.629923],[0.0460397,0.00205073,0.941863,0.0100469],[0.0400409,0.0100491,0.543942,0.405968],[0.0160457,5.11298e-05,0.963858,0.0200449],[0.0500389,0.0300451,0.829885,0.0900309],[0.106028,0.633924,0.110029,0.150019],[0.247999,0.182015,0.192013,0.377973],[0.104028,0.136024,0.60593,0.154018],[0.154018,0.124026,0.501951,0.220005],[0.148019,0.210009,0.493952,0.148019]]},{"db":2,"id":"LEF1_HUMAN.H11MO.0.A","len":14,"ltrim":1,"rtrim":1,"nsites":456,"evalue":"1.0e+000","url":"http://hocomoco.autosome.ru/motif/LEF1_HUMAN.H11MO.0.A","pwm":[[0.0767911,0.260964,0.274119,0.388126],[0.0329411,0.635882,0.184226,0.146951],[0.0175936,0.708234,0.0132111,0.260961],[0.122834,0.0460986,0.0197886,0.811279],[0.00224606,0.138184,0.0351361,0.824434],[0.00224606,0.0132111,0.0329436,0.951599],[0.0439036,0.425401,0.519679,0.0110161],[0.456094,0.138184,0.0154036,0.390319],[0.278501,0.166686,0.157916,0.396896],[0.285079,0.190804,0.201766,0.322351],[0.0417111,0.129414,0.149146,0.679729],[0.0395186,0.311391,0.383744,0.265346],[0.116256,0.460481,0.0899486,0.333314],[0.313581,0.221499,0.103104,0.361816]]},{"db":2,"id":"LHX2_HUMAN.H11MO.0.A","len":12,"ltrim":2,"rtrim":3,"nsites":430,"evalue":"1.0e+000","url":"http://hocomoco.autosome.ru/motif/LHX2_HUMAN.H11MO.0.A","pwm":[[0.132584,0.176763,0.237214,0.45344],[0.0930584,0.262789,0.31859,0.325562],[0.111659,0.432517,0.0163347,0.439489],[0.0279573,0.0116847,5.94513e-05,0.960299],[0.774295,0.176763,0.0395851,0.00935696],[0.957974,0.0279599,0.00238449,0.011682],[5.68007e-05,0.0209848,0.0209848,0.957974],[0.00935696,0.0140097,0.237214,0.73942],[0.578992,0.00703457,0.353466,0.0605079],[0.17211,0.225588,0.492968,0.109334],[0.17676,0.241864,0.125612,0.455765],[0.0884083,0.213963,0.241864,0.455765]]},{"db":2,"id":"MAFF_HUMAN.H11MO.0.B","len":18,"ltrim":0,"rtrim":0,"nsites":473,"evalue":"1.0e+000","url":"http://hocomoco.autosome.ru/motif/MAFF_HUMAN.H11MO.0.B","pwm":[[0.057122,0.0698067,0.0824891,0.790582],[0.0211888,0.0951714,0.76522,0.11842],[0.0550083,0.883588,0.0296461,0.0317574],[0.0846004,0.0613519,0.0063952,0.847653],[0.02753,0.112081,0.744083,0.116306],[0.771559,0.0507833,0.0444421,0.133216],[0.0592357,0.410115,0.433366,0.0972827],[0.0846004,0.0888302,0.0592382,0.767331],[0.0909415,0.661648,0.0423284,0.205082],[0.672214,0.0571244,0.12265,0.148012],[0.0655769,0.0930576,0.625715,0.215651],[0.0402123,0.780016,0.112081,0.0676906],[0.589779,0.109967,0.120536,0.179718],[0.177604,0.234677,0.224108,0.363611],[0.234674,0.137446,0.12265,0.50523],[0.164922,0.177606,0.0465558,0.610916],[0.0993964,0.2537,0.0782616,0.568642],[0.131102,0.205085,0.133218,0.530595]]},{"db":2,"id":"MAF_HUMAN.H11MO.0.A","len":19,"ltrim":2,"rtrim":2,"nsites":500,"evalue":"1.0e+000","url":"http://hocomoco.autosome.ru/motif/MAF_HUMAN.H11MO.0.A","pwm":[[0.305988,0.236004,0.333984,0.124024],[0.469955,0.142023,0.202011,0.186012],[0.587931,0.0840343,0.0780355,0.249999],[0.39197,0.0880335,0.118028,0.401968],[0.154018,0.311989,0.269997,0.263996],[0.110027,0.0400431,0.0260459,0.823884],[0.0180453,0.0140483,0.959859,0.00804725],[0.124024,0.85588,0.00604993,0.0140461],[0.0640361,0.00604993,0.0120487,0.917865],[0.0180453,0.00604993,0.901871,0.0740341],[0.881872,0.0240463,0.0680375,0.0260437],[0.102028,0.445962,0.327986,0.124024],[0.238001,0.118028,0.15402,0.489951],[0.242,0.411969,0.120027,0.226004],[0.473954,0.112029,0.15402,0.259997],[0.19401,0.0720367,0.575936,0.158017],[0.160017,0.511949,0.218008,0.110027],[0.461956,0.236004,0.146022,0.156018],[0.401968,0.152021,0.234004,0.212006]]},{"db":2,"id":"MAZ_HUMAN.H11MO.0.A","len":22,"ltrim":1,"rtrim":0,"nsites":500,"evalue":"1.0e+000","url":"http://hocomoco.autosome.ru/motif/MAZ_HUMAN.H11MO.0.A","pwm":[[0.216006,0.144022,0.50395,0.136022],[0.283992,0.0240463,0.651921,0.0400409],[0.301988,0.0120487,0.673916,0.0120465],[0.0820325,0.0180475,0.865878,0.0340421],[0.0520385,0.112029,0.825886,0.0100469],[0.647919,0.0880335,0.0260459,0.238001],[0.0540381,0.0100491,0.90587,0.0300429],[0.114026,0.0200471,0.851881,0.0140461],[0.265996,0.0340443,0.665918,0.0340421],[0.271994,0.00804953,0.679915,0.0400409],[0.114026,0.202011,0.65592,0.0280433],[0.317985,0.134024,0.331985,0.216006],[0.174014,0.0400431,0.697912,0.0880313],[0.333982,0.0540403,0.55394,0.0580373],[0.190011,0.120027,0.647922,0.0420405],[0.365976,0.0780355,0.511949,0.0440401],[0.299989,0.0720367,0.569937,0.0580373],[0.329983,0.134024,0.45596,0.0800329],[0.259997,0.0620387,0.55594,0.122024],[0.273994,0.20401,0.445962,0.0760337],[0.355978,0.10603,0.429965,0.108027],[0.273994,0.0980315,0.561939,0.0660357]]},{"db":2,"id":"MEF2A_HUMAN.H11MO.0.A","len":13,"ltrim":1,"rtrim":1,"nsites":500,"evalue":"1.0e+000","url":"http://hocomoco.autosome.ru/motif/MEF2A_HUMAN.H11MO.0.A","pwm":[[0.273994,0.0780355,0.244002,0.403968],[0.128023,0.0800351,0.387974,0.403968],[0.0280433,0.723906,0.0500411,0.198009],[0.00204845,0.0560399,5.11298e-05,0.94186],[0.927863,0.00604993,0.00804953,0.0580373],[0.0640361,0.00205073,0.00804953,0.925864],[0.102028,0.00205073,0.00405033,0.89187],[0.0140461,0.0480415,0.0100491,0.927863],[0.134022,0.0820347,0.0120487,0.771894],[0.140021,0.0360439,0.116028,0.707907],[0.549939,0.002