<!DOCTYPE HTML>
<html>
  <head>
    <meta charset="UTF-8">
    <title>SpaMo - Spaced Motif Analysis</title>
    <script type="text/javascript">
      //@JSON_VAR data
      var data = {"program":"SpaMo","version":"4.11.3","revision":"c13e15f35e38483381a6e8a363f9137e303c0765","release":"Sat Mar 11 20:16:08 2017 -0800","host":"uger-c011.broadinstitute.org","when":"Sun Feb 28 18:45:02 2021","cmd":["spamo","-verbosity","1","-oc","/broad/sankaranlab/fyu/HemeMap/02262021-downMast_re-analysis/motif_denovo/all_mast0035_interactions_10x_hocomoco_meme-chip/spamo_out_35","-bgfile","/broad/sankaranlab/fyu/HemeMap/02262021-downMast_re-analysis/motif_denovo/all_mast0035_interactions_10x_hocomoco_meme-chip/background","-primary","AP2B_HUMAN.H11MO.0.B","/broad/sankaranlab/fyu/HemeMap/02262021-downMast_re-analysis/motif_denovo/all_mast0035_interactions_10x_hocomoco_meme-chip/20210227-deg_interactions_peaks_all_mast0035_fa_1based.fa","/broad/sankaranlab/fyu/motif_data/HOCOMOCOv11_core_HUMAN_mono_meme_format.meme","/broad/sankaranlab/fyu/HemeMap/02262021-downMast_re-analysis/motif_denovo/all_mast0035_interactions_10x_hocomoco_meme-chip/meme_out/meme.xml","/broad/sankaranlab/fyu/HemeMap/02262021-downMast_re-analysis/motif_denovo/all_mast0035_interactions_10x_hocomoco_meme-chip/dreme_out/dreme.xml","/broad/sankaranlab/fyu/motif_data/HOCOMOCOv11_core_HUMAN_mono_meme_format.meme"],"options":{"seq_min_hit_score":7,"margin":150,"bin_size":1,"bin_pvalue_calc_range":150,"use_best_secondary":0,"seq_max_shared_fract":0.5,"seq_odds_ratio":20,"bin_pvalue_cutoff":0.05,"motif_evalue_cutoff":10,"redundant_overlap":2,"redundant_joint":0.5,"motif_pseudocount":0.1,"bgfile":"/broad/sankaranlab/fyu/HemeMap/02262021-downMast_re-analysis/motif_denovo/all_mast0035_interactions_10x_hocomoco_meme-chip/background","motif_trim":0.25,"xalph":0,"seed":1,"bin_max":106},"alphabet":{"name":"DNA","like":"dna","ncore":4,"symbols":[{"symbol":"A","name":"Adenine","colour":"CC0000","complement":"T"},{"symbol":"C","name":"Cytosine","colour":"0000CC","complement":"G"},{"symbol":"G","name":"Guanine","colour":"FFB300","complement":"C"},{"symbol":"T","aliases":"U","name":"Thymine","colour":"008000","complement":"A"},{"symbol":"N","aliases":"X.","name":"Any base","equals":"ACGT"},{"symbol":"V","name":"Not T","equals":"ACG"},{"symbol":"H","name":"Not G","equals":"ACT"},{"symbol":"D","name":"Not C","equals":"AGT"},{"symbol":"B","name":"Not A","equals":"CGT"},{"symbol":"M","name":"Amino","equals":"AC"},{"symbol":"R","name":"Purine","equals":"AG"},{"symbol":"W","name":"Weak","equals":"AT"},{"symbol":"S","name":"Strong","equals":"CG"},{"symbol":"Y","name":"Pyrimidine","equals":"CT"},{"symbol":"K","name":"Keto","equals":"GT"}]},"background":[0.2443,0.2557,0.2557,0.2443],"sequence_dbs":[{"source":"/broad/sankaranlab/fyu/HemeMap/02262021-downMast_re-analysis/motif_denovo/all_mast0035_interactions_10x_hocomoco_meme-chip/20210227-deg_interactions_peaks_all_mast0035_fa_1based.fa","name":"20210227-deg_interactions_peaks_all_mast0035_fa_1based","last_modified":"Sun Feb 28 14:32:25 2021","loaded":13184,"excluded_too_short":0,"excluded_no_match":6866,"excluded_ambigs":0,"excluded_similar":74,"erased_primary_matches":11777}],"primary_dbs":[{"source":"/broad/sankaranlab/fyu/motif_data/HOCOMOCOv11_core_HUMAN_mono_meme_format.meme","name":"HOCOMOCOv11_core_HUMAN_mono_meme_format","last_modified":"Sat Jun 23 07:43:00 2018","loaded":400,"excluded":399}],"secondary_dbs":[{"source":"/broad/sankaranlab/fyu/HemeMap/02262021-downMast_re-analysis/motif_denovo/all_mast0035_interactions_10x_hocomoco_meme-chip/meme_out/meme.xml","name":"meme.xml","last_modified":"Sun Feb 28 15:22:49 2021","loaded":10,"excluded":0},{"source":"/broad/sankaranlab/fyu/HemeMap/02262021-downMast_re-analysis/motif_denovo/all_mast0035_interactions_10x_hocomoco_meme-chip/dreme_out/dreme.xml","name":"dreme.xml","last_modified":"Sun Feb 28 15:41:49 2021","loaded":10,"excluded":0},{"source":"/broad/sankaranlab/fyu/motif_data/HOCOMOCOv11_core_HUMAN_mono_meme_format.meme","name":"HOCOMOCOv11_core_HUMAN_mono_meme_format","last_modified":"Sat Jun 23 07:43:00 2018","loaded":401,"excluded":1}],"secondary_motifs":[{"db":0,"id":"2","alt":"MEME","len":21,"ltrim":0,"rtrim":0,"nsites":89,"evalue":"4.0e-035","pwm":[[0.000274186,0.505338,0.494114,0.000274186],[0.000274186,0.651241,0.348211,0.000274186],[0.134954,0.640017,0.14619,0.0788379],[0.000274186,0.516561,0.393104,0.0900613],[0.022721,0.696134,0.280871,0.000274186],[0.0451677,0.168637,0.640017,0.146177],[0.112508,0.864485,0.0227338,0.000274186],[0.000274186,0.21353,0.426774,0.359422],[0.000274186,0.875707,0.123744,0.000274186],[0.000274186,0.617571,0.38188,0.000274186],[0.0788379,0.539008,0.359434,0.022721],[0.0676145,0.527784,0.202307,0.202294],[0.000274186,0.393104,0.460444,0.146177],[0.0676145,0.539008,0.359434,0.0339444],[0.000274186,0.797145,0.14619,0.0563911],[0.022721,0.437997,0.303317,0.235964],[0.000274186,0.572678,0.359434,0.0676145],[0.112508,0.460444,0.348211,0.0788379],[0.000274186,0.550231,0.336988,0.112508],[0.0676145,0.673687,0.258424,0.000274186],[0.134954,0.539008,0.258424,0.0676145]]},{"db":0,"id":"3","alt":"MEME","len":30,"ltrim":0,"rtrim":0,"nsites":12,"evalue":"3.9e-015","pwm":[[0.167309,0.663271,0.00211322,0.167309],[0.00201901,0.580625,0.250047,0.167309],[0.91111,0.00211322,0.0847575,0.00201901],[0.00201901,0.0847575,0.911204,0.00201901],[0.580531,0.00211322,0.415337,0.00201901],[0.00201901,0.911204,0.00211322,0.0846633],[0.00201901,0.00211322,0.00211322,0.993755],[0.249953,0.00211322,0.663271,0.0846633],[0.167309,0.0847575,0.663271,0.0846633],[0.91111,0.00211322,0.00211322,0.0846633],[0.0846633,0.00211322,0.911204,0.00201901],[0.249953,0.00211322,0.0847575,0.663176],[0.00201901,0.00211322,0.828559,0.167309],[0.167309,0.828559,0.00211322,0.00201901],[0.828465,0.00211322,0.00211322,0.167309],[0.0846633,0.0847575,0.828559,0.00201901],[0.167309,0.00211322,0.00211322,0.828465],[0.00201901,0.00211322,0.911204,0.0846633],[0.167309,0.00211322,0.828559,0.00201901],[0.00201901,0.663271,0.00211322,0.332597],[0.415242,0.00211322,0.332691,0.249953],[0.00201901,0.497981,0.332691,0.167309],[0.249953,0.00211322,0.415337,0.332597],[0.415242,0.0847575,0.415337,0.0846633],[0.0846633,0.00211322,0.167403,0.745821],[0.00201901,0.580625,0.00211322,0.415242],[0.332597,0.00211322,0.0847575,0.580531],[0.00201901,0.663271,0.00211322,0.332597],[0.91111,0.00211322,0.0847575,0.00201901],[0.167309,0.167403,0.663271,0.00201901]]},{"db":0,"id":"4","alt":"MEME","len":29,"ltrim":0,"rtrim":0,"nsites":7,"evalue":"2.6e-013","pwm":[[0.00344085,0.00360141,0.848672,0.144286],[0.00344085,0.00360141,0.989517,0.00344085],[0.00344085,0.848672,0.144446,0.00344085],[0.566822,0.00360141,0.426136,0.00344085],[0.00344085,0.707827,0.00360141,0.285131],[0.425976,0.00360141,0.566982,0.00344085],[0.00344085,0.00360141,0.989517,0.00344085],[0.00344085,0.00360141,0.00360141,0.989356],[0.00344085,0.00360141,0.848672,0.144286],[0.144286,0.00360141,0.848672,0.00344085],[0.00344085,0.989517,0.00360141,0.00344085],[0.425976,0.00360141,0.00360141,0.566822],[0.00344085,0.566982,0.00360141,0.425976],[0.707666,0.00360141,0.285291,0.00344085],[0.00344085,0.707827,0.00360141,0.285131],[0.285131,0.00360141,0.707827,0.00344085],[0.00344085,0.989517,0.00360141,0.00344085],[0.00344085,0.989517,0.00360141,0.00344085],[0.00344085,0.144446,0.00360141,0.848511],[0.285131,0.00360141,0.707827,0.00344085],[0.00344085,0.00360141,0.00360141,0.989356],[0.989356,0.00360141,0.00360141,0.00344085],[0.848511,0.00360141,0.144446,0.00344085],[0.00344085,0.00360141,0.00360141,0.989356],[0.144286,0.707827,0.00360141,0.144286],[0.00344085,0.848672,0.00360141,0.144286],[0.00344085,0.989517,0.00360141,0.00344085],[0.989356,0.00360141,0.00360141,0.00344085],[0.144286,0.00360141,0.848672,0.00344085]]},{"db":0,"id":"5","alt":"MEME","len":21,"ltrim":0,"rtrim":0,"nsites":55,"evalue":"4.2e-012","pwm":[[0.308973,0.290845,0.0367621,0.363419],[0.399717,0.000464065,0.000464065,0.599354],[0.381568,0.236399,0.381589,0.000443376],[0.254526,0.236399,0.0549101,0.454163],[0.0548894,0.0730591,0.163803,0.708247],[0.617503,0.000464065,0.21825,0.163782],[0.526759,0.0367621,0.0549101,0.381568],[0.871586,0.000464065,0.0367621,0.0911874],[0.835289,0.145655,0.0186131,0.000443376],[0.871586,0.000464065,0.0549101,0.0730384],[0.472312,0.0730591,0.0186131,0.436015],[0.490461,0.163803,0.21825,0.127485],[0.563056,0.181952,0.0730591,0.181931],[0.926033,0.000464065,0.000464065,0.0730384],[0.690098,0.163803,0.145655,0.000443376],[0.635652,0.000464065,0.0912081,0.272675],[0.436015,0.200101,0.127506,0.236378],[0.671949,0.0730591,0.127506,0.127485],[0.635652,0.0549101,0.000464065,0.308973],[0.581205,0.290845,0.000464065,0.127485],[0.744545,0.0186131,0.000464065,0.236378]]},{"db":0,"id":"7","alt":"MEME","len":30,"ltrim":0,"rtrim":0,"nsites":70,"evalue":"2.3e+001","pwm":[[0.0431444,0.200079,0.499651,0.257125],[0.0288787,0.342733,0.513917,0.114471],[0.114471,0.0859565,0.770693,0.0288787],[0.000348502,0.528182,0.399794,0.0716756],[0.228593,0.028895,0.685101,0.05741],[0.157267,0.22861,0.528182,0.0859402],[0.143002,0.128752,0.599509,0.128736],[0.285655,0.271407,0.371264,0.0716756],[0.100206,0.399794,0.371264,0.128736],[0.100206,0.399794,0.485386,0.0146141],[0.0146141,0.171549,0.670836,0.143002],[0.143002,0.0716919,0.613774,0.171533],[0.242859,0.143018,0.585243,0.0288787],[0.242859,0.22861,0.428324,0.100206],[0.185798,0.314202,0.356998,0.143002],[0.0859402,0.271407,0.456856,0.185798],[0.185798,0.299937,0.328467,0.185798],[0.0859402,0.214345,0.513917,0.185798],[0.143002,0.44259,0.41406,0.000348502],[0.157267,0.0859565,0.599509,0.157267],[0.0859402,0.185814,0.727896,0.000348502],[0.471105,0.271407,0.0716919,0.185798],[0.100206,0.0431606,0.842019,0.0146141],[0.000348502,0.257141,0.65657,0.0859402],[0.000348502,0.528182,0.328467,0.143002],[0.000348502,0.100222,0.670836,0.228593],[0.05741,0.22861,0.713632,0.000348502],[0.0859402,0.670836,0.214345,0.0288787],[0.200063,0.143018,0.456856,0.200063],[0.000348502,0.299937,0.699366,0.000348502]]},{"db":0,"id":"8","alt":"MEME","len":11,"ltrim":0,"rtrim":0,"nsites":70,"evalue":"8.2e-001","pwm":[[0.157267,0.000364765,0.842019,0.000348502],[0.143002,0.000364765,0.699366,0.157267],[0.0146141,0.328467,0.65657,0.000348502],[0.685084,0.000364765,0.0859565,0.228593],[0.285655,0.000364765,0.713632,0.000348502],[0.000348502,0.000364765,0.998938,0.000348502],[0.0431444,0.242875,0.713632,0.000348502],[0.371248,0.000364765,0.000364765,0.628023],[0.000348502,0.000364765,0.998938,0.000348502],[0.328451,0.000364765,0.670836,0.000348502],[0.157267,0.028895,0.813489,0.000348502]]},{"db":0,"id":"9","alt":"MEME","len":29,"ltrim":0,"rtrim":0,"nsites":6,"evalue":"1.5e+002","pwm":[[0.987611,0.0041918,0.0041918,0.00400492],[0.495808,0.0041918,0.495995,0.00400492],[0.987611,0.0041918,0.0041918,0.00400492],[0.00400492,0.65993,0.0041918,0.331873],[0.331873,0.0041918,0.495995,0.16794],[0.00400492,0.0041918,0.987798,0.00400492],[0.331873,0.168127,0.495995,0.00400492],[0.00400492,0.0041918,0.65993,0.331873],[0.00400492,0.0041918,0.0041918,0.987611],[0.00400492,0.0041918,0.0041918,0.987611],[0.00400492,0.0041918,0.0041918,0.987611],[0.00400492,0.495995,0.0041918,0.495808],[0.659743,0.168127,0.168127,0.00400492],[0.00400492,0.823864,0.0041918,0.16794],[0.00400492,0.987798,0.0041918,0.00400492],[0.987611,0.0041918,0.0041918,0.00400492],[0.00400492,0.33206,0.0041918,0.659743],[0.00400492,0.168127,0.823864,0.00400492],[0.00400492,0.0041918,0.168127,0.823677],[0.00400492,0.33206,0.0041918,0.659743],[0.331873,0.168127,0.33206,0.16794],[0.16794,0.33206,0.495995,0.00400492],[0.00400492,0.823864,0.0041918,0.16794],[0.00400492,0.33206,0.0041918,0.659743],[0.987611,0.0041918,0.0041918,0.00400492],[0.331873,0.168127,0.33206,0.16794],[0.00400492,0.0041918,0.987798,0.00400492],[0.16794,0.65993,0.0041918,0.16794],[0.331873,0.0041918,0.0041918,0.659743]]},{"db":1,"id":"AGAWAA","alt":"DREME","len":6,"ltrim":0,"rtrim":0,"nsites":2304,"evalue":"8.4e-025","pwm":[[0.999967,1.10976e-05,1.10976e-05,1.06028e-05],[1.06028e-05,1.10976e-05,0.999968,1.06028e-05],[0.999967,1.10976e-05,1.10976e-05,1.06028e-05],[0.641042,1.10976e-05,1.10976e-05,0.358936],[0.999967,1.10976e-05,1.10976e-05,1.06028e-05],[0.999967,1.10976e-05,1.10976e-05,1.06028e-05]]},{"db":1,"id":"CHGCCTS","alt":"DREME","len":7,"ltrim":0,"rtrim":0,"nsites":3158,"evalue":"4.0e-030","pwm":[[7.73566e-06,0.999976,8.09664e-06,7.73566e-06],[0.396132,0.246992,8.09664e-06,0.356867],[7.73566e-06,8.09664e-06,0.999976,7.73566e-06],[7.73566e-06,0.999976,8.09664e-06,7.73566e-06],[7.73566e-06,0.999976,8.09664e-06,7.73566e-06],[7.73566e-06,8.09664e-06,8.09664e-06,0.999976],[7.73566e-06,0.509492,0.490493,7.73566e-06]]},{"db":2,"id":"ALX1_HUMAN.H11MO.0.B","len":12,"ltrim":1,"rtrim":0,"nsites":31,"evalue":"1.0e+000","url":"http://hocomoco.autosome.ru/motif/ALX1_HUMAN.H11MO.0.B","pwm":[[0.436214,0.209225,0.273076,0.0814861],[0.0646365,0.0965986,0.000822186,0.837943],[0.770544,0.0327477,0.100146,0.096562],[0.866321,0.0646732,0.000822186,0.0681838],[0.000785531,0.0965986,0.000822186,0.901794],[0.032711,0.227848,0.128524,0.610917],[0.483215,0.000822186,0.515177,0.000785531],[0.355513,0.256226,0.35555,0.032711],[0.774092,0.000822186,0.128524,0.096562],[0.100109,0.000822186,0.0327477,0.866321],[0.0646365,0.0327477,0.0327477,0.869868],[0.827301,0.0575786,0.0575786,0.0575419]]},{"db":2,"id":"ATF2_HUMAN.H11MO.0.B","len":11,"ltrim":0,"rtrim":0,"nsites":500,"evalue":"1.0e+000","url":"http://hocomoco.autosome.ru/motif/ATF2_HUMAN.H11MO.0.B","pwm":[[0.315986,0.0880335,0.463958,0.132022],[0.423964,0.166018,0.383974,0.0260437],[0.0200449,0.0240463,0.0120487,0.94386],[0.0160457,0.0140483,0.939863,0.0300429],[0.903868,0.0120487,0.0140483,0.0700349],[0.0340421,0.361979,0.248002,0.355978],[0.00204845,0.0420427,0.933864,0.0220445],[0.126024,0.0720367,0.0260459,0.775894],[0.158017,0.775896,0.0360439,0.0300429],[0.875874,0.0180475,0.0640383,0.0420405],[0.0620365,0.254,0.184014,0.499949]]},{"db":2,"id":"ATF3_HUMAN.H11MO.0.A","len":11,"ltrim":0,"rtrim":1,"nsites":500,"evalue":"1.0e+000","url":"http://hocomoco.autosome.ru/motif/ATF3_HUMAN.H11MO.0.A","pwm":[[0.222004,0.0900331,0.579935,0.108027],[0.255998,0.0280455,0.709909,0.00604765],[0.0180453,0.0420427,0.00804953,0.931862],[0.0100469,0.477956,0.50795,0.00404805],[0.939861,0.0240463,0.00405033,0.0320425],[0.00204845,0.813888,0.0420427,0.14202],[0.0380413,0.0180475,0.925866,0.0180453],[0.0280433,0.224006,0.00804953,0.739901],[0.265996,0.164018,0.535944,0.0340421],[0.575934,0.10403,0.252001,0.0680353],[0.0940301,0.295992,0.275996,0.333982]]},{"db":2,"id":"BHA15_HUMAN.H11MO.0.B","len":11,"ltrim":0,"rtrim":0,"nsites":500,"evalue":"1.0e+000","url":"http://hocomoco.autosome.ru/motif/BHA15_HUMAN.H11MO.0.B","pwm":[[0.172014,0.285994,0.471957,0.0700349],[0.152018,0.449961,0.295992,0.102028],[0.687911,0.0680375,0.200011,0.0440401],[0.279993,0.10803,0.609929,0.00204845],[0.0560377,0.921867,0.0160479,0.00604765],[0.983852,0.00405033,0.0100491,0.00204845],[0.00604765,0.00405033,0.963858,0.0260437],[0.0540381,0.877876,0.0640383,0.00404805],[0.0260437,0.0120487,0.00405033,0.957857],[0.00404805,0.00405033,0.981855,0.0100469],[0.00204845,0.148022,0.633924,0.216006]]},{"db":2,"id":"BMAL1_HUMAN.H11MO.0.A","len":11,"ltrim":1,"rtrim":1,"nsites":410,"evalue":"1.0e+000","url":"http://hocomoco.autosome.ru/motif/BMAL1_HUMAN.H11MO.0.A","pwm":[[0.160996,0.160999,0.370704,0.307302],[0.173188,0.521886,0.292674,0.0122517],[0.0658972,0.926666,0.00250078,0.00493643],[0.897402,0.0122545,0.0342004,0.0561435],[0.0244439,0.731591,0.0342004,0.209765],[0.00737486,0.0220082,0.95105,0.019567],[0.0146901,6.23506e-05,0.0122545,0.972993],[5.95708e-05,0.00493921,0.975434,0.019567],[0.453607,0.265851,0.0268851,0.253656],[0.0512666,0.492625,0.292674,0.163434],[0.13905,0.319497,0.14393,0.397524]]},{"db":2,"id":"CEBPA_HUMAN.H11MO.0.A","len":12,"ltrim":1,"rtrim":1,"nsites":500,"evalue":"1.0e+000","url":"http://hocomoco.autosome.ru/motif/CEBPA_HUMAN.H11MO.0.A","pwm":[[0.230003,0.132025,0.365978,0.271994],[0.34598,0.182015,0.465958,0.00604765],[0.00804725,0.00405033,0.00604993,0.981852],[0.00204845,0.00205073,0.279995,0.715906],[0.158017,0.00804953,0.619927,0.214006],[0.176014,0.118028,0.116028,0.589931],[4.88502e-05,5.11298e-05,0.995852,0.00404805],[0.156018,0.771897,5.11298e-05,0.0720345],[0.983852,0.0100491,0.00205073,0.00404805],[0.989851,5.11298e-05,0.00804953,0.00204845],[0.0140461,0.297992,0.176016,0.511946],[0.319985,0.331985,0.222007,0.126024]]},{"db":2,"id":"CEBPB_HUMAN.H11MO.0.A","len":12,"ltrim":1,"rtrim":1,"nsites":454,"evalue":"1.0e+000","url":"http://hocomoco.autosome.ru/motif/CEBPB_HUMAN.H11MO.0.A","pwm":[[0.237887,0.0991534,0.352402,0.310558],[0.453698,0.132186,0.387636,0.0264797],[5.37987e-05,0.00225847,0.00225847,0.995429],[5.37987e-05,5.63092e-05,0.29955,0.70034],[0.301749,0.00225847,0.513159,0.182833],[0.167418,0.259911,0.0815362,0.491135],[5.37987e-05,5.63092e-05,0.999836,5.37987e-05],[0.0815336,0.898537,5.63092e-05,0.0198732],[0.999834,5.63092e-05,5.63092e-05,5.37987e-05],[0.999834,5.63092e-05,5.63092e-05,5.37987e-05],[5.37987e-05,0.244496,0.147601,0.607849],[0.370016,0.332582,0.182835,0.114566]]},{"db":2,"id":"COT1_HUMAN.H11MO.0.C","len":17,"ltrim":0,"rtrim":2,"nsites":500,"evalue":"1.0e+000","url":"http://hocomoco.autosome.ru/motif/COT1_HUMAN.H11MO.0.C","pwm":[[0.180013,0.146022,0.539943,0.134022],[0.287991,0.0740363,0.549941,0.0880313],[0.247999,0.0780355,0.591933,0.0820325],[0.208007,0.118028,0.589933,0.0840321],[0.0860317,0.150021,0.361979,0.401968],[0.132022,0.475956,0.289993,0.102028],[0.631922,0.112029,0.194012,0.0620365],[0.411966,0.0480415,0.523946,0.0160457],[0.725904,5.11298e-05,0.269997,0.00404805],[0.0180453,5.11298e-05,0.911869,0.0700349],[0.0160457,0.0100491,0.961859,0.0120465],[0.0100469,0.0780355,0.279995,0.631922],[0.0660357,0.863878,0.0420427,0.0280433],[0.959857,0.00405033,0.0160479,0.0200449],[0.204008,0.126026,0.517948,0.152018],[0.226004,0.184014,0.493952,0.0960297],[0.186012,0.168018,0.50595,0.140021]]},{"db":2,"id":"CRX_HUMAN.H11MO.0.B","len":13,"ltrim":1,"rtrim":1,"nsites":500,"evalue":"1.0e+000","url":"http://hocomoco.autosome.ru/motif/CRX_HUMAN.H11MO.0.B","pwm":[[0.247999,0.164018,0.152021,0.435962],[0.533942,0.10403,0.261999,0.100029],[0.573934,0.0460419,0.275996,0.104028],[0.172014,0.0920327,0.565938,0.170015],[0.497949,0.164018,0.261999,0.0760337],[0.19201,0.00604993,0.775896,0.0260437],[0.0320425,0.0100491,0.935864,0.0220445],[0.763896,0.218008,0.0160479,0.00204845],[4.88502e-05,5.11298e-05,5.11298e-05,0.999849],[0.0220445,0.0580395,0.0240463,0.89587],[0.879873,0.00405033,0.0340443,0.0820325],[0.269995,0.0660379,0.525946,0.138021],[0.234002,0.323986,0.343982,0.0980293]]},{"db":2,"id":"DLX3_HUMAN.H11MO.0.C","len":10,"ltrim":0,"rtrim":1,"nsites":34,"evalue":"1.0e+000","url":"http://hocomoco.autosome.ru/motif/DLX3_HUMAN.H11MO.0.C","pwm":[[0.17329,0.128569,0.659114,0.0390271],[0.412006,0.403826,0.183451,0.000716422],[0.000716422,0.023127,0.000749853,0.975407],[0.975407,0.000749853,0.023127,0.000716422],[0.997784,0.000749853,0.000749853,0.000716422],[0.000716422,0.000749853,0.000749853,0.997784],[0.000716422,0.000749853,0.0455041,0.95303],[0.541452,0.000749853,0.363888,0.0939095],[0.161041,0.515711,0.277777,0.0454707],[0.4455,0.154631,0.102795,0.297074]]},{"db":2,"id":"E2F1_HUMAN.H11MO.0.A","len":14,"ltrim":4,"rtrim":2,"nsites":500,"evalue":"1.0e+000","url":"http://hocomoco.autosome.ru/motif/E2F1_HUMAN.H11MO.0.A","pwm":[[0.327983,0.160019,0.377976,0.134022],[0.236002,0.200011,0.451961,0.112026],[0.271994,0.210009,0.289993,0.228003],[0.190011,0.102031,0.465958,0.242],[0.0820325,0.200011,0.70391,0.0140461],[0.0180453,0.00604993,0.965858,0.0100469],[0.0560377,0.921867,0.00405033,0.0180453],[0.0160457,0.00804953,0.95786,0.0180453],[0.0220445,0.0820347,0.889873,0.00604765],[0.0680353,0.0340443,0.889873,0.00804725],[0.855878,0.0200471,0.0900331,0.0340421],[0.653918,0.0640383,0.271997,0.0100469],[0.399969,0.140023,0.365978,0.0940301],[0.271994,0.164018,0.395972,0.168015]]},{"db":2,"id":"E2F3_HUMAN.H11MO.0.A","len":11,"ltrim":2,"rtrim":0,"nsites":500,"evalue":"1.0e+000","url":"http://hocomoco.autosome.ru/motif/E2F3_HUMAN.H11MO.0.A","pwm":[[0.375974,0.140023,0.20801,0.275994],[0.261996,0.0460419,0.409969,0.281992],[0.126024,0.124026,0.675916,0.0740341],[0.0340421,0.00604993,0.95586,0.00404805],[0.124024,0.769897,0.0200471,0.0860317],[0.152018,0.00405033,0.683914,0.160017],[0.0960297,0.0200471,0.867878,0.0160457],[0.0180453,0.0100491,0.95786,0.0140461],[0.833882,0.0380435,0.118028,0.0100469],[0.711906,0.0620387,0.200011,0.0260437],[0.533942,0.110029,0.250001,0.106028]]},{"db":2,"id":"E2F4_HUMAN.H11MO.0.A","len":13,"ltrim":0,"rtrim":2,"nsites":500,"evalue":"1.0e+000","url":"http://hocomoco.autosome.ru/motif/E2F4_HUMAN.H11MO.0.A","pwm":[[0.14602,0.258,0.50595,0.0900309],[0.277993,0.0960319,0.461959,0.164016],[0.244,0.100031,0.525946,0.130023],[0.100029,0.188014,0.695912,0.0160457],[0.00404805,0.0360439,0.95786,0.00204845],[0.0120465,0.973856,5.11298e-05,0.0140461],[0.0360417,0.00205073,0.945862,0.0160457],[0.00404805,0.0380435,0.949861,0.00804725],[0.0900309,0.0140483,0.893872,0.00204845],[0.715906,0.0220467,0.250001,0.0120465],[0.535942,0.200011,0.222007,0.0420405],[0.381972,0.188014,0.281995,0.148019],[0.253998,0.114028,0.30599,0.325984]]},{"db":2,"id":"E2F6_HUMAN.H11MO.0.A","len":13,"ltrim":1,"rtrim":2,"nsites":500,"evalue":"1.0e+000","url":"http://hocomoco.autosome.ru/motif/E2F6_HUMAN.H11MO.0.A","pwm":[[0.337981,0.148022,0.341983,0.172014],[0.261996,0.0340443,0.55594,0.148019],[0.154018,0.126026,0.699911,0.0200449],[0.0100469,0.0160479,0.963858,0.0100469],[0.214006,0.70791,0.0120487,0.0660357],[0.0400409,0.0180475,0.893872,0.0480393],[0.0240441,0.0480415,0.895872,0.0320425],[0.0720345,0.0440423,0.871877,0.0120465],[0.94186,0.0320447,0.0140483,0.0120465],[0.511946,0.0360439,0.435964,0.0160457],[0.383972,0.10803,0.437964,0.0700349],[0.277993,0.218008,0.377976,0.126024],[0.275994,0.162019,0.425966,0.136022]]},{"db":2,"id":"E2F7_HUMAN.H11MO.0.B","len":13,"ltrim":0,"rtrim":3,"nsites":500,"evalue":"1.0e+000","url":"http://hocomoco.autosome.ru/motif/E2F7_HUMAN.H11MO.0.B","pwm":[[0.19601,0.148022,0.529945,0.126024],[0.337981,0.0320447,0.415968,0.214006],[0.14202,0.0820347,0.771897,0.00404805],[0.0440401,0.00405033,0.941863,0.0100469],[0.0840321,0.85388,0.00405033,0.0580373],[0.140021,0.0160479,0.813888,0.0300429],[0.0220445,0.0120487,0.95786,0.00804725],[0.204008,0.00604993,0.775896,0.0140461],[0.713906,0.00405033,0.275996,0.00604765],[0.603928,0.138024,0.240003,0.0180453],[0.427963,0.192013,0.224006,0.156018],[0.34398,0.0860339,0.35598,0.214006],[0.259997,0.152021,0.485954,0.102028]]},{"db":2,"id":"ESR1_HUMAN.H11MO.0.A","len":15,"ltrim":0,"rtrim":0,"nsites":500,"evalue":"1.0e+000","url":"http://hocomoco.autosome.ru/motif/ESR1_HUMAN.H11MO.0.A","pwm":[[0.637921,0.0480415,0.259999,0.0540381],[0.0740341,0.00604993,0.80789,0.112026],[0.0460397,0.0180475,0.90787,0.0280433],[0.0940301,0.0720367,0.178016,0.655918],[0.00204845,0.887874,0.0480415,0.0620365],[0.855878,0.00604993,0.112029,0.0260437],[0.108027,0.441963,0.311989,0.138021],[0.39597,0.60393,5.11298e-05,4.88502e-05],[0.182012,0.375976,0.285994,0.156018],[0.104028,0.0780355,0.0440423,0.773894],[0.0540381,0.0340443,0.90787,0.00404805],[0.617925,0.198012,0.0700371,0.114026],[0.0400409,0.883874,0.0140483,0.0620365],[0.0900309,0.821887,0.00804953,0.0800329],[0.0580373,0.329985,0.0660379,0.54594]]},{"db":2,"id":"FOSB_HUMAN.H11MO.0.A","len":9,"ltrim":1,"rtrim":1,"nsites":500,"evalue":"1.0e+000","url":"http://hocomoco.autosome.ru/motif/FOSB_HUMAN.H11MO.0.A","pwm":[[0.413966,0.20601,0.291993,0.0880313],[0.0100469,0.0120487,0.00205073,0.975854],[0.0120465,0.0140483,0.917868,0.0560377],[0.89587,0.0120487,0.0180475,0.0740341],[0.204008,5.11298e-05,0.795892,4.88502e-05],[0.0180453,0.0300451,0.10603,0.84588],[0.0540381,0.90387,0.0280455,0.0140461],[0.965856,0.0100491,0.00604993,0.0180453],[0.0720345,0.329985,0.230005,0.367975]]},{"db":2,"id":"FOSL1_HUMAN.H11MO.0.A","len":12,"ltrim":2,"rtrim":1,"nsites":500,"evalue":"1.0e+000","url":"http://hocomoco.autosome.ru/motif/FOSL1_HUMAN.H11MO.0.A","pwm":[[0.198009,0.186014,0.40597,0.210007],[0.317985,0.164018,0.347982,0.170015],[0.429963,0.269997,0.281995,0.0180453],[4.88502e-05,5.11298e-05,0.00604993,0.99385],[4.88502e-05,0.00405033,0.941863,0.0540381],[0.987851,0.00205073,0.00205073,0.00804725],[0.0780333,5.11298e-05,0.921867,4.88502e-05],[4.88502e-05,5.11298e-05,5.11298e-05,0.999849],[0.0180453,0.979855,0.00205073,4.88502e-05],[0.99585,0.00405033,5.11298e-05,4.88502e-05],[0.0220445,0.411969,0.162019,0.403968],[0.210007,0.401971,0.15402,0.234002]]},{"db":2,"id":"FOSL2_HUMAN.H11MO.0.A","len":12,"ltrim":2,"rtrim":1,"nsites":500,"evalue":"1.0e+000","url":"http://hocomoco.autosome.ru/motif/FOSL2_HUMAN.H11MO.0.A","pwm":[[0.19401,0.190013,0.373976,0.242],[0.281992,0.134024,0.381975,0.202008],[0.519945,0.15802,0.297992,0.0240441],[4.88502e-05,5.11298e-05,0.00205073,0.997849],[4.88502e-05,0.00205073,0.95786,0.0400409],[0.985852,0.00405033,5.11298e-05,0.0100469],[0.102028,5.11298e-05,0.897872,4.88502e-05],[0.00404805,0.00405033,0.00405033,0.987851],[0.00604765,0.991853,0.00205073,4.88502e-05],[0.997849,5.11298e-05,5.11298e-05,0.00204845],[0.0240441,0.351981,0.114028,0.509947],[0.216006,0.377976,0.138024,0.267995]]},{"db":2,"id":"FOS_HUMAN.H11MO.0.A","len":9,"ltrim":1,"rtrim":0,"nsites":500,"evalue":"1.0e+000","url":"http://hocomoco.autosome.ru/motif/FOS_HUMAN.H11MO.0.A","pwm":[[0.34598,0.216008,0.359979,0.0780333],[0.0100469,0.0180475,0.0100491,0.961856],[0.0160457,0.0340443,0.859879,0.0900309],[0.935862,0.00804953,0.0280455,0.0280433],[0.116026,5.11298e-05,0.883874,4.88502e-05],[0.0220445,0.0260459,0.0240463,0.927863],[0.0420405,0.933864,0.0240463,4.88502e-05],[0.959857,0.0160479,0.0120487,0.0120465],[0.0280433,0.417968,0.263998,0.289991]]},{"db":2,"id":"FOXC1_HUMAN.H11MO.0.C","len":15,"ltrim":2,"rtrim":0,"nsites":26,"evalue":"1.0e+000","url":"http://hocomoco.autosome.ru/motif/FOXC1_HUMAN.H11MO.0.C","pwm":[[0.135036,0.479907,0.173393,0.211664],[0.345764,0.077608,0.345807,0.230821],[0.269135,0.154236,0.077608,0.49902],[0.000936015,0.000979693,0.000979693,0.997105],[0.000936015,0.000979693,0.997148,0.000936015],[0.0392502,0.000979693,0.000979693,0.95879],[0.0392502,0.000979693,0.000979693,0.95879],[0.000936015,0.000979693,0.0392939,0.95879],[0.95879,0.000979693,0.000979693,0.0392502],[0.000936015,0.728949,0.000979693,0.269135],[0.230821,0.115922,0.000979693,0.652277],[0.000936015,0.192551,0.000979693,0.805534],[0.652277,0.000979693,0.000979693,0.345764],[0.460706,0.192551,0.269179,0.0775644],[0.0392502,0.269179,0.575692,0.115879]]},{"db":2,"id":"FOXJ3_HUMAN.H11MO.0.A","len":13,"ltrim":1,"rtrim":0,"nsites":626,"evalue":"1.0e+000","url":"http://hocomoco.autosome.ru/motif/FOXJ3_HUMAN.H11MO.0.A","pwm":[[0.194104,0.146489,0.164705,0.494703],[3.90193e-05,4.08401e-05,4.08401e-05,0.999879],[0.0829608,4.08401e-05,0.914275,0.00272314],[0.00111267,4.08401e-05,4.08401e-05,0.998806],[3.90193e-05,4.08401e-05,4.08401e-05,0.999879],[0.00887182,4.08401e-05,0.175706,0.815382],[0.81815,4.08401e-05,0.0369619,0.144847],[3.90193e-05,0.0711421,4.08401e-05,0.928778],[0.113303,4.08401e-05,0.430182,0.456474],[0.0440537,4.08401e-05,0.325668,0.630237],[0.0528122,4.08401e-05,0.0291576,0.917989],[0.00590373,0.0101747,0.0168457,0.967076],[0.358503,0.0704084,0.138477,0.432612]]},{"db":2,"id":"FOXP1_HUMAN.H11MO.0.A","len":9,"ltrim":0,"rtrim":0,"nsites":295,"evalue":"1.0e+000","url":"http://hocomoco.autosome.ru/motif/FOXP1_HUMAN.H11MO.0.A","pwm":[[0.0576904,0.139023,0.176298,0.626989],[0.0136375,0.281347,0.311845,0.39317],[0.00686015,0.0204187,0.0305848,0.942136],[0.0204149,0.0407508,0.84048,0.0983546],[8.27855e-05,0.0170301,0.0576942,0.925193],[0.00686015,0.0949697,0.0407508,0.857419],[0.0102488,0.0136414,0.081415,0.894695],[0.525328,0.345732,0.0373621,0.0915772],[0.0170262,0.484668,0.0102527,0.488053]]},{"db":2,"id":"GFI1_HUMAN.H11MO.0.C","len":10,"ltrim":0,"rtrim":0,"nsites":150,"evalue":"1.0e+000","url":"http://hocomoco.autosome.ru/motif/GFI1_HUMAN.H11MO.0.C","pwm":[[0.291437,0.0696386,0.587358,0.0515656],[0.0778602,0.68427,0.139396,0.0984741],[0.405077,0.100484,0.0757651,0.418673],[0.0521431,0.285494,0.562928,0.0994346],[0.239212,0.0171373,0.0800836,0.663567],[0.000162758,0.000170353,0.999504,0.000162758],[0.999497,0.000170353,0.000170353,0.000162758],[0.000162758,0.000170353,0.000170353,0.999497],[0.000162758,0.000170353,0.000170353,0.999497],[0.103596,0.118154,0.190868,0.587382]]},{"db":2,"id":"HIF1A_HUMAN.H11MO.0.C","len":8,"ltrim":0,"rtrim":0,"nsites":500,"evalue":"1.0e+000","url":"http://hocomoco.autosome.ru/motif/HIF1A_HUMAN.H11MO.0.C","pwm":[[0.212006,0.164018,0.527946,0.0960297],[0.234002,0.0500411,0.417968,0.297989],[0.825884,0.0120487,0.15602,0.00604765],[0.134022,0.801891,0.0100491,0.0540381],[0.0280433,0.00205073,0.969857,4.88502e-05],[0.00804725,0.00804953,5.11298e-05,0.983852],[4.88502e-05,0.00405033,0.993852,0.00204845],[0.285992,0.521947,0.0860339,0.106028]]},{"db":2,"id":"HINFP_HUMAN.H11MO.0.C","len":16,"ltrim":2,"rtrim":1,"nsites":42,"evalue":"1.0e+000","url":"http://hocomoco.autosome.ru/motif/HINFP_HUMAN.H11MO.0.C","pwm":[[0.327109,0.0662264,0.397724,0.208941],[0.333644,0.381252,0.141783,0.143322],[0.0465944,0.405825,0.476413,0.0711679],[0.190902,0.358245,0.166356,0.284497],[0.238483,0.23851,0.0711949,0.451812],[0.473253,0.310664,0.167922,0.0481608],[0.166329,0.118775,0.57314,0.141755],[0.0711679,0.927644,0.000607363,0.000580285],[0.000580285,0.000607363,0.998232,0.000580285],[0.0481608,0.0236144,0.927644,0.000580285],[0.973632,0.0251808,0.000607363,0.000580285],[0.000580285,0.950652,0.0481879,0.000580285],[0.000580285,0.0711949,0.85549,0.0727343],[0.0235873,0.000607363,0.000607363,0.975198],[0.192469,0.0236144,0.117209,0.666708],[0.385801,0.269227,0.26766,0.0773112]]},{"db":2,"id":"IKZF1_HUMAN.H11MO.0.C","len":8,"ltrim":0,"rtrim":0,"nsites":60,"evalue":"1.0e+000","url":"http://hocomoco.autosome.ru/motif/IKZF1_HUMAN.H11MO.0.C","pwm":[[0.0427807,0.286028,0.237721,0.433471],[0.0580354,0.0885638,0.000425458,0.852975],[0.0563404,0.000425458,0.942828,0.000406489],[0.0190511,0.0309349,0.949607,0.000406489],[0.000406489,0.0173751,0.981812,0.000406489],[0.849585,0.000425458,0.149583,0.000406489],[0.320755,0.0309349,0.532645,0.115664],[0.415674,0.0394097,0.368233,0.176683]]},{"db":2,"id":"IRF3_HUMAN.H11MO.0.B","len":20,"ltrim":0,"rtrim":0,"nsites":500,"evalue":"1.0e+000","url":"http://hocomoco.autosome.ru/motif/IRF3_HUMAN.H11MO.0.B","pwm":[[0.299989,0.0780355,0.513948,0.108027],[0.603928,0.0440423,0.299991,0.0520385],[0.677913,0.0660379,0.214008,0.0420405],[0.719905,0.0740363,0.110029,0.0960297],[0.305988,0.10803,0.45596,0.130023],[0.224004,0.0540403,0.55794,0.164016],[0.202008,0.0540403,0.731905,0.0120465],[0.819885,0.0180475,0.148022,0.0140461],[0.815886,0.0360439,0.126026,0.0220445],[0.899869,0.0160479,0.0300451,0.0540381],[0.224004,0.261999,0.445962,0.0680353],[0.29199,0.0880335,0.401971,0.218005],[0.200009,0.00604993,0.783894,0.0100469],[0.673914,0.0240463,0.289993,0.0120465],[0.879873,0.0360439,0.0720367,0.0120465],[0.94186,0.00405033,0.0400431,0.0140461],[0.0960297,0.313988,0.547942,0.0420405],[0.265996,0.142023,0.273996,0.317985],[0.228003,0.122027,0.585934,0.0640361],[0.681912,0.0700371,0.178016,0.0700349]]},{"db":2,"id":"ISL1_HUMAN.H11MO.0.A","len":9,"ltrim":1,"rtrim":1,"nsites":500,"evalue":"1.0e+000","url":"http://hocomoco.autosome.ru/motif/ISL1_HUMAN.H11MO.0.A","pwm":[[0.184012,0.30799,0.363978,0.14402],[0.0460397,0.65792,0.0480415,0.247999],[0.285992,0.0560399,0.0120487,0.64592],[0.711906,0.0580395,0.224006,0.00604765],[0.977853,0.0120487,0.0100491,4.88502e-05],[0.0160457,0.00604993,0.309989,0.667915],[0.0500389,5.11298e-05,0.619927,0.329983],[0.164016,0.0400431,0.763898,0.0320425],[0.339981,0.293992,0.295992,0.0700349]]},{"db":2,"id":"ITF2_HUMAN.H11MO.0.C","len":10,"ltrim":1,"rtrim":0,"nsites":497,"evalue":"1.0e+000","url":"http://hocomoco.autosome.ru/motif/ITF2_HUMAN.H11MO.0.C","pwm":[[0.307834,0.0422965,0.382268,0.267601],[0.126784,0.146903,0.684018,0.0422942],[0.0282125,0.895244,0.0523548,0.0241892],[0.937486,0.00809811,0.0262031,0.0282125],[0.0302242,0.104658,0.824835,0.0402825],[0.0945975,0.58947,0.29979,0.0161425],[0.0905742,0.00608644,0.00809811,0.895241],[0.00407248,0.0141331,0.95157,0.0302242],[0.0845392,0.10667,0.460723,0.348068],[0.0925859,0.273638,0.52912,0.104656]]},{"db":2,"id":"JUNB_HUMAN.H11MO.0.A","len":11,"ltrim":2,"rtrim":2,"nsites":500,"evalue":"1.0e+000","url":"http://hocomoco.autosome.ru/motif/JUNB_HUMAN.H11MO.0.A","pwm":[[0.273994,0.0980315,0.30399,0.323984],[0.263996,0.347982,0.273996,0.114026],[0.0320425,0.00804953,0.0120487,0.947859],[0.00404805,0.0340443,0.889873,0.0720345],[0.933862,0.00205073,5.11298e-05,0.0640361],[4.88502e-05,5.11298e-05,0.95386,0.0460397],[0.0120465,0.0120487,5.11298e-05,0.975854],[0.0500389,0.925866,0.0140483,0.0100469],[0.977853,0.00804953,0.00405033,0.0100469],[0.0740341,0.365978,0.261999,0.297989],[0.317985,0.349981,0.130025,0.202008]]},{"db":2,"id":"JUND_HUMAN.H11MO.0.A","len":11,"ltrim":1,"rtrim":1,"nsites":450,"evalue":"1.0e+000","url":"http://hocomoco.autosome.ru/motif/JUND_HUMAN.H11MO.0.A","pwm":[[0.235557,0.151134,0.42885,0.184458],[0.397744,0.164465,0.393303,0.0444888],[0.026715,0.00227854,0.0178306,0.953176],[0.00671946,0.00894372,0.953178,0.0311585],[0.946511,0.006722,0.0222741,0.0244933],[0.0622627,5.68096e-05,0.937626,5.42768e-05],[0.0133846,0.0133872,0.0133872,0.959841],[0.0244933,0.933183,0.0422697,5.42768e-05],[0.988723,0.00450027,0.006722,5.42768e-05],[0.0378237,0.384416,0.146691,0.43107],[0.151132,0.413298,0.168908,0.266662]]},{"db":2,"id":"JUN_HUMAN.H11MO.0.A","len":11,"ltrim":1,"rtrim":1,"nsites":500,"evalue":"1.0e+000","url":"http://hocomoco.autosome.ru/motif/JUN_HUMAN.H11MO.0.A","pwm":[[0.232002,0.144022,0.40397,0.220005],[0.497949,0.162019,0.30799,0.0320425],[0.0160457,0.00405033,0.0180475,0.961856],[0.0240441,0.0140483,0.921867,0.0400409],[0.977853,0.00405033,0.00604993,0.0120465],[4.88502e-05,5.11298e-05,0.947862,0.0520385],[0.00604765,0.0240463,0.00804953,0.961856],[0.0240441,0.95586,0.0160479,0.00404805],[0.975854,0.00405033,0.00804953,0.0120465],[0.0180453,0.35798,0.118028,0.505948],[0.255998,0.377976,0.122027,0.244]]},{"db":2,"id":"KLF12_HUMAN.H11MO.0.C","len":11,"ltrim":1,"rtrim":0,"nsites":452,"evalue":"1.0e+000","url":"http://hocomoco.autosome.ru/motif/KLF12_HUMAN.H11MO.0.C","pwm":[[0.378289,0.342901,0.194704,0.0841062],[0.247787,0.0310232,0.581786,0.139404],[0.0641991,5.65583e-05,0.931266,0.00447784],[5.40367e-05,0.00226846,0.995412,0.00226594],[5.40367e-05,5.65583e-05,0.999835,5.40367e-05],[0.0907419,0.878181,0.00226846,0.0288087],[0.022173,0.00226846,0.960021,0.0155373],[0.00447784,0.00890416,0.791917,0.194701],[0.0973776,5.65583e-05,0.862698,0.0398682],[0.0133254,0.00669226,0.964445,0.0155373],[0.130556,0.800764,0.0288113,0.0398682]]},{"db":2,"id":"KLF15_HUMAN.H11MO.0.A","len":19,"ltrim":0,"rtrim":0,"nsites":479,"evalue":"1.0e+000","url":"http://hocomoco.autosome.ru/motif/KLF15_HUMAN.H11MO.0.A","pwm":[[0.311051,0.0355366,0.542738,0.110675],[0.25887,0.0125769,0.695107,0.0334469],[5.09914e-05,0.00214062,0.997757,5.09914e-05],[0.016749,0.00631511,0.974798,0.00213824],[0.536473,0.354885,5.33709e-05,0.108588],[0.0689301,0.00631511,0.918442,0.00631273],[0.0125745,0.0146641,0.885046,0.0877154],[0.492641,0.0313621,0.423764,0.0522322],[0.116937,0.00631511,0.868348,0.00839998],[0.313138,0.344449,0.29853,0.0438832],[0.344447,0.160771,0.286006,0.208776],[0.233823,0.0438856,0.582395,0.139897],[0.150333,0.0209258,0.797382,0.0313597],[0.185816,0.0313621,0.770247,0.0125745],[0.256782,0.133637,0.576134,0.0334469],[0.177467,0.104416,0.665885,0.0522322],[0.277655,0.129463,0.446724,0.146158],[0.0877154,0.0939795,0.743113,0.0751919],[0.183729,0.0167513,0.73059,0.0689301]]},{"db":2,"id":"KLF1_HUMAN.H11MO.0.A","len":14,"ltrim":0,"rtrim":0,"nsites":489,"evalue":"1.0e+000","url":"http://hocomoco.autosome.ru/motif/KLF1_HUMAN.H11MO.0.A","pwm":[[0.339449,0.0327654,0.386476,0.241309],[0.00413909,0.00209685,0.989625,0.00413909],[0.00209452,0.00414142,0.98758,0.00618366],[4.99489e-05,5.22797e-05,0.997803,0.00209452],[0.0920557,0.527552,5.22797e-05,0.38034],[0.014362,5.22797e-05,0.977358,0.00822824],[0.0245848,0.0102751,0.53573,0.42941],[0.0388968,0.00414142,0.903753,0.0532088],[0.0245848,0.0225426,0.862862,0.0900111],[0.0613871,0.684984,0.167707,0.085922],[0.167705,0.458036,0.0941026,0.280156],[0.14317,0.198376,0.472348,0.186106],[0.104323,0.202465,0.529596,0.163616],[0.112501,0.161573,0.623647,0.102279]]},{"db":2,"id":"KLF3_HUMAN.H11MO.0.B","len":19,"ltrim":3,"rtrim":1,"nsites":498,"evalue":"1.0e+000","url":"http://hocomoco.autosome.ru/motif/KLF3_HUMAN.H11MO.0.B","pwm":[[0.212858,0.188768,0.471844,0.12653],[0.226911,0.222898,0.461806,0.0883847],[0.259033,0.204829,0.423661,0.112476],[0.24498,0.186761,0.495936,0.0723237],[0.327293,0.24699,0.315249,0.110469],[0.345361,0.0442192,0.359417,0.251003],[0.0341787,5.13351e-05,0.965721,4.90464e-05],[0.00607193,5.13351e-05,0.99182,0.00205668],[0.0040643,0.00808185,0.985797,0.00205668],[0.0863771,0.642493,5.13351e-05,0.271079],[0.00807956,0.00607422,0.981782,0.0040643],[0.0040643,0.0261505,0.724805,0.24498],[0.184751,0.01812,0.75492,0.0422093],[0.0763389,0.0100895,0.843256,0.0703161],[0.0843695,0.618401,0.148616,0.148614],[0.182743,0.381501,0.162669,0.273087],[0.130545,0.204829,0.495936,0.16869],[0.0924,0.242974,0.530065,0.13456],[0.160659,0.218883,0.481882,0.138575]]},{"db":2,"id":"KLF5_HUMAN.H11MO.0.A","len":14,"ltrim":0,"rtrim":2,"nsites":500,"evalue":"1.0e+000","url":"http://hocomoco.autosome.ru/motif/KLF5_HUMAN.H11MO.0.A","pwm":[[0.421964,0.0340443,0.20401,0.339981],[0.0460397,0.00405033,0.943862,0.00604765],[0.00804725,0.00804953,0.967858,0.0160457],[0.0240441,0.0360439,0.929865,0.0100469],[0.178013,0.184014,0.00804953,0.629923],[0.0460397,0.00205073,0.941863,0.0100469],[0.0400409,0.0100491,0.543942,0.405968],[0.0160457,5.11298e-05,0.963858,0.0200449],[0.0500389,0.0300451,0.829885,0.0900309],[0.106028,0.633924,0.110029,0.150019],[0.247999,0.182015,0.192013,0.377973],[0.104028,0.136024,0.60593,0.154018],[0.154018,0.124026,0.501951,0.220005],[0.148019,0.210009,0.493952,0.148019]]},{"db":2,"id":"KLF6_HUMAN.H11MO.0.A","len":19,"ltrim":1,"rtrim":0,"nsites":496,"evalue":"1.0e+000","url":"http://hocomoco.autosome.ru/motif/KLF6_HUMAN.H11MO.0.A","pwm":[[0.15526,0.185498,0.510029,0.149213],[0.221779,0.247985,0.479794,0.0504423],[0.445524,0.189529,0.280237,0.0847096],[0.459634,0.018193,0.368929,0.153244],[0.0484266,0.00609871,0.814403,0.131071],[0.0242379,5.1542e-05,0.955504,0.0202065],[0.0443951,0.0524603,0.891001,0.0121436],[0.260077,0.457621,5.1542e-05,0.28225],[0.116961,0.00609871,0.854718,0.0222222],[0.0282694,0.0222245,0.689429,0.260077],[0.209684,0.0645547,0.683382,0.0423794],[0.0867253,0.0302874,0.836576,0.0464109],[0.229842,0.453589,0.207671,0.108898],[0.294345,0.318536,0.137121,0.249999],[0.0625366,0.157278,0.522124,0.258062],[0.147197,0.127042,0.6088,0.116961],[0.161307,0.171388,0.602753,0.0645524],[0.348769,0.110916,0.433432,0.106883],[0.258062,0.233875,0.455605,0.052458]]},{"db":2,"id":"LHX2_HUMAN.H11MO.0.A","len":12,"ltrim":2,"rtrim":3,"nsites":430,"evalue":"1.0e+000","url":"http://hocomoco.autosome.ru/motif/LHX2_HUMAN.H11MO.0.A","pwm":[[0.132584,0.176763,0.237214,0.45344],[0.0930584,0.262789,0.31859,0.325562],[0.111659,0.432517,0.0163347,0.439489],[0.0279573,0.0116847,5.94513e-05,0.960299],[0.774295,0.176763,0.0395851,0.00935696],[0.957974,0.0279599,0.00238449,0.011682],[5.68007e-05,0.0209848,0.0209848,0.957974],[0.00935696,0.0140097,0.237214,0.73942],[0.578992,0.00703457,0.353466,0.0605079],[0.17211,0.225588,0.492968,0.109334],[0.17676,0.241864,0.125612,0.455765],[0.0884083,0.213963,0.241864,0.455765]]},{"db":2,"id":"MAF_HUMAN.H11MO.0.A","len":19,"ltrim":2,"rtrim":2,"nsites":500,"evalue":"1.0e+000","url":"http://hocomoco.autosome.ru/motif/MAF_HUMAN.H11MO.0.A","pwm":[[0.305988,0.236004,0.333984,0.124