<!DOCTYPE HTML>
<html>
  <head>
    <meta charset="UTF-8">
    <title>SpaMo - Spaced Motif Analysis</title>
    <script type="text/javascript">
      //@JSON_VAR data
      var data = {"program":"SpaMo","version":"4.11.3","revision":"c13e15f35e38483381a6e8a363f9137e303c0765","release":"Sat Mar 11 20:16:08 2017 -0800","host":"uger-c011.broadinstitute.org","when":"Sun Feb 28 17:18:35 2021","cmd":["spamo","-verbosity","1","-oc","/broad/sankaranlab/fyu/HemeMap/02262021-downMast_re-analysis/motif_denovo/all_mast0035_interactions_10x_hocomoco_meme-chip/spamo_out_18","-bgfile","/broad/sankaranlab/fyu/HemeMap/02262021-downMast_re-analysis/motif_denovo/all_mast0035_interactions_10x_hocomoco_meme-chip/background","-primary","E2F4_HUMAN.H11MO.0.A","/broad/sankaranlab/fyu/HemeMap/02262021-downMast_re-analysis/motif_denovo/all_mast0035_interactions_10x_hocomoco_meme-chip/20210227-deg_interactions_peaks_all_mast0035_fa_1based.fa","/broad/sankaranlab/fyu/motif_data/HOCOMOCOv11_core_HUMAN_mono_meme_format.meme","/broad/sankaranlab/fyu/HemeMap/02262021-downMast_re-analysis/motif_denovo/all_mast0035_interactions_10x_hocomoco_meme-chip/meme_out/meme.xml","/broad/sankaranlab/fyu/HemeMap/02262021-downMast_re-analysis/motif_denovo/all_mast0035_interactions_10x_hocomoco_meme-chip/dreme_out/dreme.xml","/broad/sankaranlab/fyu/motif_data/HOCOMOCOv11_core_HUMAN_mono_meme_format.meme"],"options":{"seq_min_hit_score":7,"margin":150,"bin_size":1,"bin_pvalue_calc_range":150,"use_best_secondary":0,"seq_max_shared_fract":0.5,"seq_odds_ratio":20,"bin_pvalue_cutoff":0.05,"motif_evalue_cutoff":10,"redundant_overlap":2,"redundant_joint":0.5,"motif_pseudocount":0.1,"bgfile":"/broad/sankaranlab/fyu/HemeMap/02262021-downMast_re-analysis/motif_denovo/all_mast0035_interactions_10x_hocomoco_meme-chip/background","motif_trim":0.25,"xalph":0,"seed":1,"bin_max":57},"alphabet":{"name":"DNA","like":"dna","ncore":4,"symbols":[{"symbol":"A","name":"Adenine","colour":"CC0000","complement":"T"},{"symbol":"C","name":"Cytosine","colour":"0000CC","complement":"G"},{"symbol":"G","name":"Guanine","colour":"FFB300","complement":"C"},{"symbol":"T","aliases":"U","name":"Thymine","colour":"008000","complement":"A"},{"symbol":"N","aliases":"X.","name":"Any base","equals":"ACGT"},{"symbol":"V","name":"Not T","equals":"ACG"},{"symbol":"H","name":"Not G","equals":"ACT"},{"symbol":"D","name":"Not C","equals":"AGT"},{"symbol":"B","name":"Not A","equals":"CGT"},{"symbol":"M","name":"Amino","equals":"AC"},{"symbol":"R","name":"Purine","equals":"AG"},{"symbol":"W","name":"Weak","equals":"AT"},{"symbol":"S","name":"Strong","equals":"CG"},{"symbol":"Y","name":"Pyrimidine","equals":"CT"},{"symbol":"K","name":"Keto","equals":"GT"}]},"background":[0.2443,0.2557,0.2557,0.2443],"sequence_dbs":[{"source":"/broad/sankaranlab/fyu/HemeMap/02262021-downMast_re-analysis/motif_denovo/all_mast0035_interactions_10x_hocomoco_meme-chip/20210227-deg_interactions_peaks_all_mast0035_fa_1based.fa","name":"20210227-deg_interactions_peaks_all_mast0035_fa_1based","last_modified":"Sun Feb 28 14:32:25 2021","loaded":13184,"excluded_too_short":0,"excluded_no_match":8058,"excluded_ambigs":0,"excluded_similar":74,"erased_primary_matches":10981}],"primary_dbs":[{"source":"/broad/sankaranlab/fyu/motif_data/HOCOMOCOv11_core_HUMAN_mono_meme_format.meme","name":"HOCOMOCOv11_core_HUMAN_mono_meme_format","last_modified":"Sat Jun 23 07:43:00 2018","loaded":400,"excluded":399}],"secondary_dbs":[{"source":"/broad/sankaranlab/fyu/HemeMap/02262021-downMast_re-analysis/motif_denovo/all_mast0035_interactions_10x_hocomoco_meme-chip/meme_out/meme.xml","name":"meme.xml","last_modified":"Sun Feb 28 15:22:49 2021","loaded":10,"excluded":0},{"source":"/broad/sankaranlab/fyu/HemeMap/02262021-downMast_re-analysis/motif_denovo/all_mast0035_interactions_10x_hocomoco_meme-chip/dreme_out/dreme.xml","name":"dreme.xml","last_modified":"Sun Feb 28 15:41:49 2021","loaded":10,"excluded":0},{"source":"/broad/sankaranlab/fyu/motif_data/HOCOMOCOv11_core_HUMAN_mono_meme_format.meme","name":"HOCOMOCOv11_core_HUMAN_mono_meme_format","last_modified":"Sat Jun 23 07:43:00 2018","loaded":401,"excluded":1}],"secondary_motifs":[{"db":0,"id":"3","alt":"MEME","len":30,"ltrim":0,"rtrim":0,"nsites":12,"evalue":"3.9e-015","pwm":[[0.167309,0.663271,0.00211322,0.167309],[0.00201901,0.580625,0.250047,0.167309],[0.91111,0.00211322,0.0847575,0.00201901],[0.00201901,0.0847575,0.911204,0.00201901],[0.580531,0.00211322,0.415337,0.00201901],[0.00201901,0.911204,0.00211322,0.0846633],[0.00201901,0.00211322,0.00211322,0.993755],[0.249953,0.00211322,0.663271,0.0846633],[0.167309,0.0847575,0.663271,0.0846633],[0.91111,0.00211322,0.00211322,0.0846633],[0.0846633,0.00211322,0.911204,0.00201901],[0.249953,0.00211322,0.0847575,0.663176],[0.00201901,0.00211322,0.828559,0.167309],[0.167309,0.828559,0.00211322,0.00201901],[0.828465,0.00211322,0.00211322,0.167309],[0.0846633,0.0847575,0.828559,0.00201901],[0.167309,0.00211322,0.00211322,0.828465],[0.00201901,0.00211322,0.911204,0.0846633],[0.167309,0.00211322,0.828559,0.00201901],[0.00201901,0.663271,0.00211322,0.332597],[0.415242,0.00211322,0.332691,0.249953],[0.00201901,0.497981,0.332691,0.167309],[0.249953,0.00211322,0.415337,0.332597],[0.415242,0.0847575,0.415337,0.0846633],[0.0846633,0.00211322,0.167403,0.745821],[0.00201901,0.580625,0.00211322,0.415242],[0.332597,0.00211322,0.0847575,0.580531],[0.00201901,0.663271,0.00211322,0.332597],[0.91111,0.00211322,0.0847575,0.00201901],[0.167309,0.167403,0.663271,0.00201901]]},{"db":0,"id":"4","alt":"MEME","len":29,"ltrim":0,"rtrim":0,"nsites":7,"evalue":"2.6e-013","pwm":[[0.00344085,0.00360141,0.848672,0.144286],[0.00344085,0.00360141,0.989517,0.00344085],[0.00344085,0.848672,0.144446,0.00344085],[0.566822,0.00360141,0.426136,0.00344085],[0.00344085,0.707827,0.00360141,0.285131],[0.425976,0.00360141,0.566982,0.00344085],[0.00344085,0.00360141,0.989517,0.00344085],[0.00344085,0.00360141,0.00360141,0.989356],[0.00344085,0.00360141,0.848672,0.144286],[0.144286,0.00360141,0.848672,0.00344085],[0.00344085,0.989517,0.00360141,0.00344085],[0.425976,0.00360141,0.00360141,0.566822],[0.00344085,0.566982,0.00360141,0.425976],[0.707666,0.00360141,0.285291,0.00344085],[0.00344085,0.707827,0.00360141,0.285131],[0.285131,0.00360141,0.707827,0.00344085],[0.00344085,0.989517,0.00360141,0.00344085],[0.00344085,0.989517,0.00360141,0.00344085],[0.00344085,0.144446,0.00360141,0.848511],[0.285131,0.00360141,0.707827,0.00344085],[0.00344085,0.00360141,0.00360141,0.989356],[0.989356,0.00360141,0.00360141,0.00344085],[0.848511,0.00360141,0.144446,0.00344085],[0.00344085,0.00360141,0.00360141,0.989356],[0.144286,0.707827,0.00360141,0.144286],[0.00344085,0.848672,0.00360141,0.144286],[0.00344085,0.989517,0.00360141,0.00344085],[0.989356,0.00360141,0.00360141,0.00344085],[0.144286,0.00360141,0.848672,0.00344085]]},{"db":0,"id":"5","alt":"MEME","len":21,"ltrim":0,"rtrim":0,"nsites":55,"evalue":"4.2e-012","pwm":[[0.308973,0.290845,0.0367621,0.363419],[0.399717,0.000464065,0.000464065,0.599354],[0.381568,0.236399,0.381589,0.000443376],[0.254526,0.236399,0.0549101,0.454163],[0.0548894,0.0730591,0.163803,0.708247],[0.617503,0.000464065,0.21825,0.163782],[0.526759,0.0367621,0.0549101,0.381568],[0.871586,0.000464065,0.0367621,0.0911874],[0.835289,0.145655,0.0186131,0.000443376],[0.871586,0.000464065,0.0549101,0.0730384],[0.472312,0.0730591,0.0186131,0.436015],[0.490461,0.163803,0.21825,0.127485],[0.563056,0.181952,0.0730591,0.181931],[0.926033,0.000464065,0.000464065,0.0730384],[0.690098,0.163803,0.145655,0.000443376],[0.635652,0.000464065,0.0912081,0.272675],[0.436015,0.200101,0.127506,0.236378],[0.671949,0.0730591,0.127506,0.127485],[0.635652,0.0549101,0.000464065,0.308973],[0.581205,0.290845,0.000464065,0.127485],[0.744545,0.0186131,0.000464065,0.236378]]},{"db":0,"id":"9","alt":"MEME","len":29,"ltrim":0,"rtrim":0,"nsites":6,"evalue":"1.5e+002","pwm":[[0.987611,0.0041918,0.0041918,0.00400492],[0.495808,0.0041918,0.495995,0.00400492],[0.987611,0.0041918,0.0041918,0.00400492],[0.00400492,0.65993,0.0041918,0.331873],[0.331873,0.0041918,0.495995,0.16794],[0.00400492,0.0041918,0.987798,0.00400492],[0.331873,0.168127,0.495995,0.00400492],[0.00400492,0.0041918,0.65993,0.331873],[0.00400492,0.0041918,0.0041918,0.987611],[0.00400492,0.0041918,0.0041918,0.987611],[0.00400492,0.0041918,0.0041918,0.987611],[0.00400492,0.495995,0.0041918,0.495808],[0.659743,0.168127,0.168127,0.00400492],[0.00400492,0.823864,0.0041918,0.16794],[0.00400492,0.987798,0.0041918,0.00400492],[0.987611,0.0041918,0.0041918,0.00400492],[0.00400492,0.33206,0.0041918,0.659743],[0.00400492,0.168127,0.823864,0.00400492],[0.00400492,0.0041918,0.168127,0.823677],[0.00400492,0.33206,0.0041918,0.659743],[0.331873,0.168127,0.33206,0.16794],[0.16794,0.33206,0.495995,0.00400492],[0.00400492,0.823864,0.0041918,0.16794],[0.00400492,0.33206,0.0041918,0.659743],[0.987611,0.0041918,0.0041918,0.00400492],[0.331873,0.168127,0.33206,0.16794],[0.00400492,0.0041918,0.987798,0.00400492],[0.16794,0.65993,0.0041918,0.16794],[0.331873,0.0041918,0.0041918,0.659743]]},{"db":1,"id":"CHGCCTS","alt":"DREME","len":7,"ltrim":0,"rtrim":0,"nsites":3158,"evalue":"4.0e-030","pwm":[[7.73566e-06,0.999976,8.09664e-06,7.73566e-06],[0.396132,0.246992,8.09664e-06,0.356867],[7.73566e-06,8.09664e-06,0.999976,7.73566e-06],[7.73566e-06,0.999976,8.09664e-06,7.73566e-06],[7.73566e-06,0.999976,8.09664e-06,7.73566e-06],[7.73566e-06,8.09664e-06,8.09664e-06,0.999976],[7.73566e-06,0.509492,0.490493,7.73566e-06]]},{"db":1,"id":"RVCCACA","alt":"DREME","len":7,"ltrim":0,"rtrim":0,"nsites":2479,"evalue":"1.3e-075","pwm":[[0.562714,1.03142e-05,0.437266,9.85438e-06],[0.397332,0.263413,0.339247,9.85438e-06],[9.85438e-06,0.99997,1.03142e-05,9.85438e-06],[9.85438e-06,0.99997,1.03142e-05,9.85438e-06],[0.99997,1.03142e-05,1.03142e-05,9.85438e-06],[9.85438e-06,0.99997,1.03142e-05,9.85438e-06],[0.99997,1.03142e-05,1.03142e-05,9.85438e-06]]},{"db":2,"id":"ALX1_HUMAN.H11MO.0.B","len":12,"ltrim":1,"rtrim":0,"nsites":31,"evalue":"1.0e+000","url":"http://hocomoco.autosome.ru/motif/ALX1_HUMAN.H11MO.0.B","pwm":[[0.436214,0.209225,0.273076,0.0814861],[0.0646365,0.0965986,0.000822186,0.837943],[0.770544,0.0327477,0.100146,0.096562],[0.866321,0.0646732,0.000822186,0.0681838],[0.000785531,0.0965986,0.000822186,0.901794],[0.032711,0.227848,0.128524,0.610917],[0.483215,0.000822186,0.515177,0.000785531],[0.355513,0.256226,0.35555,0.032711],[0.774092,0.000822186,0.128524,0.096562],[0.100109,0.000822186,0.0327477,0.866321],[0.0646365,0.0327477,0.0327477,0.869868],[0.827301,0.0575786,0.0575786,0.0575419]]},{"db":2,"id":"ATF3_HUMAN.H11MO.0.A","len":11,"ltrim":0,"rtrim":1,"nsites":500,"evalue":"1.0e+000","url":"http://hocomoco.autosome.ru/motif/ATF3_HUMAN.H11MO.0.A","pwm":[[0.222004,0.0900331,0.579935,0.108027],[0.255998,0.0280455,0.709909,0.00604765],[0.0180453,0.0420427,0.00804953,0.931862],[0.0100469,0.477956,0.50795,0.00404805],[0.939861,0.0240463,0.00405033,0.0320425],[0.00204845,0.813888,0.0420427,0.14202],[0.0380413,0.0180475,0.925866,0.0180453],[0.0280433,0.224006,0.00804953,0.739901],[0.265996,0.164018,0.535944,0.0340421],[0.575934,0.10403,0.252001,0.0680353],[0.0940301,0.295992,0.275996,0.333982]]},{"db":2,"id":"BACH1_HUMAN.H11MO.0.A","len":13,"ltrim":0,"rtrim":2,"nsites":500,"evalue":"1.0e+000","url":"http://hocomoco.autosome.ru/motif/BACH1_HUMAN.H11MO.0.A","pwm":[[0.0628503,0.168183,0.0975458,0.671421],[0.00920552,0.0664261,0.922337,0.00203091],[0.0209133,0.967527,0.00397558,0.00758441],[0.0362171,0.0795843,0.0801402,0.804058],[0.0038971,0.0613576,0.890889,0.0438567],[0.802819,0.0206201,0.124524,0.0520367],[0.0133104,0.214867,0.763224,0.00859922],[0.00624843,0.0361805,0.145879,0.811692],[0.01624,0.943693,0.0343178,0.00574879],[0.78628,0.0958387,0.0824544,0.0354265],[0.00982617,0.334263,0.256607,0.399304],[0.151627,0.265557,0.394693,0.188123],[0.105264,0.378565,0.372602,0.143569]]},{"db":2,"id":"BACH2_HUMAN.H11MO.0.A","len":11,"ltrim":0,"rtrim":1,"nsites":500,"evalue":"1.0e+000","url":"http://hocomoco.autosome.ru/motif/BACH2_HUMAN.H11MO.0.A","pwm":[[0.122024,0.0960319,0.0680375,0.713906],[0.0140461,0.0780355,0.893872,0.0140461],[0.0440401,0.923866,0.0120487,0.0200449],[0.0780333,0.0380435,0.00804953,0.875874],[0.0580373,0.0600391,0.793892,0.0880313],[0.757897,0.0380435,0.0560399,0.148019],[0.0440401,0.224006,0.669917,0.0620365],[0.0100469,0.0160479,0.00804953,0.965856],[0.0600369,0.919867,0.0160479,0.00404805],[0.963856,0.0120487,0.00804953,0.0160457],[0.0560377,0.319987,0.212009,0.411966]]},{"db":2,"id":"BATF3_HUMAN.H11MO.0.B","len":17,"ltrim":1,"rtrim":2,"nsites":500,"evalue":"1.0e+000","url":"http://hocomoco.autosome.ru/motif/BATF3_HUMAN.H11MO.0.B","pwm":[[0.172014,0.35398,0.20601,0.267995],[0.483952,0.0560399,0.244002,0.216006],[0.0300429,0.389973,0.501951,0.0780333],[0.0300429,0.0160479,0.0140483,0.939861],[0.0460397,0.0640383,0.00804953,0.881872],[0.0420405,0.160019,0.0420427,0.755898],[0.0180453,0.85588,0.0200471,0.106028],[0.501948,0.178016,0.120027,0.200009],[0.210007,0.182015,0.218008,0.389971],[0.230003,0.0420427,0.0640383,0.663916],[0.481952,0.198012,0.0560399,0.263996],[0.00804725,5.11298e-05,0.0100491,0.981852],[0.0120465,0.0240463,0.809889,0.154018],[0.863876,0.00604993,0.0420427,0.0880313],[0.100029,0.461959,0.317988,0.120025],[0.251998,0.120027,0.146022,0.481952],[0.242,0.385974,0.186014,0.186012]]},{"db":2,"id":"DLX3_HUMAN.H11MO.0.C","len":10,"ltrim":0,"rtrim":1,"nsites":34,"evalue":"1.0e+000","url":"http://hocomoco.autosome.ru/motif/DLX3_HUMAN.H11MO.0.C","pwm":[[0.17329,0.128569,0.659114,0.0390271],[0.412006,0.403826,0.183451,0.000716422],[0.000716422,0.023127,0.000749853,0.975407],[0.975407,0.000749853,0.023127,0.000716422],[0.997784,0.000749853,0.000749853,0.000716422],[0.000716422,0.000749853,0.000749853,0.997784],[0.000716422,0.000749853,0.0455041,0.95303],[0.541452,0.000749853,0.363888,0.0939095],[0.161041,0.515711,0.277777,0.0454707],[0.4455,0.154631,0.102795,0.297074]]},{"db":2,"id":"E2F1_HUMAN.H11MO.0.A","len":14,"ltrim":4,"rtrim":2,"nsites":500,"evalue":"1.0e+000","url":"http://hocomoco.autosome.ru/motif/E2F1_HUMAN.H11MO.0.A","pwm":[[0.327983,0.160019,0.377976,0.134022],[0.236002,0.200011,0.451961,0.112026],[0.271994,0.210009,0.289993,0.228003],[0.190011,0.102031,0.465958,0.242],[0.0820325,0.200011,0.70391,0.0140461],[0.0180453,0.00604993,0.965858,0.0100469],[0.0560377,0.921867,0.00405033,0.0180453],[0.0160457,0.00804953,0.95786,0.0180453],[0.0220445,0.0820347,0.889873,0.00604765],[0.0680353,0.0340443,0.889873,0.00804725],[0.855878,0.0200471,0.0900331,0.0340421],[0.653918,0.0640383,0.271997,0.0100469],[0.399969,0.140023,0.365978,0.0940301],[0.271994,0.164018,0.395972,0.168015]]},{"db":2,"id":"E2F3_HUMAN.H11MO.0.A","len":11,"ltrim":2,"rtrim":0,"nsites":500,"evalue":"1.0e+000","url":"http://hocomoco.autosome.ru/motif/E2F3_HUMAN.H11MO.0.A","pwm":[[0.375974,0.140023,0.20801,0.275994],[0.261996,0.0460419,0.409969,0.281992],[0.126024,0.124026,0.675916,0.0740341],[0.0340421,0.00604993,0.95586,0.00404805],[0.124024,0.769897,0.0200471,0.0860317],[0.152018,0.00405033,0.683914,0.160017],[0.0960297,0.0200471,0.867878,0.0160457],[0.0180453,0.0100491,0.95786,0.0140461],[0.833882,0.0380435,0.118028,0.0100469],[0.711906,0.0620387,0.200011,0.0260437],[0.533942,0.110029,0.250001,0.106028]]},{"db":2,"id":"E2F6_HUMAN.H11MO.0.A","len":13,"ltrim":1,"rtrim":2,"nsites":500,"evalue":"1.0e+000","url":"http://hocomoco.autosome.ru/motif/E2F6_HUMAN.H11MO.0.A","pwm":[[0.337981,0.148022,0.341983,0.172014],[0.261996,0.0340443,0.55594,0.148019],[0.154018,0.126026,0.699911,0.0200449],[0.0100469,0.0160479,0.963858,0.0100469],[0.214006,0.70791,0.0120487,0.0660357],[0.0400409,0.0180475,0.893872,0.0480393],[0.0240441,0.0480415,0.895872,0.0320425],[0.0720345,0.0440423,0.871877,0.0120465],[0.94186,0.0320447,0.0140483,0.0120465],[0.511946,0.0360439,0.435964,0.0160457],[0.383972,0.10803,0.437964,0.0700349],[0.277993,0.218008,0.377976,0.126024],[0.275994,0.162019,0.425966,0.136022]]},{"db":2,"id":"E2F7_HUMAN.H11MO.0.B","len":13,"ltrim":0,"rtrim":3,"nsites":500,"evalue":"1.0e+000","url":"http://hocomoco.autosome.ru/motif/E2F7_HUMAN.H11MO.0.B","pwm":[[0.19601,0.148022,0.529945,0.126024],[0.337981,0.0320447,0.415968,0.214006],[0.14202,0.0820347,0.771897,0.00404805],[0.0440401,0.00405033,0.941863,0.0100469],[0.0840321,0.85388,0.00405033,0.0580373],[0.140021,0.0160479,0.813888,0.0300429],[0.0220445,0.0120487,0.95786,0.00804725],[0.204008,0.00604993,0.775896,0.0140461],[0.713906,0.00405033,0.275996,0.00604765],[0.603928,0.138024,0.240003,0.0180453],[0.427963,0.192013,0.224006,0.156018],[0.34398,0.0860339,0.35598,0.214006],[0.259997,0.152021,0.485954,0.102028]]},{"db":2,"id":"ERG_HUMAN.H11MO.0.A","len":13,"ltrim":1,"rtrim":0,"nsites":500,"evalue":"1.0e+000","url":"http://hocomoco.autosome.ru/motif/ERG_HUMAN.H11MO.0.A","pwm":[[0.337981,0.152021,0.359979,0.150019],[0.307987,0.15602,0.45796,0.0780333],[0.435962,0.0520407,0.45596,0.0560377],[0.102028,0.559939,0.333984,0.00404805],[0.865876,0.116028,0.0160479,0.00204845],[0.00404805,0.00405033,0.985854,0.00604765],[0.00604765,0.00405033,0.989853,4.88502e-05],[0.975854,0.0100491,0.0100491,0.00404805],[0.935862,0.00205073,0.0220467,0.0400409],[0.204008,0.0160479,0.777896,0.00204845],[0.102028,0.309989,0.174016,0.413966],[0.224004,0.160019,0.513948,0.102028],[0.261996,0.134024,0.539943,0.0640361]]},{"db":2,"id":"ERR2_HUMAN.H11MO.0.A","len":9,"ltrim":0,"rtrim":0,"nsites":3662,"evalue":"1.0e+000","url":"http://hocomoco.autosome.ru/motif/ERR2_HUMAN.H11MO.0.A","pwm":[[0.0588134,0.303122,0.169218,0.468847],[0.0678223,0.711332,0.14321,0.0776358],[0.934264,0.00636297,0.0541158,0.00525727],[0.986217,0.000614947,0.0116688,0.00149895],[0.00553362,0.000449138,0.988926,0.00509146],[0.00243853,0.00155453,0.993789,0.00221745],[0.0388611,0.0402054,0.0884515,0.832482],[0.00188583,0.876694,0.0717643,0.0496562],[0.927725,0.00492597,0.0608762,0.0064732]]},{"db":2,"id":"FLI1_HUMAN.H11MO.0.A","len":18,"ltrim":2,"rtrim":1,"nsites":497,"evalue":"1.0e+000","url":"http://hocomoco.autosome.ru/motif/FLI1_HUMAN.H11MO.0.A","pwm":[[0.209263,0.22737,0.440607,0.122761],[0.315881,0.148915,0.43256,0.102644],[0.446639,0.0865531,0.374222,0.0925859],[0.201216,0.0543665,0.653843,0.0905742],[0.299788,0.0362615,0.635738,0.0282125],[0.422499,0.388303,0.183113,0.00608415],[0.915358,0.0342498,0.0402848,0.0101075],[0.00407248,0.00407477,0.981745,0.0101075],[0.00206081,0.0121214,0.985769,4.9145e-05],[0.937486,0.0181564,0.0443081,4.9145e-05],[0.957603,0.00206311,0.0262031,0.0141308],[0.146901,0.0282148,0.822824,0.00206081],[0.134831,0.171043,0.500957,0.193169],[0.410429,0.124775,0.402385,0.0624108],[0.394336,0.0764948,0.474805,0.0543642],[0.301799,0.120751,0.509003,0.0684458],[0.241449,0.150927,0.52912,0.0785042],[0.388301,0.13081,0.364163,0.116726]]},{"db":2,"id":"FOS_HUMAN.H11MO.0.A","len":9,"ltrim":1,"rtrim":0,"nsites":500,"evalue":"1.0e+000","url":"http://hocomoco.autosome.ru/motif/FOS_HUMAN.H11MO.0.A","pwm":[[0.34598,0.216008,0.359979,0.0780333],[0.0100469,0.0180475,0.0100491,0.961856],[0.0160457,0.0340443,0.859879,0.0900309],[0.935862,0.00804953,0.0280455,0.0280433],[0.116026,5.11298e-05,0.883874,4.88502e-05],[0.0220445,0.0260459,0.0240463,0.927863],[0.0420405,0.933864,0.0240463,4.88502e-05],[0.959857,0.0160479,0.0120487,0.0120465],[0.0280433,0.417968,0.263998,0.289991]]},{"db":2,"id":"FOXI1_HUMAN.H11MO.0.B","len":12,"ltrim":1,"rtrim":0,"nsites":156,"evalue":"1.0e+000","url":"http://hocomoco.autosome.ru/motif/FOXI1_HUMAN.H11MO.0.B","pwm":[[0.15244,0.461773,0.090582,0.295205],[0.133404,0.0287169,0.0715466,0.766332],[0.0334685,0.437978,0.242865,0.285688],[0.000156502,0.0239581,0.000163805,0.975722],[0.000156502,0.104859,0.894828,0.000156502],[0.999516,0.000163805,0.000163805,0.000156502],[0.000156502,0.000163805,0.000163805,0.999516],[0.000156502,0.000163805,0.000163805,0.999516],[0.000156502,0.000163805,0.990005,0.00967421],[0.000156502,0.000163805,0.999523,0.000156502],[0.0429862,0.476049,0.000163805,0.480801],[0.000156502,0.490326,0.0191992,0.490318]]},{"db":2,"id":"HIF1A_HUMAN.H11MO.0.C","len":8,"ltrim":0,"rtrim":0,"nsites":500,"evalue":"1.0e+000","url":"http://hocomoco.autosome.ru/motif/HIF1A_HUMAN.H11MO.0.C","pwm":[[0.212006,0.164018,0.527946,0.0960297],[0.234002,0.0500411,0.417968,0.297989],[0.825884,0.0120487,0.15602,0.00604765],[0.134022,0.801891,0.0100491,0.0540381],[0.0280433,0.00205073,0.969857,4.88502e-05],[0.00804725,0.00804953,5.11298e-05,0.983852],[4.88502e-05,0.00405033,0.993852,0.00204845],[0.285992,0.521947,0.0860339,0.106028]]},{"db":2,"id":"IKZF1_HUMAN.H11MO.0.C","len":8,"ltrim":0,"rtrim":0,"nsites":60,"evalue":"1.0e+000","url":"http://hocomoco.autosome.ru/motif/IKZF1_HUMAN.H11MO.0.C","pwm":[[0.0427807,0.286028,0.237721,0.433471],[0.0580354,0.0885638,0.000425458,0.852975],[0.0563404,0.000425458,0.942828,0.000406489],[0.0190511,0.0309349,0.949607,0.000406489],[0.000406489,0.0173751,0.981812,0.000406489],[0.849585,0.000425458,0.149583,0.000406489],[0.320755,0.0309349,0.532645,0.115664],[0.415674,0.0394097,0.368233,0.176683]]},{"db":2,"id":"ISL1_HUMAN.H11MO.0.A","len":9,"ltrim":1,"rtrim":1,"nsites":500,"evalue":"1.0e+000","url":"http://hocomoco.autosome.ru/motif/ISL1_HUMAN.H11MO.0.A","pwm":[[0.184012,0.30799,0.363978,0.14402],[0.0460397,0.65792,0.0480415,0.247999],[0.285992,0.0560399,0.0120487,0.64592],[0.711906,0.0580395,0.224006,0.00604765],[0.977853,0.0120487,0.0100491,4.88502e-05],[0.0160457,0.00604993,0.309989,0.667915],[0.0500389,5.11298e-05,0.619927,0.329983],[0.164016,0.0400431,0.763898,0.0320425],[0.339981,0.293992,0.295992,0.0700349]]},{"db":2,"id":"JUNB_HUMAN.H11MO.0.A","len":11,"ltrim":2,"rtrim":2,"nsites":500,"evalue":"1.0e+000","url":"http://hocomoco.autosome.ru/motif/JUNB_HUMAN.H11MO.0.A","pwm":[[0.273994,0.0980315,0.30399,0.323984],[0.263996,0.347982,0.273996,0.114026],[0.0320425,0.00804953,0.0120487,0.947859],[0.00404805,0.0340443,0.889873,0.0720345],[0.933862,0.00205073,5.11298e-05,0.0640361],[4.88502e-05,5.11298e-05,0.95386,0.0460397],[0.0120465,0.0120487,5.11298e-05,0.975854],[0.0500389,0.925866,0.0140483,0.0100469],[0.977853,0.00804953,0.00405033,0.0100469],[0.0740341,0.365978,0.261999,0.297989],[0.317985,0.349981,0.130025,0.202008]]},{"db":2,"id":"JUND_HUMAN.H11MO.0.A","len":11,"ltrim":1,"rtrim":1,"nsites":450,"evalue":"1.0e+000","url":"http://hocomoco.autosome.ru/motif/JUND_HUMAN.H11MO.0.A","pwm":[[0.235557,0.151134,0.42885,0.184458],[0.397744,0.164465,0.393303,0.0444888],[0.026715,0.00227854,0.0178306,0.953176],[0.00671946,0.00894372,0.953178,0.0311585],[0.946511,0.006722,0.0222741,0.0244933],[0.0622627,5.68096e-05,0.937626,5.42768e-05],[0.0133846,0.0133872,0.0133872,0.959841],[0.0244933,0.933183,0.0422697,5.42768e-05],[0.988723,0.00450027,0.006722,5.42768e-05],[0.0378237,0.384416,0.146691,0.43107],[0.151132,0.413298,0.168908,0.266662]]},{"db":2,"id":"JUN_HUMAN.H11MO.0.A","len":11,"ltrim":1,"rtrim":1,"nsites":500,"evalue":"1.0e+000","url":"http://hocomoco.autosome.ru/motif/JUN_HUMAN.H11MO.0.A","pwm":[[0.232002,0.144022,0.40397,0.220005],[0.497949,0.162019,0.30799,0.0320425],[0.0160457,0.00405033,0.0180475,0.961856],[0.0240441,0.0140483,0.921867,0.0400409],[0.977853,0.00405033,0.00604993,0.0120465],[4.88502e-05,5.11298e-05,0.947862,0.0520385],[0.00604765,0.0240463,0.00804953,0.961856],[0.0240441,0.95586,0.0160479,0.00404805],[0.975854,0.00405033,0.00804953,0.0120465],[0.0180453,0.35798,0.118028,0.505948],[0.255998,0.377976,0.122027,0.244]]},{"db":2,"id":"KLF4_HUMAN.H11MO.0.A","len":10,"ltrim":0,"rtrim":0,"nsites":500,"evalue":"1.0e+000","url":"http://hocomoco.autosome.ru/motif/KLF4_HUMAN.H11MO.0.A","pwm":[[0.419965,0.0200471,0.20401,0.355978],[0.00804725,5.11298e-05,0.987854,0.00404805],[0.00204845,5.11298e-05,0.991853,0.00604765],[0.0120465,0.00405033,0.977856,0.00604765],[0.0260437,0.443962,0.00405033,0.525944],[0.00404805,0.00405033,0.991853,4.88502e-05],[0.00404805,0.00405033,0.437964,0.553938],[0.0500389,0.0160479,0.885874,0.0480393],[0.0140461,0.0380435,0.881875,0.0660357],[0.0540381,0.627926,0.0680375,0.249999]]},{"db":2,"id":"LHX2_HUMAN.H11MO.0.A","len":12,"ltrim":2,"rtrim":3,"nsites":430,"evalue":"1.0e+000","url":"http://hocomoco.autosome.ru/motif/LHX2_HUMAN.H11MO.0.A","pwm":[[0.132584,0.176763,0.237214,0.45344],[0.0930584,0.262789,0.31859,0.325562],[0.111659,0.432517,0.0163347,0.439489],[0.0279573,0.0116847,5.94513e-05,0.960299],[0.774295,0.176763,0.0395851,0.00935696],[0.957974,0.0279599,0.00238449,0.011682],[5.68007e-05,0.0209848,0.0209848,0.957974],[0.00935696,0.0140097,0.237214,0.73942],[0.578992,0.00703457,0.353466,0.0605079],[0.17211,0.225588,0.492968,0.109334],[0.17676,0.241864,0.125612,0.455765],[0.0884083,0.213963,0.241864,0.455765]]},{"db":2,"id":"MAF_HUMAN.H11MO.0.A","len":19,"ltrim":2,"rtrim":2,"nsites":500,"evalue":"1.0e+000","url":"http://hocomoco.autosome.ru/motif/MAF_HUMAN.H11MO.0.A","pwm":[[0.305988,0.236004,0.333984,0.124024],[0.469955,0.142023,0.202011,0.186012],[0.587931,0.0840343,0.0780355,0.249999],[0.39197,0.0880335,0.118028,0.401968],[0.154018,0.311989,0.269997,0.263996],[0.110027,0.0400431,0.0260459,0.823884],[0.0180453,0.0140483,0.959859,0.00804725],[0.124024,0.85588,0.00604993,0.0140461],[0.0640361,0.00604993,0.0120487,0.917865],[0.0180453,0.00604993,0.901871,0.0740341],[0.881872,0.0240463,0.0680375,0.0260437],[0.102028,0.445962,0.327986,0.124024],[0.238001,0.118028,0.15402,0.489951],[0.242,0.411969,0.120027,0.226004],[0.473954,0.112029,0.15402,0.259997],[0.19401,0.0720367,0.575936,0.158017],[0.160017,0.511949,0.218008,0.110027],[0.461956,0.236004,0.146022,0.156018],[0.401968,0.152021,0.234004,0.212006]]},{"db":2,"id":"MAZ_HUMAN.H11MO.0.A","len":22,"ltrim":1,"rtrim":0,"nsites":500,"evalue":"1.0e+000","url":"http://hocomoco.autosome.ru/motif/MAZ_HUMAN.H11MO.0.A","pwm":[[0.216006,0.144022,0.50395,0.136022],[0.283992,0.0240463,0.651921,0.0400409],[0.301988,0.0120487,0.673916,0.0120465],[0.0820325,0.0180475,0.865878,0.0340421],[0.0520385,0.112029,0.825886,0.0100469],[0.647919,0.0880335,0.0260459,0.238001],[0.0540381,0.0100491,0.90587,0.0300429],[0.114026,0.0200471,0.851881,0.0140461],[0.265996,0.0340443,0.665918,0.0340421],[0.271994,0.00804953,0.679915,0.0400409],[0.114026,0.202011,0.65592,0.0280433],[0.317985,0.134024,0.331985,0.216006],[0.174014,0.0400431,0.697912,0.0880313],[0.333982,0.0540403,0.55394,0.0580373],[0.190011,0.120027,0.647922,0.0420405],[0.365976,0.0780355,0.511949,0.0440401],[0.299989,0.0720367,0.569937,0.0580373],[0.329983,0.134024,0.45596,0.0800329],[0.259997,0.0620387,0.55594,0.122024],[0.273994,0.20401,0.445962,0.0760337],[0.355978,0.10603,0.429965,0.108027],[0.273994,0.0980315,0.561939,0.0660357]]},{"db":2,"id":"MEF2A_HUMAN.H11MO.0.A","len":13,"ltrim":1,"rtrim":1,"nsites":500,"evalue":"1.0e+000","url":"http://hocomoco.autosome.ru/motif/MEF2A_HUMAN.H11MO.0.A","pwm":[[0.273994,0.0780355,0.244002,0.403968],[0.128023,0.0800351,0.387974,0.403968],[0.0280433,0.723906,0.0500411,0.198009],[0.00204845,0.0560399,5.11298e-05,0.94186],[0.927863,0.00604993,0.00804953,0.0580373],[0.0640361,0.00205073,0.00804953,0.925864],[0.102028,0.00205073,0.00405033,0.89187],[0.0140461,0.0480415,0.0100491,0.927863],[0.134022,0.0820347,0.0120487,0.771894],[0.140021,0.0360439,0.116028,0.707907],[0.549939,0.00205073,0.435964,0.0120465],[0.160017,0.0380435,0.65792,0.14402],[0.359977,0.383974,0.10403,0.152018]]},{"db":2,"id":"MEF2B_HUMAN.H11MO.0.A","len":14,"ltrim":2,"rtrim":0,"nsites":500,"evalue":"1.0e+000","url":"http://hocomoco.autosome.ru/motif/MEF2B_HUMAN.H11MO.0.A","pwm":[[0.253998,0.118028,0.413968,0.214006],[0.19401,0.110029,0.252001,0.44396],[0.204008,0.0360439,0.271997,0.487951],[0.168015,0.10403,0.373976,0.353978],[0.0480393,0.771897,0.0400431,0.140021],[0.00204845,0.0880335,0.00205073,0.907867],[0.861876,0.0260459,0.0320447,0.0800329],[0.106028,0.0200471,0.00604993,0.867875],[0.0760337,0.00604993,0.00405033,0.913866],[0.0360417,0.0480415,0.0140483,0.901868],[0.134022,0.118028,0.0480415,0.699909],[0.170015,0.0560399,0.140023,0.633922],[0.471954,5.11298e-05,0.487954,0.0400409],[0.122024,0.0520407,0.695912,0.130023]]},{"db":2,"id":"MEF2C_HUMAN.H11MO.0.A","len":13,"ltrim":1,"rtrim":1,"nsites":500,"evalue":"1.0e+000","url":"http://hocomoco.autosome.ru/motif/MEF2C_HUMAN.H11MO.0.A","pwm":[[0.297989,0.0740363,0.283994,0.34398],[0.104028,0.0920327,0.419967,0.383972],[0.0300429,0.691913,0.0460419,0.232002],[0.00204845,0.0620387,5.11298e-05,0.935862],[0.947859,0.0160479,0.00604993,0.0300429],[0.0600369,0.00604993,0.00205073,0.931862],[0.0800329,0.0120487,0.00604993,0.901868],[0.0240441,0.0380435,0.0100491,0.927863],[0.148019,0.0900331,0.0220467,0.739901],[0.138021,0.0420427,0.122027,0.697909],[0.565936,0.00405033,0.421967,0.00804725],[0.154018,0.0720367,0.633924,0.140021],[0.359977,0.363978,0.102031,0.174014]]},{"db":2,"id":"MEF2D_HUMAN.H11MO.0.A","len":12,"ltrim":1,"rtrim":0,"nsites":500,"evalue":"1.0e+000","url":"http://hocomoco.autosome.ru/motif/MEF2D_HUMAN.H11MO.0.A","pwm":[[0.311986,0.0560399,0.301991,0.329983],[0.0680353,0.0640383,0.499951,0.367975],[0.0240441,0.7579,0.0600391,0.158017],[0.00204845,0.0200471,0.00604993,0.971854],[0.969855,0.00205073,0.00205073,0.0260437],[0.0540381,0.00604993,0.00405033,0.935862],[0.0800329,0.0120487,0.00804953,0.899869],[0.0940301,0.0400431,0.00604993,0.859877],[0.297989,0.0860339,0.0120487,0.603928],[0.0860317,0.0140483,0.0540403,0.84588],[0.753898,5.11298e-05,0.236004,0.0100469],[0.0940301,0.0320447,0.785894,0.0880313]]},{"db":2,"id":"MITF_HUMAN.H11MO.0.A","len":10,"ltrim":0,"rtrim":0,"nsites":500,"evalue":"1.0e+000","url":"http://hocomoco.autosome.ru/motif/MITF_HUMAN.H11MO.0.A","pwm":[[0.0540381,0.238004,0.114028,0.59393],[4.88502e-05,0.997852,0.00205073,4.88502e-05],[0.879873,0.0260459,0.0120487,0.0820325],[4.88502e-05,0.729905,0.0160479,0.253998],[0.00404805,0.0180475,0.977856,4.88502e-05],[0.00404805,5.11298e-05,0.0120487,0.983852],[4.88502e-05,0.00604993,0.993852,4.88502e-05],[0.889871,0.0380435,0.0560399,0.0160457],[4.88502e-05,0.765898,0.0460419,0.188011],[0.14402,0.523946,0.0720367,0.259997]]},{"db":2,"id":"MZF1_HUMAN.H11MO.0.B","len":13,"ltrim":1,"rtrim":1,"nsites":500,"evalue":"1.0e+000","url":"http://hocomoco.autosome.ru/motif/MZF1_HUMAN.H11MO.0.B","pwm":[[0.365976,0.134024,0.377976,0.122024],[0.34398,0.110029,0.463958,0.0820325],[0.44596,0.0360439,0.246002,0.271994],[0.383972,5.11298e-05,0.609929,0.00604765],[0.0120465,0.00405033,0.85388,0.130023],[0.0220445,5.11298e-05,0.973856,0.00404805],[0.00604765,0.00604993,0.983854,0.00404805],[0.987851,0.00405033,0.00405033,0.00404805],[0.405968,0.0100491,0.10603,0.477953],[0.0520385,0.144022,0.259999,0.54394],[0.184012,0.140023,0.375976,0.299989],[0.29199,0.114028,0.477956,0.116026],[0.347979,0.172017,0.359979,0.120025]]},{"db":2,"id":"NFYB_HUMAN.H11MO.0.A","len":13,"ltrim":1,"rtrim":1,"nsites":1148,"evalue":"1.0e+000","url":"http://hocomoco.autosome.ru/motif/NFYB_HUMAN.H11MO.0.A","pwm":[[0.125909,0.462369,0.160607,0.251115],[0.574778,0.0397385,0.358957,0.0265266],[0.296024,0.0467864,0.569414,0.087776],[0.000717652,0.993277,0.0048125,0.00119251],[0.0012023,0.991518,0.00596333,0.00131673],[0.993037,0.00639854,2.22716e-05,0.000542641],[0.98865,0.00818523,0.00306722,9.77695e-05],[0.00387403,0.00462825,0.00591451,0.985583],[0.051939,0.571879,0.334876,0.0413053],[0.64617,0.0457623,0.296371,0.0116964],[0.121653,0.169222,0.658034,0.0510902],[0.447774,0.294587,0.202673,0.0549661],[0.311886,0.106436,0.44413,0.137547]]},{"db":2,"id":"NKX21_HUMAN.H11MO.0.A","len":10,"ltrim":1,"rtrim":1,"nsites":500,"evalue":"1.0e+000","url":"http://hocomoco.autosome.ru/motif/NKX21_HUMAN.H11MO.0.A","pwm":[[0.0660357,0.421967,0.226006,0.285992],[0.132022,0.0920327,0.0240463,0.751898],[0.0760337,0.0220467,0.333984,0.567935],[0.0340421,0.00604993,0.95786,0.00204845],[0.99585,0.00205073,5.11298e-05,0.00204845],[0.0100469,0.00804953,0.981855,4.88502e-05],[0.281992,0.00205073,0.10403,0.611926],[0.108027,0.00205073,0.877876,0.0120465],[0.0320425,0.325986,0.443962,0.198009],[0.158017,0.347982,0.15602,0.337981]]},{"db":2,"id":"NKX31_HUMAN.H11MO.0.C","len":12,"ltrim":1,"rtrim":1,"nsites":500,"evalue":"1.0e+000","url":"http://hocomoco.autosome.ru/motif/NKX31_HUMAN.H11MO.0.C","pwm":[[0.190011,0.196012,0.321987,0.29199],[0.0860317,0.252001,0.0980315,0.563936],[0.251998,0.10803,0.152021,0.487951],[0.759897,0.0540403,0.172017,0.0140461],[0.959857,0.00205073,0.0200471,0.0180453],[0.00404805,0.00405033,0.985854,0.00604765],[0.0880313,0.00205073,0.0180475,0.89187],[0.170015,0.0140483,0.80389,0.0120465],[0.0180453,0.451961,0.265998,0.263996],[0.14202,0.256,0.0380435,0.563936],[0.156018,0.0860339,0.10603,0.651918],[0.279993,0.0840343,0.295992,0.339981]]},{"db":2,"id":"NR2E3_HUMAN.H11MO.0.C","len":14,"ltrim":1,"rtrim":0,"nsites":23,"evalue":"1.0e+000","url":"http://hocomoco.autosome.ru/motif/NR2E3_HUMAN.H11MO.0.C","pwm":[[0.500281,0.155177,0.189415,0.155127],[0.82554,0.0695824,0.0695824,0.0352953],[0.782974,0.0353447,0.146386,0.0352953],[0.0695331,0.0695824,0.722876,0.138009],[0.0695331,0.00110693,0.10382,0.82554],[0.0695331,0.894065,0.0353447,0.00105758],[0.928253,0.00110693,0.0353447,0.0352953],[0.791302,0.138058,0.0695824,0.00105758],[0.962491,0.00110693,0.00110693,0.0352953],[0.817212,0.00110693,0.146386,0.0352953],[0.24905,0.0695824,0.611834,0.0695331],[0.0352953,0.0695824,0.206533,0.688589],[0.138009,0.688638,0.10382,0.0695331],[0.731386,0.146617,0.0781419,0.0438548]]},{"db":2,"id":"OTX2_HUMAN.H11MO.0.A","len":11,"ltrim":1,"rtrim":1,"nsites":500,"evalue":"1.0e+000","url":"http://hocomoco.autosome.ru/motif/OTX2_HUMAN.H11MO.0.A","pwm":[[0.44396,0.140023,0.256,0.160017],[0.379973,0.0600391,0.417968,0.14202],[0.333982,0.0820347,0.527946,0.0560377],[0.210007,0.00205073,0.771897,0.0160457],[0.0320425,0.0400431,0.923866,0.00404805],[0.835882,0.152021,0.00405033,0.00804725],[0.00204845,0.00604993,0.00405033,0.987851],[0.0140461,0.0200471,0.00804953,0.957857],[0.883872,0.00405033,0.0220467,0.0900309],[0.427963,0.0500411,0.401971,0.120025],[0.208007,0.35798,0.35598,0.0780333]]},{"db":2,"id":"PATZ1_HUMAN.H11MO.0.C","len":22,"ltrim":0,"rtrim":1,"nsites":491,"evalue":"1.0e+000","url":"http://hocomoco.autosome.ru/motif/PATZ1_HUMAN.H11MO.0.C","pwm":[[0.234218,0.0916831,0.560019,0.114079],[0.136478,0.0265233,0.639433,0.197566],[0.142587,0.0835381,0.682194,0.0916808],[0.0407746,0.0855744,0.841021,0.0326297],[0.458205,0.287163,0.13648,0.118152],[0.244399,0.0611394,0.623143,0.0713183],[0.142587,0.0305957,0.706629,0.120188],[0.215892,0.0652119,0.692375,0.0265209],[0.126297,0.016342,0.84713,0.010231],[0.211819,0.118154,0.614998,0.0550284],[0.41748,0.557983,0.00819705,0.0163397],[0.0794633,0.0285595,0.553911,0.338066],[0.0285572,0.142589,0.76568,0.0631733],[0.160913,0.160915,0.606853,0.0713183],[0.327885,0.0631757,0.578346,0.0305934],[0.291233,0.191459,0.49486,0.0224484],[0.240327,0.240329,0.34825,0.171094],[0.158877,0.0753931,0.576309,0.189421],[0.128333,0.0570669,0.773825,0.0407746],[0.413408,0.21793,0.313634,0.0550284],[0.317704,0.0143058,0.623143,0.0448471],[0.138514,0.203677,0.488751,0.169058]]},{"db":2,"id":"PAX5_HUMAN.H11MO.0.A","len":21,"ltrim":0,"rtrim":0,"nsites":202,"evalue":"1.0e+000","url":"http://hocomoco.autosome.ru/motif/PAX5_HUMAN.H11MO.0.A","pwm":[[0.133718,0.282165,0.504827,0.0792896],[0.12877,0.499879,0.188152,0.183199],[0.148562,0.415762,0.331646,0.10403],[0.202991,0.054555,0.257425,0.485029],[0.198043,0.0446589,0.752229,0.00506893],[0.158458,0.138672,0.539463,0.163406],[0.0248611,0.11888,0.62358,0.232679],[0.0347572,0.875931,0.0595031,0.0298092],[0.781912,0.0347628,0.163412,0.0199131],[0.386068,0.113932,0.465243,0.0347572],[0.0347572,0.732437,0.128776,0.10403],[0.410809,0.267321,0.277217,0.0446533],[0.311848,0.0199187,0.618632,0.0496013],[0.682951,0.0397109,0.163412,0.113926],[0.0347572,0.163412,0.772022,0.0298092],[0.010017,0.781918,0.0446589,0.163406],[0.217835,0.0347628,0.717593,0.0298092],[0.321744,0.0298148,0.158464,0.489977],[0.173302,0.0298148,0.791814,0.00506893],[0.8116,0.0347628,0.104035,0.0496013],[0.118874,0.80171,0.0298148,0.0496013]]},{"db":2,"id":"PAX6_HUMAN.H11MO.0.C","len":12,"ltrim":0,"rtrim":0,"nsites":500,"evalue":"1.0e+000","url":"http://hocomoco.autosome.ru/motif/PAX6_HUMAN.H11MO.0.C","pwm":[[0.124024,0.0320447,0.0740363,0.769895],[0.0220445,0.341983,0.0380435,0.597929],[0.415966,0.467958,0.0500411,0.0660357],[0.0440401,0.565938,0.0400431,0.349979],[0.285992,0.0700371,0.60593,0.0380413],[0.0100469,0.80389,0.166018,0.0200449],[0.257997,0.136024,0.0180475,0.587931],[0.0280433,0.0760359,0.0180475,0.877873],[0.0140461,0.40797,0.567938,0.0100469],[0.709907,0.0160479,0.236004,0.0380413],[0.14602,0.35798,0.287994,0.208007],[0.0660357,0.0940323,0.0320447,0.807887]]},{"db":2,"id":"PRRX2_HUMAN.H11MO.0.C","len":7,"ltrim":1,"rtrim":0,"nsites":59,"evalue":"1.0e+000","url":"http://hocomoco.autosome.ru/motif/PRRX2_HUMAN.H11MO.0.C","pwm":[[0.173848,0.309231,0.0723447,0.444576],[0.000413367,0.000432656,0.000432656,0.998721],[0.998721,0.000432656,0.000432656,0.000413367],[0.981801,0.000432656,0.0173531,0.000413367],[0.0173338,0.0173531,0.000432656,0.96488],[0.000413367,0.0511941,0.0511941,0.897198],[0.457266,0.0173531,0.491126,0.0342543]]},{"db":2,"id":"RFX5_HUMAN.H11MO.0.A","len":20,"ltrim":2,"rtrim":0,"nsites":500,"evalue":"1.0e+000","url":"http://hocomoco.autosome.ru/motif/RFX5_HUMAN.H11MO.0.A","pwm":[[0.190011,0.218008,0.477956,0.114026],[0.128023,0.160019,0.230005,0.481952],[0.132022,0.533944,0.184014,0.150019],[0.489951,0.210009,0.196012,0.104028],[0.0900309,0.333984,0.349981,0.226004],[0.0800329,0.573936,0.114028,0.232002],[0.255998,0.0680375,0.210009,0.465956],[0.0200449,0.0120487,0.959859,0.00804725],[0.0100469,0.0800351,0.0540403,0.855878],[0.0900309,0.134024,0.0160479,0.759897],[0.150019,0.0440423,0.693912,0.112026],[0.0240441,0.90587,0.00804953,0.0620365],[0.0160457,0.433964,0.0200471,0.529943],[0.625924,0.0160479,0.333984,0.0240441],[0.128023,0.0360439,0.645922,0.190011],[0.0500389,0.0560399,0.869877,0.0240441],[0.14202,0.393972,0.313988,0.150019],[0.531942,0.15602,0.210009,0.102028],[0.307987,0.10803,0.519947,0.0640361],[0.549939,0.148022,0.220007,0.0820325]]},{"db":2,"id":"SMAD2_HUMAN.H11MO.0.A","len":12,"ltrim":0,"rtrim":0,"nsites":500,"evalue":"1.0e+000","url":"http://hocomoco.autosome.ru/motif/SMAD2_HUMAN.H11MO.0.A","pwm":[[0.214006,0.0740363,0.0480415,0.663916],[0.0440401,0.0740363,0.85388,0.0280433],[0.0520385,0.120027,0.146022,0.681912],[0.00404805,0.965858,0.00804953,0.0220445],[0.0200449,0.0200471,5.11298e-05,0.959857],[0.122024,0.216008,0.60393,0.0580373],[0.162016,0.267998,0.250001,0.319985],[0.0320425,0.899871,0.0280455,0.0400409],[0.535942,0.118028,0.0540403,0.29199],[0.0480393,0.80389,0.110029,0.0380413],[0.160017,0.60393,0.00804953,0.228003],[0.0920305,0.261999,0.10803,0.537941]]},{"db":2,"id":"SMAD4_HUMAN.H11MO.0.B","len":13,"ltrim":1,"rtrim":0,"nsites":497,"evalue":"1.0e+000","url":"http://hocomoco.autosome.ru/motif/SMAD4_HUMAN.H11MO.0.B","pwm":[[0.219321,0.448653,0.20323,0.128796],[0.307834,0.100635,0.0523548,0.539176],[0.0181542,0.0101098,0.945535,0.0262008],[0.0463175,0.0463198,0.177078,0.730285],[0.00206081,0.981745,0.00809811,0.00809582],[0.00206081,0.00608644,0.00206311,0.98979],[0.144889,0.211277,0.597517,0.0463175],[0.193169,0.146903,0.370198,0.289729],[0.0282125,0.9395,0.0161448,0.0161425],[0.71218,0.0523548,0.0925882,0.142878],[0.0523525,0.696088,0.189148,0.0624108],[0.134831,0.573377,0.0644248,0.227368],[0.136843,0.209265,0.0945998,0.559293]]},{"db":2,"id":"SMCA5_HUMAN.H11MO.0.C","len":15,"ltrim":0,"rtrim":0,"nsites":404,"evalue":"1.0e+000","url":"http://hocomoco.autosome.ru/motif/SMCA5_HUMAN.H11MO.0.C","pwm":[[0.03718,0.0297589,0.90578,0.0272814],[0.735027,0.123795,0.106473,0.0347053],[0.509835,0.245052,0.205458,0.0396546],[0.108944,0.0569799,0.136168,0.697908],[0.133691,0.297019,0.334139,0.235151],[0.0866727,0.116371,0.786997,0.009959],[0.836487,0.0322335,0.0743023,0.0569771],[0.868657,0.0347082,0.0842009,0.0124336],[0.123792,0.049556,0.111422,0.71523],[0.116368,0.00996182,0.861236,0.0124336],[0.0248068,0.309393,0.650892,0.0149083],[0.893404,0.0124365,0.0396574,0.0545024],[0.593973,0.1732