<!DOCTYPE HTML>
<html>
  <head>
    <meta charset="UTF-8">
    <title>SpaMo - Spaced Motif Analysis</title>
    <script type="text/javascript">
      //@JSON_VAR data
      var data = {"program":"SpaMo","version":"4.11.3","revision":"c13e15f35e38483381a6e8a363f9137e303c0765","release":"Sat Mar 11 20:16:08 2017 -0800","host":"uger-c011.broadinstitute.org","when":"Sun Feb 28 17:45:28 2021","cmd":["spamo","-verbosity","1","-oc","/broad/sankaranlab/fyu/HemeMap/02262021-downMast_re-analysis/motif_denovo/all_mast0035_interactions_10x_hocomoco_meme-chip/spamo_out_23","-bgfile","/broad/sankaranlab/fyu/HemeMap/02262021-downMast_re-analysis/motif_denovo/all_mast0035_interactions_10x_hocomoco_meme-chip/background","-primary","NFYB_HUMAN.H11MO.0.A","/broad/sankaranlab/fyu/HemeMap/02262021-downMast_re-analysis/motif_denovo/all_mast0035_interactions_10x_hocomoco_meme-chip/20210227-deg_interactions_peaks_all_mast0035_fa_1based.fa","/broad/sankaranlab/fyu/motif_data/HOCOMOCOv11_core_HUMAN_mono_meme_format.meme","/broad/sankaranlab/fyu/HemeMap/02262021-downMast_re-analysis/motif_denovo/all_mast0035_interactions_10x_hocomoco_meme-chip/meme_out/meme.xml","/broad/sankaranlab/fyu/HemeMap/02262021-downMast_re-analysis/motif_denovo/all_mast0035_interactions_10x_hocomoco_meme-chip/dreme_out/dreme.xml","/broad/sankaranlab/fyu/motif_data/HOCOMOCOv11_core_HUMAN_mono_meme_format.meme"],"options":{"seq_min_hit_score":7,"margin":150,"bin_size":1,"bin_pvalue_calc_range":150,"use_best_secondary":0,"seq_max_shared_fract":0.5,"seq_odds_ratio":20,"bin_pvalue_cutoff":0.05,"motif_evalue_cutoff":10,"redundant_overlap":2,"redundant_joint":0.5,"motif_pseudocount":0.1,"bgfile":"/broad/sankaranlab/fyu/HemeMap/02262021-downMast_re-analysis/motif_denovo/all_mast0035_interactions_10x_hocomoco_meme-chip/background","motif_trim":0.25,"xalph":0,"seed":1,"bin_max":34},"alphabet":{"name":"DNA","like":"dna","ncore":4,"symbols":[{"symbol":"A","name":"Adenine","colour":"CC0000","complement":"T"},{"symbol":"C","name":"Cytosine","colour":"0000CC","complement":"G"},{"symbol":"G","name":"Guanine","colour":"FFB300","complement":"C"},{"symbol":"T","aliases":"U","name":"Thymine","colour":"008000","complement":"A"},{"symbol":"N","aliases":"X.","name":"Any base","equals":"ACGT"},{"symbol":"V","name":"Not T","equals":"ACG"},{"symbol":"H","name":"Not G","equals":"ACT"},{"symbol":"D","name":"Not C","equals":"AGT"},{"symbol":"B","name":"Not A","equals":"CGT"},{"symbol":"M","name":"Amino","equals":"AC"},{"symbol":"R","name":"Purine","equals":"AG"},{"symbol":"W","name":"Weak","equals":"AT"},{"symbol":"S","name":"Strong","equals":"CG"},{"symbol":"Y","name":"Pyrimidine","equals":"CT"},{"symbol":"K","name":"Keto","equals":"GT"}]},"background":[0.2443,0.2557,0.2557,0.2443],"sequence_dbs":[{"source":"/broad/sankaranlab/fyu/HemeMap/02262021-downMast_re-analysis/motif_denovo/all_mast0035_interactions_10x_hocomoco_meme-chip/20210227-deg_interactions_peaks_all_mast0035_fa_1based.fa","name":"20210227-deg_interactions_peaks_all_mast0035_fa_1based","last_modified":"Sun Feb 28 14:32:25 2021","loaded":13184,"excluded_too_short":0,"excluded_no_match":11320,"excluded_ambigs":0,"excluded_similar":28,"erased_primary_matches":663}],"primary_dbs":[{"source":"/broad/sankaranlab/fyu/motif_data/HOCOMOCOv11_core_HUMAN_mono_meme_format.meme","name":"HOCOMOCOv11_core_HUMAN_mono_meme_format","last_modified":"Sat Jun 23 07:43:00 2018","loaded":400,"excluded":399}],"secondary_dbs":[{"source":"/broad/sankaranlab/fyu/HemeMap/02262021-downMast_re-analysis/motif_denovo/all_mast0035_interactions_10x_hocomoco_meme-chip/meme_out/meme.xml","name":"meme.xml","last_modified":"Sun Feb 28 15:22:49 2021","loaded":10,"excluded":0},{"source":"/broad/sankaranlab/fyu/HemeMap/02262021-downMast_re-analysis/motif_denovo/all_mast0035_interactions_10x_hocomoco_meme-chip/dreme_out/dreme.xml","name":"dreme.xml","last_modified":"Sun Feb 28 15:41:49 2021","loaded":10,"excluded":0},{"source":"/broad/sankaranlab/fyu/motif_data/HOCOMOCOv11_core_HUMAN_mono_meme_format.meme","name":"HOCOMOCOv11_core_HUMAN_mono_meme_format","last_modified":"Sat Jun 23 07:43:00 2018","loaded":401,"excluded":1}],"secondary_motifs":[{"db":0,"id":"2","alt":"MEME","len":21,"ltrim":0,"rtrim":0,"nsites":89,"evalue":"4.0e-035","pwm":[[0.000274186,0.505338,0.494114,0.000274186],[0.000274186,0.651241,0.348211,0.000274186],[0.134954,0.640017,0.14619,0.0788379],[0.000274186,0.516561,0.393104,0.0900613],[0.022721,0.696134,0.280871,0.000274186],[0.0451677,0.168637,0.640017,0.146177],[0.112508,0.864485,0.0227338,0.000274186],[0.000274186,0.21353,0.426774,0.359422],[0.000274186,0.875707,0.123744,0.000274186],[0.000274186,0.617571,0.38188,0.000274186],[0.0788379,0.539008,0.359434,0.022721],[0.0676145,0.527784,0.202307,0.202294],[0.000274186,0.393104,0.460444,0.146177],[0.0676145,0.539008,0.359434,0.0339444],[0.000274186,0.797145,0.14619,0.0563911],[0.022721,0.437997,0.303317,0.235964],[0.000274186,0.572678,0.359434,0.0676145],[0.112508,0.460444,0.348211,0.0788379],[0.000274186,0.550231,0.336988,0.112508],[0.0676145,0.673687,0.258424,0.000274186],[0.134954,0.539008,0.258424,0.0676145]]},{"db":0,"id":"8","alt":"MEME","len":11,"ltrim":0,"rtrim":0,"nsites":70,"evalue":"8.2e-001","pwm":[[0.157267,0.000364765,0.842019,0.000348502],[0.143002,0.000364765,0.699366,0.157267],[0.0146141,0.328467,0.65657,0.000348502],[0.685084,0.000364765,0.0859565,0.228593],[0.285655,0.000364765,0.713632,0.000348502],[0.000348502,0.000364765,0.998938,0.000348502],[0.0431444,0.242875,0.713632,0.000348502],[0.371248,0.000364765,0.000364765,0.628023],[0.000348502,0.000364765,0.998938,0.000348502],[0.328451,0.000364765,0.670836,0.000348502],[0.157267,0.028895,0.813489,0.000348502]]},{"db":2,"id":"ATF1_HUMAN.H11MO.0.B","len":11,"ltrim":2,"rtrim":0,"nsites":500,"evalue":"1.0e+000","url":"http://hocomoco.autosome.ru/motif/ATF1_HUMAN.H11MO.0.B","pwm":[[0.287991,0.359979,0.15802,0.19401],[0.357977,0.114028,0.361979,0.166016],[0.351978,0.10603,0.509949,0.0320425],[0.0180453,0.00604993,0.0320447,0.94386],[0.0200449,0.0100491,0.951861,0.0180453],[0.94586,0.0100491,0.0160479,0.0280433],[0.0320425,0.829885,0.0540403,0.0840321],[0.0240441,0.0160479,0.875876,0.0840321],[0.0780333,0.317988,0.0160479,0.587931],[0.287991,0.465958,0.144022,0.102028],[0.535942,0.114028,0.186014,0.164016]]},{"db":2,"id":"ATF2_HUMAN.H11MO.0.B","len":11,"ltrim":0,"rtrim":0,"nsites":500,"evalue":"1.0e+000","url":"http://hocomoco.autosome.ru/motif/ATF2_HUMAN.H11MO.0.B","pwm":[[0.315986,0.0880335,0.463958,0.132022],[0.423964,0.166018,0.383974,0.0260437],[0.0200449,0.0240463,0.0120487,0.94386],[0.0160457,0.0140483,0.939863,0.0300429],[0.903868,0.0120487,0.0140483,0.0700349],[0.0340421,0.361979,0.248002,0.355978],[0.00204845,0.0420427,0.933864,0.0220445],[0.126024,0.0720367,0.0260459,0.775894],[0.158017,0.775896,0.0360439,0.0300429],[0.875874,0.0180475,0.0640383,0.0420405],[0.0620365,0.254,0.184014,0.499949]]},{"db":2,"id":"ATF3_HUMAN.H11MO.0.A","len":11,"ltrim":0,"rtrim":1,"nsites":500,"evalue":"1.0e+000","url":"http://hocomoco.autosome.ru/motif/ATF3_HUMAN.H11MO.0.A","pwm":[[0.222004,0.0900331,0.579935,0.108027],[0.255998,0.0280455,0.709909,0.00604765],[0.0180453,0.0420427,0.00804953,0.931862],[0.0100469,0.477956,0.50795,0.00404805],[0.939861,0.0240463,0.00405033,0.0320425],[0.00204845,0.813888,0.0420427,0.14202],[0.0380413,0.0180475,0.925866,0.0180453],[0.0280433,0.224006,0.00804953,0.739901],[0.265996,0.164018,0.535944,0.0340421],[0.575934,0.10403,0.252001,0.0680353],[0.0940301,0.295992,0.275996,0.333982]]},{"db":2,"id":"BHE40_HUMAN.H11MO.0.A","len":10,"ltrim":1,"rtrim":0,"nsites":500,"evalue":"1.0e+000","url":"http://hocomoco.autosome.ru/motif/BHE40_HUMAN.H11MO.0.A","pwm":[[0.34598,0.0840343,0.369977,0.200009],[0.170015,0.0140483,0.627926,0.188011],[0.0980293,0.897872,0.00205073,0.00204845],[0.94386,0.0120487,0.0160479,0.0280433],[0.00804725,0.929865,0.0160479,0.0460397],[0.0520385,0.0420427,0.899871,0.00604765],[0.0460397,0.0140483,0.0460419,0.89387],[0.00204845,5.11298e-05,0.997852,4.88502e-05],[0.583932,0.234004,0.116028,0.0660357],[0.0920305,0.45796,0.379975,0.0700349]]},{"db":2,"id":"BMAL1_HUMAN.H11MO.0.A","len":11,"ltrim":1,"rtrim":1,"nsites":410,"evalue":"1.0e+000","url":"http://hocomoco.autosome.ru/motif/BMAL1_HUMAN.H11MO.0.A","pwm":[[0.160996,0.160999,0.370704,0.307302],[0.173188,0.521886,0.292674,0.0122517],[0.0658972,0.926666,0.00250078,0.00493643],[0.897402,0.0122545,0.0342004,0.0561435],[0.0244439,0.731591,0.0342004,0.209765],[0.00737486,0.0220082,0.95105,0.019567],[0.0146901,6.23506e-05,0.0122545,0.972993],[5.95708e-05,0.00493921,0.975434,0.019567],[0.453607,0.265851,0.0268851,0.253656],[0.0512666,0.492625,0.292674,0.163434],[0.13905,0.319497,0.14393,0.397524]]},{"db":2,"id":"CLOCK_HUMAN.H11MO.0.C","len":14,"ltrim":0,"rtrim":0,"nsites":252,"evalue":"1.0e+000","url":"http://hocomoco.autosome.ru/motif/CLOCK_HUMAN.H11MO.0.C","pwm":[[0.158764,0.59907,0.178602,0.0635638],[0.424532,0.115135,0.190502,0.269831],[0.202398,0.146869,0.511803,0.138931],[0.337265,0.321402,0.166702,0.174631],[0.0952972,0.848971,0.0437349,0.0119969],[0.8093,0.0635683,0.0437349,0.0833972],[0.154797,0.607003,0.127035,0.111164],[0.253964,0.0556349,0.642704,0.0476971],[0.0952972,0.119102,0.0437349,0.741866],[0.0873639,0.0239015,0.860871,0.0278637],[0.400732,0.313469,0.178602,0.107197],[0.368998,0.242069,0.281736,0.107197],[0.222231,0.388836,0.289669,0.0992639],[0.491965,0.297602,0.0239015,0.186531]]},{"db":2,"id":"CREB1_HUMAN.H11MO.0.A","len":11,"ltrim":2,"rtrim":0,"nsites":500,"evalue":"1.0e+000","url":"http://hocomoco.autosome.ru/motif/CREB1_HUMAN.H11MO.0.A","pwm":[[0.281992,0.285994,0.152021,0.279993],[0.34598,0.0960319,0.425966,0.132022],[0.509947,0.0420427,0.435964,0.0120465],[0.00404805,0.0240463,0.0100491,0.961856],[0.00804725,0.00604993,0.977856,0.00804725],[0.969855,5.11298e-05,0.0220467,0.00804725],[0.0100469,0.865878,0.0280455,0.0960297],[0.0180453,0.0120487,0.895872,0.0740341],[0.0800329,0.267998,0.0120487,0.639921],[0.313986,0.50395,0.0820347,0.100029],[0.621924,0.122027,0.116028,0.140021]]},{"db":2,"id":"ELK1_HUMAN.H11MO.0.B","len":11,"ltrim":0,"rtrim":1,"nsites":500,"evalue":"1.0e+000","url":"http://hocomoco.autosome.ru/motif/ELK1_HUMAN.H11MO.0.B","pwm":[[0.503948,0.130025,0.261999,0.104028],[0.120025,0.783894,0.0900331,0.00604765],[0.124024,0.839883,0.00205073,0.0340421],[0.00804725,0.00405033,0.985854,0.00204845],[0.00604765,0.00205073,0.991853,4.88502e-05],[0.997849,0.00205073,5.11298e-05,4.88502e-05],[0.985852,5.11298e-05,0.00405033,0.0100469],[0.0800329,0.0300451,0.825886,0.0640361],[0.0280433,0.168018,0.0280455,0.775894],[0.116026,0.110029,0.643922,0.130023],[0.317985,0.254,0.361979,0.0660357]]},{"db":2,"id":"FOXH1_HUMAN.H11MO.0.A","len":9,"ltrim":0,"rtrim":0,"nsites":487,"evalue":"1.0e+000","url":"http://hocomoco.autosome.ru/motif/FOXH1_HUMAN.H11MO.0.A","pwm":[[0.13144,0.0472707,0.0534296,0.76786],[0.0246858,0.0246881,0.940311,0.010315],[0.0226328,0.028794,0.0370059,0.911567],[0.0164739,0.0144233,0.852034,0.117069],[0.010315,0.0205822,0.706273,0.26283],[0.917726,0.0164762,0.0144233,0.0513743],[0.0575332,0.0575356,0.0739593,0.810972],[0.0246858,0.0575356,0.0246881,0.893091],[0.0780629,0.38601,0.429123,0.106804]]},{"db":2,"id":"FOXP2_HUMAN.H11MO.0.C","len":9,"ltrim":1,"rtrim":1,"nsites":500,"evalue":"1.0e+000","url":"http://hocomoco.autosome.ru/motif/FOXP2_HUMAN.H11MO.0.C","pwm":[[0.0720345,0.399971,0.216008,0.311986],[0.00604765,0.00405033,0.0140483,0.975854],[0.0400409,0.00804953,0.947862,0.00404805],[0.00604765,0.0140483,0.0120487,0.967855],[0.00204845,0.0100491,0.0880335,0.899869],[4.88502e-05,5.11298e-05,0.174016,0.825884],[0.787891,0.100031,0.0340443,0.0780333],[0.00804725,0.747902,0.0300451,0.214006],[0.339981,0.289993,0.10403,0.265996]]},{"db":2,"id":"KLF12_HUMAN.H11MO.0.C","len":11,"ltrim":1,"rtrim":0,"nsites":452,"evalue":"1.0e+000","url":"http://hocomoco.autosome.ru/motif/KLF12_HUMAN.H11MO.0.C","pwm":[[0.378289,0.342901,0.194704,0.0841062],[0.247787,0.0310232,0.581786,0.139404],[0.0641991,5.65583e-05,0.931266,0.00447784],[5.40367e-05,0.00226846,0.995412,0.00226594],[5.40367e-05,5.65583e-05,0.999835,5.40367e-05],[0.0907419,0.878181,0.00226846,0.0288087],[0.022173,0.00226846,0.960021,0.0155373],[0.00447784,0.00890416,0.791917,0.194701],[0.0973776,5.65583e-05,0.862698,0.0398682],[0.0133254,0.00669226,0.964445,0.0155373],[0.130556,0.800764,0.0288113,0.0398682]]},{"db":2,"id":"KLF1_HUMAN.H11MO.0.A","len":14,"ltrim":0,"rtrim":0,"nsites":489,"evalue":"1.0e+000","url":"http://hocomoco.autosome.ru/motif/KLF1_HUMAN.H11MO.0.A","pwm":[[0.339449,0.0327654,0.386476,0.241309],[0.00413909,0.00209685,0.989625,0.00413909],[0.00209452,0.00414142,0.98758,0.00618366],[4.99489e-05,5.22797e-05,0.997803,0.00209452],[0.0920557,0.527552,5.22797e-05,0.38034],[0.014362,5.22797e-05,0.977358,0.00822824],[0.0245848,0.0102751,0.53573,0.42941],[0.0388968,0.00414142,0.903753,0.0532088],[0.0245848,0.0225426,0.862862,0.0900111],[0.0613871,0.684984,0.167707,0.085922],[0.167705,0.458036,0.0941026,0.280156],[0.14317,0.198376,0.472348,0.186106],[0.104323,0.202465,0.529596,0.163616],[0.112501,0.161573,0.623647,0.102279]]},{"db":2,"id":"KLF4_HUMAN.H11MO.0.A","len":10,"ltrim":0,"rtrim":0,"nsites":500,"evalue":"1.0e+000","url":"http://hocomoco.autosome.ru/motif/KLF4_HUMAN.H11MO.0.A","pwm":[[0.419965,0.0200471,0.20401,0.355978],[0.00804725,5.11298e-05,0.987854,0.00404805],[0.00204845,5.11298e-05,0.991853,0.00604765],[0.0120465,0.00405033,0.977856,0.00604765],[0.0260437,0.443962,0.00405033,0.525944],[0.00404805,0.00405033,0.991853,4.88502e-05],[0.00404805,0.00405033,0.437964,0.553938],[0.0500389,0.0160479,0.885874,0.0480393],[0.0140461,0.0380435,0.881875,0.0660357],[0.0540381,0.627926,0.0680375,0.249999]]},{"db":2,"id":"KLF9_HUMAN.H11MO.0.C","len":15,"ltrim":0,"rtrim":0,"nsites":256,"evalue":"1.0e+000","url":"http://hocomoco.autosome.ru/motif/KLF9_HUMAN.H11MO.0.C","pwm":[[0.062571,0.187527,0.63657,0.113332],[0.257807,0.187527,0.460857,0.0938088],[0.4999,0.136765,0.265621,0.0977135],[0.160189,0.011814,0.800568,0.0274285],[0.0430474,0.00400457,0.632665,0.320283],[0.0157143,9.98438e-05,0.98409,9.53924e-05],[9.53924e-05,0.00400457,0.980186,0.0157143],[9.53924e-05,0.00790929,0.9919,9.53924e-05],[0.00790484,0.757616,0.00400457,0.230474],[9.53924e-05,9.98438e-05,0.999709,9.53924e-05],[0.00400012,0.0157187,0.261716,0.718565],[0.00400012,0.00400457,0.976281,0.0157143],[0.0508568,0.117242,0.671712,0.160189],[0.0157143,0.84352,0.0313376,0.109428],[0.128951,0.523333,0.203146,0.14457]]},{"db":2,"id":"MITF_HUMAN.H11MO.0.A","len":10,"ltrim":0,"rtrim":0,"nsites":500,"evalue":"1.0e+000","url":"http://hocomoco.autosome.ru/motif/MITF_HUMAN.H11MO.0.A","pwm":[[0.0540381,0.238004,0.114028,0.59393],[4.88502e-05,0.997852,0.00205073,4.88502e-05],[0.879873,0.0260459,0.0120487,0.0820325],[4.88502e-05,0.729905,0.0160479,0.253998],[0.00404805,0.0180475,0.977856,4.88502e-05],[0.00404805,5.11298e-05,0.0120487,0.983852],[4.88502e-05,0.00604993,0.993852,4.88502e-05],[0.889871,0.0380435,0.0560399,0.0160457],[4.88502e-05,0.765898,0.0460419,0.188011],[0.14402,0.523946,0.0720367,0.259997]]},{"db":2,"id":"MXI1_HUMAN.H11MO.0.A","len":15,"ltrim":1,"rtrim":4,"nsites":500,"evalue":"1.0e+000","url":"http://hocomoco.autosome.ru/motif/MXI1_HUMAN.H11MO.0.A","pwm":[[0.229115,0.302423,0.393895,0.0745682],[0.00425927,0.967885,0.0258583,0.00199705],[0.964583,0.00170993,0.0299207,0.00378643],[0.0220609,0.890619,0.0661176,0.0212025],[0.172993,0.0657987,0.751728,0.00948053],[0.0666975,0.0944293,0.0422779,0.796595],[0.00784986,5.11298e-05,0.985774,0.00632533],[0.0611046,0.171934,0.594562,0.172399],[0.119061,0.391812,0.371153,0.117973],[0.198313,0.239884,0.284867,0.276937],[0.0335547,0.232128,0.565591,0.168726],[0.118676,0.391929,0.320074,0.169321],[0.139127,0.305184,0.362949,0.192739],[0.163425,0.217488,0.451575,0.167512],[0.178986,0.307098,0.413345,0.10057]]},{"db":2,"id":"MYCN_HUMAN.H11MO.0.A","len":12,"ltrim":1,"rtrim":2,"nsites":499,"evalue":"1.0e+000","url":"http://hocomoco.autosome.ru/motif/MYCN_HUMAN.H11MO.0.A","pwm":[[0.292575,0.170358,0.45487,0.0821968],[0.264525,0.0481378,0.629184,0.0581535],[0.160337,0.565068,0.156333,0.118262],[0.0240922,0.9718,5.12322e-05,0.00405616],[0.853585,0.00606205,0.0821991,0.0581535],[0.00605977,0.897667,0.00405845,0.0922148],[0.0801932,0.0120729,0.897667,0.010067],[0.0882076,0.0761883,0.00205484,0.833549],[0.00205255,5.12322e-05,0.973804,0.0240922],[0.0641644,0.284563,0.535014,0.116258],[0.218442,0.120268,0.406783,0.254507],[0.194399,0.408787,0.326639,0.0701752]]},{"db":2,"id":"MYC_HUMAN.H11MO.0.A","len":11,"ltrim":1,"rtrim":2,"nsites":500,"evalue":"1.0e+000","url":"http://hocomoco.autosome.ru/motif/MYC_HUMAN.H11MO.0.A","pwm":[[0.220005,0.210009,0.429965,0.140021],[0.168015,0.749901,0.0520407,0.0300429],[0.0200449,0.969857,0.00405033,0.00604765],[0.871874,0.00604993,0.0860339,0.0360417],[0.00204845,0.687914,0.00405033,0.305988],[0.0200449,0.0220467,0.95586,0.00204845],[0.0140461,0.0380435,5.11298e-05,0.947859],[0.00404805,0.00804953,0.975856,0.0120465],[0.0500389,0.573936,0.218008,0.158017],[0.19601,0.198012,0.164018,0.44196],[0.0680353,0.381975,0.202011,0.347979]]},{"db":2,"id":"PBX1_HUMAN.H11MO.0.A","len":10,"ltrim":0,"rtrim":0,"nsites":500,"evalue":"1.0e+000","url":"http://hocomoco.autosome.ru/motif/PBX1_HUMAN.H11MO.0.A","pwm":[[0.210007,0.0880335,0.202011,0.499949],[0.0640361,0.0900331,0.833884,0.0120465],[0.867875,0.0540403,0.0240463,0.0540381],[0.0420405,0.265998,0.339983,0.351978],[0.0720345,0.0760359,0.172017,0.679913],[0.0380413,0.0120487,0.943862,0.00604765],[0.683912,0.00205073,0.30599,0.00804725],[0.0360417,0.85788,0.0220467,0.0840321],[0.683912,0.0220467,0.228006,0.0660357],[0.108027,0.102031,0.685914,0.104028]]},{"db":2,"id":"PBX3_HUMAN.H11MO.0.A","len":11,"ltrim":0,"rtrim":1,"nsites":420,"evalue":"1.0e+000","url":"http://hocomoco.autosome.ru/motif/PBX3_HUMAN.H11MO.0.A","pwm":[[0.185728,0.0643313,0.150025,0.599915],[0.0405247,0.019104,0.933172,0.00719931],[0.949832,0.00958241,0.0214843,0.0191012],[0.0714697,0.261903,0.326174,0.340453],[0.116697,0.0905155,0.245241,0.547547],[0.0381443,0.0357667,0.890325,0.0357639],[0.580872,0.0524294,0.361879,0.00481892],[0.0429051,0.880804,0.019104,0.0571874],[0.545166,0.0167236,0.340456,0.097654],[0.0571874,0.104798,0.685612,0.152403],[0.0952736,0.342836,0.42615,0.13574]]},{"db":2,"id":"PDX1_HUMAN.H11MO.0.A","len":9,"ltrim":0,"rtrim":0,"nsites":494,"evalue":"1.0e+000","url":"http://hocomoco.autosome.ru/motif/PDX1_HUMAN.H11MO.0.A","pwm":[[0.192318,0.00409951,0.03041,0.773172],[0.076957,0.0263622,0.858178,0.0385032],[0.953298,0.0182667,0.00409951,0.024336],[0.0283838,0.149819,0.0627921,0.759005],[0.180175,0.0142189,0.145771,0.659835],[0.16196,0.064816,0.752936,0.0202883],[0.892581,0.0607682,0.0344577,0.0121927],[0.0567181,0.064816,0.155891,0.722575],[0.0688614,0.0769593,0.562691,0.291488]]},{"db":2,"id":"PKNX1_HUMAN.H11MO.0.B","len":11,"ltrim":0,"rtrim":1,"nsites":480,"evalue":"1.0e+000","url":"http://hocomoco.autosome.ru/motif/PKNX1_HUMAN.H11MO.0.B","pwm":[[0.147937,0.0896179,0.104198,0.658247],[0.0417089,0.0521257,0.8957,0.0104654],[0.949853,0.0125507,0.027131,0.0104654],[0.0229628,0.268747,0.331234,0.377056],[0.102113,0.0604573,0.114613,0.722817],[0.0229628,0.00421906,0.962353,0.0104654],[0.622838,0.00630196,0.362478,0.00838248],[0.0271286,0.935275,0.00421906,0.0333773],[0.629087,0.0521257,0.216675,0.102113],[0.0542063,0.116696,0.735317,0.0937814],[0.147937,0.352063,0.406219,0.0937814]]},{"db":2,"id":"RARA_HUMAN.H11MO.0.A","len":20,"ltrim":0,"rtrim":0,"nsites":499,"evalue":"1.0e+000","url":"http://hocomoco.autosome.ru/motif/RARA_HUMAN.H11MO.0.A","pwm":[[0.260518,0.124275,0.551043,0.0641644],[0.210428,0.112253,0.551043,0.126276],[0.370716,0.0561522,0.464888,0.108244],[0.284561,0.0922171,0.43283,0.190392],[0.168352,0.208426,0.55505,0.0681716],[0.394759,0.0942207,0.356693,0.154327],[0.102233,0.156333,0.244491,0.496943],[0.110247,0.506964,0.26052,0.122269],[0.442846,0.230466,0.192397,0.134291],[0.428821,0.0681739,0.35469,0.148316],[0.366709,0.0501414,0.549039,0.0341103],[0.81151,0.00606205,0.168354,0.0140742],[0.0421247,5.12322e-05,0.949761,0.00806337],[0.020085,0.0100693,0.508967,0.460878],[0.0160778,0.0461342,0.0661702,0.871618],[0.00205255,0.937739,0.0401234,0.020085],[0.98382,5.12322e-05,0.00405845,0.0120706],[0.563062,0.108246,0.256513,0.0721788],[0.17837,0.052145,0.69931,0.0701752],[0.112251,0.0862063,0.737378,0.0641644]]},{"db":2,"id":"SALL4_HUMAN.H11MO.0.B","len":10,"ltrim":2,"rtrim":0,"nsites":500,"evalue":"1.0e+000","url":"http://hocomoco.autosome.ru/motif/SALL4_HUMAN.H11MO.0.B","pwm":[[0.180013,0.138024,0.513948,0.168015],[0.134022,0.258,0.477956,0.130023],[0.359977,0.00604993,0.343982,0.289991],[0.0120465,0.00205073,0.971857,0.0140461],[0.00204845,0.00405033,0.981855,0.0120465],[0.0200449,0.162019,0.80389,0.0140461],[0.373974,0.0300451,0.0100491,0.585932],[0.00604765,0.00205073,0.987854,0.00404805],[0.0980293,0.0160479,0.659919,0.226004],[0.118025,0.0240463,0.813888,0.0440401]]},{"db":2,"id":"SP2_HUMAN.H11MO.0.A","len":22,"ltrim":0,"rtrim":0,"nsites":499,"evalue":"1.0e+000","url":"http://hocomoco.autosome.ru/motif/SP2_HUMAN.H11MO.0.A","pwm":[[0.128529,0.250151,0.569031,0.0522883],[0.180003,0.246123,0.522891,0.0509837],[0.150764,0.282174,0.504602,0.0624596],[0.154521,0.318674,0.42054,0.106265],[0.287963,0.222106,0.384327,0.105604],[0.175217,0.100132,0.656764,0.0678868],[0.140024,0.0557876,0.706025,0.0981634],[0.296015,0.0549119,0.630411,0.0186621],[0.0378346,0.00429103,0.918472,0.0394025],[0.0122171,0.0208881,0.956786,0.0101084],[0.0434612,0.889614,0.0128518,0.0540727],[0.0324001,0.01642,0.90017,0.0510097],[0.0125951,0.0201768,0.934454,0.0327743],[0.0993402,0.0869196,0.785943,0.0277973],[0.220792,0.17759,0.58164,0.019977],[0.103853,0.604626,0.218657,0.0728636],[0.050096,0.508074,0.233442,0.208388],[0.201317,0.190205,0.392565,0.215912],[0.129685,0.236981,0.526477,0.106857],[0.182029,0.25794,0.465997,0.0940346],[0.150531,0.185505,0.589239,0.074726],[0.122747,0.326352,0.494872,0.0560289]]},{"db":2,"id":"SP3_HUMAN.H11MO.0.B","len":20,"ltrim":4,"rtrim":5,"nsites":415,"evalue":"1.0e+000","url":"http://hocomoco.autosome.ru/motif/SP3_HUMAN.H11MO.0.B","pwm":[[0.207614,0.226438,0.41856,0.147388],[0.175619,0.218382,0.474797,0.131202],[0.228016,0.220039,0.438962,0.112983],[0.276197,0.219286,0.389275,0.115242],[0.171855,0.199712,0.554597,0.0738363],[0.120813,0.0750435,0.638161,0.165983],[0.13858,0.00247066,0.854675,0.0042747],[0.00246791,0.0103001,0.977236,0.00999622],[0.00969509,0.0196352,0.966094,0.00457584],[0.23449,0.627471,0.0506518,0.0873872],[0.0444759,0.0343907,0.890058,0.0310755],[0.00728603,0.0148171,0.871538,0.106359],[0.189471,0.0349929,0.719165,0.0563706],[0.0952166,0.133162,0.734523,0.0370981],[0.114188,0.553844,0.239161,0.0928076],[0.11208,0.367142,0.315498,0.20528],[0.257527,0.133011,0.449803,0.159659],[0.200613,0.167491,0.515751,0.116145],[0.163875,0.265058,0.455524,0.115543],[0.182093,0.241871,0.449803,0.126233]]},{"db":2,"id":"SPI1_HUMAN.H11MO.0.A","len":17,"ltrim":1,"rtrim":2,"nsites":500,"evalue":"1.0e+000","url":"http://hocomoco.autosome.ru/motif/SPI1_HUMAN.H11MO.0.A","pwm":[[0.423964,0.20401,0.254,0.118025],[0.49195,0.100031,0.329985,0.0780333],[0.685912,0.0440423,0.168018,0.102028],[0.771894,0.0280455,0.126026,0.0740341],[0.651918,0.0140483,0.118028,0.216006],[0.148019,0.0680375,0.7539,0.0300429],[0.721904,0.0480415,0.224006,0.00604765],[0.0580373,5.11298e-05,0.941863,4.88502e-05],[0.00204845,5.11298e-05,0.997852,4.88502e-05],[0.999849,5.11298e-05,5.11298e-05,4.88502e-05],[0.997849,5.11298e-05,5.11298e-05,0.00204845],[0.0360417,0.170017,0.793892,4.88502e-05],[0.0680353,0.0520407,0.0400431,0.839881],[0.0420405,0.122027,0.815888,0.0200449],[0.453958,0.122027,0.331985,0.0920305],[0.359977,0.182015,0.317988,0.140021],[0.397969,0.130025,0.258,0.214006]]},{"db":2,"id":"TFDP1_HUMAN.H11MO.0.C","len":14,"ltrim":1,"rtrim":2,"nsites":500,"evalue":"1.0e+000","url":"http://hocomoco.autosome.ru/motif/TFDP1_HUMAN.H11MO.0.C","pwm":[[0.351978,0.140023,0.397972,0.110027],[0.267995,0.128026,0.517948,0.0860317],[0.329983,0.110029,0.415968,0.14402],[0.321984,0.0780355,0.427966,0.172014],[0.0960297,0.114028,0.781895,0.00804725],[0.0320425,0.0100491,0.943862,0.0140461],[0.0740341,0.873876,0.0140483,0.0380413],[0.0460397,0.0160479,0.90387,0.0340421],[0.00804725,0.0460419,0.937864,0.00804725],[0.0780333,0.0320447,0.877876,0.0120465],[0.831882,0.0200471,0.130025,0.0180453],[0.631922,0.188014,0.15802,0.0220445],[0.479953,0.118028,0.254,0.148019],[0.309987,0.180015,0.281995,0.228003]]},{"db":2,"id":"TFE3_HUMAN.H11MO.0.B","len":10,"ltrim":0,"rtrim":0,"nsites":467,"evalue":"1.0e+000","url":"http://hocomoco.autosome.ru/motif/TFE3_HUMAN.H11MO.0.B","pwm":[[0.319042,0.0428721,0.483891,0.154195],[0.132786,0.0107591,0.847839,0.00861578],[0.021461,0.027886,0.0428721,0.907781],[0.0171793,0.94846,0.027886,0.00647491],[0.961303,0.0107591,0.0193226,0.00861578],[0.0150384,0.933474,0.0150408,0.0364471],[0.152054,0.0193226,0.813585,0.0150384],[0.0171793,0.0300269,0.0364495,0.916344],[0.0128975,0.00219561,0.972009,0.0128975],[0.802878,0.045013,0.122084,0.0300245]]},{"db":2,"id":"USF1_HUMAN.H11MO.0.A","len":12,"ltrim":1,"rtrim":0,"nsites":480,"evalue":"1.0e+000","url":"http://hocomoco.autosome.ru/motif/USF1_HUMAN.H11MO.0.A","pwm":[[0.241667,0.156271,0.481203,0.120859],[0.102113,0.0125507,0.885286,5.08852e-05],[0.018797,0.0208823,0.0229652,0.937356],[5.08852e-05,0.999845,5.32597e-05,5.08852e-05],[0.993594,5.32597e-05,0.00213616,0.00421668],[5.08852e-05,0.96027,0.0125507,0.0271286],[0.168766,0.00630196,0.824881,5.08852e-05],[0.00421668,0.00838486,0.00213616,0.985262],[5.08852e-05,5.32597e-05,0.999845,5.08852e-05],[0.406216,0.166685,0.387473,0.039626],[0.0479576,0.468706,0.243752,0.239584],[0.0958643,0.485369,0.306239,0.112527]]},{"db":2,"id":"USF2_HUMAN.H11MO.0.A","len":19,"ltrim":1,"rtrim":6,"nsites":500,"evalue":"1.0e+000","url":"http://hocomoco.autosome.ru/motif/USF2_HUMAN.H11MO.0.A","pwm":[[0.216157,0.207533,0.447439,0.128872],[0.204305,0.13907,0.546075,0.11055],[0.115738,0.0161538,0.864819,0.0032898],[0.0147499,0.0479833,0.0369161,0.900351],[0.00177652,0.998124,5.11298e-05,4.88502e-05],[0.992604,5.11298e-05,0.00356002,0.00378444],[4.88502e-05,0.925506,0.0216739,0.0527713],[0.10194,5.11298e-05,0.89796,4.88502e-05],[0.00339965,0.0076553,0.00394516,0.985],[0.00184293,5.11298e-05,0.995656,0.00245013],[0.337629,0.168272,0.395592,0.0985069],[0.0584164,0.448579,0.266476,0.226529],[0.11904,0.465542,0.333883,0.0815354],[0.251692,0.297916,0.330363,0.120029],[0.128106,0.370594,0.365237,0.136063],[0.126048,0.329708,0.384667,0.159577],[0.161828,0.325996,0.388467,0.123709],[0.127132,0.379007,0.313197,0.180664],[0.12227,0.274498,0.385133,0.218099]]},{"db":2,"id":"ZFP42_HUMAN.H11MO.0.A","len":12,"ltrim":0,"rtrim":0,"nsites":500,"evalue":"1.0e+000","url":"http://hocomoco.autosome.ru/motif/ZFP42_HUMAN.H11MO.0.A","pwm":[[0.200009,0.138024,0.543942,0.118025],[0.122024,0.0540403,0.7559,0.0680353],[0.14202,0.589933,0.196012,0.0720345],[0.49595,0.327986,0.0860339,0.0900309],[0.0220445,0.0280455,0.787894,0.162016],[0.0800329,0.883874,0.0200471,0.0160457],[4.88502e-05,0.981855,0.00804953,0.0100469],[0.989851,0.00804953,0.00205073,4.88502e-05],[0.00204845,0.00804953,0.0160479,0.973854],[0.0420405,0.254,0.0960319,0.607927],[0.0660357,0.0680375,0.0580395,0.807887],[0.0280433,0.202011,0.0200471,0.749899]]},{"db":2,"id":"ZN263_HUMAN.H11MO.0.A","len":20,"ltrim":0,"rtrim":0,"nsites":499,"evalue":"1.0e+000","url":"http://hocomoco.autosome.ru/motif/ZN263_HUMAN.H11MO.0.A","pwm":[[0.202413,0.0341125,0.711332,0.0521427],[0.0240922,0.0200873,0.919707,0.0361139],[0.0180814,0.0220909,0.957775,0.00205255],[0.98382,0.0140765,5.12322e-05,0.00205255],[0.0481355,0.00205484,0.909689,0.0401211],[0.0260958,0.11025,0.847577,0.0160778],[0.937737,0.00806566,0.0461342,0.00806337],[0.104236,0.21043,0.635194,0.0501391],[0.0441283,0.166351,0.629184,0.160337],[0.342666,0.16034,0.424816,0.0721788],[0.416799,0.150322,0.340664,0.0922148],[0.110247,0.114257,0.717342,0.0581535],[0.412792,0.11025,0.390754,0.086204],[0.232467,0.108246,0.591115,0.0681716],[0.188388,0.0922171,0.621169,0.0982257],[0.420806,0.114257,0.380736,0.0842004],[0.222449,0.126278,0.553047,0.0982257],[0.176366,0.136296,0.569075,0.118262],[0.438839,0.104239,0.352686,0.104236],[0.288568,0.120268,0.524996,0.066168]]},{"db":2,"id":"ZN350_HUMAN.H11MO.0.C","len":18,"ltrim":1,"rtrim":2,"nsites":500,"evalue":"1.0e+000","url":"http://hocomoco.autosome.ru/motif/ZN350_HUMAN.H11MO.0.C","pwm":[[0.210007,0.479955,0.192013,0.118025],[0.499949,0.0440423,0.230005,0.226004],[0.0620365,0.15602,0.565938,0.216006],[0.0860317,0.35598,0.15802,0.399969],[0.0660357,0.573936,0.0560399,0.303988],[0.0480393,0.533944,0.0540403,0.363976],[0.0760337,0.140023,0.0180475,0.765896],[0.00204845,0.0180475,0.0160479,0.963856],[0.00604765,0.0280455,0.0180475,0.947859],[0.0500389,0.112029,0.0620387,0.775894],[0.519945,0.190013,0.118028,0.172014],[0.232002,0.0360439,0.0760359,0.655918],[0.244,0.0640383,0.433964,0.257997],[0.477953,0.182015,0.0860339,0.253998],[0.0480393,0.681915,0.10603,0.164016],[0.0400409,0.669917,0.0560399,0.234002],[0.321984,0.196012,0.110029,0.371974],[0.427963,0.132025,0.242003,0.198009]]}],"sequence_names":["chr10:102241200-102241699","chr10:104956833-104957332","chr10:105155974-105156473","chr10:105214611-105215110","chr10:105231793-105232292","chr10:105489447-105489946","chr10:105496497-105496996","chr10:105506331-105506830","chr10:105528031-105528530","chr10:120938096-120938595","chr10:121100858-121101357","chr10:13390048-13390547","chr10:14784671-14785170","chr10:15126480-15126979","chr10:22890063-22890562","chr10:23111881-23112380","chr10:23481007-23481506","chr10:23569334-23569833","chr10:23661277-23661776","chr10:23662885-23663384","chr10:75936138-75936637","chr10:94449389-94449888","chr11:112096839-112097338","chr11:14913549-14914048","chr11:22647138-22647637","chr11:45939295-45939794","chr11:46316983-46317482","chr11:47198427-47198926","chr11:57074495-57074994","chr11:57121258-57121757","chr11:57192108-57192607","chr11:57266984-57267483","chr11:57406762-57407261","chr11:57566521-57567020","chr11:62323458-62323957","chr11:62366573-62367072","chr11:62432532-62433031","chr11:64086722-64087221","chr11:64546009-64546508","chr11:65626789-65627288","chr11:66405766-66406265","chr11:66725598-66726097","chr11:67120798-67121297","chr11:68227937-68228436","chr11:819883-820382","chr11:8932437-8932936","chr12:102248496-102248995","chr12:102318366-102318865","chr12:109729172-109729671","chr12:110010811-110011310","chr12:111298561-111299060","chr12:111868499-111868998","chr12:112195444-112195943","chr12:112204442-112204941","chr12:120558789-120559288","chr12:120662535-120663034","chr12:120755262-120755761","chr12:120804909-120805408","chr12:120933559-120934058","chr12:124196616-124197115","chr12:25003409-25003908","chr12:25204730-25205229","chr12:25538938-25539437","chr12:2903870-2904369","chr12:49259432-49259931","chr12:49348618-49349117","chr12:49463559-49464058","chr12:49502574-49503073","chr12:49716770-49717269","chr12:50016972-50017471","chr12:50101259-50101758","chr12:56060885-56061384","chr12:56333948-56334447","chr12:56407074-56407573","chr12:56510121-56510620","chr12:56709594-56710093","chr12:56881949-56882448","chr12:57039549-57040048","chr12:57472450-57472949","chr12:6602758-6603257","chr12:6874433-6874932","chr12:6961043-6961542","chr12:7053697-7054196","chr12:93757743-93758242","chr13:114216649-114217148","chr13:114505002-114505501","chr13:50013694-50014193","chr13:50071031-50071530","chr13:50265362-50265861","chr13:50552422-50552921","chr14:101290507-101291006","chr14:102188190-102188689","chr14:24548929-24549428","chr14:24583974-24584473","chr14:24640813-24641312","chr14:35873706-35874205","chr14:50087154-50087653","chr14:50296802-50297301","chr14:74195329-74195828","chr15:45694276-45694775","chr15:59730070-59730569","chr15:59907143-59907642","chr15:64301335-64301834","chr15:75744175-75744674","chr15:75932356-75932855","chr15:81706873-81707372","chr16:1458163-1458662","chr16:1494308-1494807","chr16:2264559-2265058","chr16:2285568-2286067","chr16:2723325-2723824","chr16:28341429-28341928","chr16:28889477-28889976","chr16:28891021-28891520","chr16:30064162-30064661","chr16:30076723-30077222","chr16:30204959-30205458","chr16:30441147-30441646","chr16:30572659-30573158","chr16:30661789-30662288","chr16:328855-329354","chr16:420278-420777","chr16:67596985-67597484","chr16:74729705-74730204","chr16:84224495-84224994","chr16:84538118-84538617","chr16:84651434-84651933","chr17:15902782-15903281","chr17:26743750-26744249","chr17:26940966-26941465","chr17:36956130-36956629","chr17:41623656-41624155","chr17:42852849-42853348","chr17:42856466-42856965","chr17:43225424-43225923","chr17:43298562-43299061","chr17:43394459-43394958","chr17:47270076-47270575","chr17:47307879-47308378","chr17:48474665-48475164","chr17:48943620-48944119","chr17:56023560-56024059","chr17:56406758-56407257","chr17:62222973-62223472","chr17:73042831-73043330","chr17:73389848-73390347","chr17:74581895-74582394","chr17:77751682-77752181","chr17:79479650-79480149","chr17:79633416-79633915","chr17:79849213-79849712","chr17:79995359-79995858","chr17:80250495-80250994","chr17:80291701-80292200","chr17:80477340-80477839","chr18:32676236-32676735","chr18:3596588-3597087","chr18:46688790-46689289","chr18:47013373-47013872","chr18:47088086-47088585","chr18:47340081-47340580","chr19:10444067-10444566","chr19:10535928-10536427","chr19:10806317-10806816","chr19:10870370-10870869","chr19:11491667-11492166","chr19:11924850-11925349","chr19:11959292-11959791","chr19:12595381-12595880","chr19:13001591-13002090","chr19:13049143-13049642","chr19:14477304-14477803","chr19:14627648-14628147","chr19:14662170-14662669","chr19:18208354-18208853","chr19:18561707-18562206","chr19:19030235-19030734","chr19:19143125-19143624","chr19:19174559-19175058","chr19:19280897-19281396","chr19:19779356-19779855","chr19:19976446-19976945","chr19:20011473-20011972","chr19:2739797-2740296","chr19:2785209-2785708","chr19:2867084-2867583","chr19:3068031-3068530","chr19:3480291-3480790","chr19:3557410-3557909","chr19:35629463-35629962","chr19:35819694-35820193","chr19:36193154-36193653","chr19:36545534-36546033","chr19:36822495-36822994","chr19:38714682-38715181","chr19:38806453-38806952","chr19:38878812-38879311","chr19:38924090-38924589","chr19:38997581-38998080","chr19:39263883-39264382","chr19:39340900-39341399","chr19:39881694-39882193","chr19:40315059-40315558","chr19:40459326-40459825","chr19:40931683-40932182","chr19:40950363-40950862","chr19:41082508-41083007","chr19:41283088-41283587","chr19:4246827-4247326","chr19:4304348-4304847","chr19:45354655-45355154","chr19:45504439-45504938","chr19:45829344-45829843","chr19:48281580-48282079","chr19:49315361-49315860","chr19:49436690-49437189","chr19:49468309-49468808","chr19:49496456-49496955","chr19:49622397-49622896","chr19:49649224-49649723","chr19:49658432-49658931","chr19:49956505-49957004","chr19:50096572-50097071","chr19:50179925-50180424","chr19:55598346-55598845","chr19:55677841-55678340","chr19:55851005-55851504","chr19:56028240-56028739","chr19:58545151-58545650","chr19:58919745-58920244","chr19:58978174-58978673","chr19:5904603-5905102","chr1:109189293-109189792","chr1:109234696-109235195","chr1:109405552-109406051","chr1:109419364-109419863","chr1:109505857-109506356","chr1:109825559-109826058","chr1:109968813-109969312","chr1:11119832-11120331","chr1:1259822-1260321","chr1:145438220-145438719","chr1:145470139-145470638","chr1:145476836-145477335","chr1:150254704-150255203","chr1:151103619-151104118","chr1:153606319-153606818","chr1:154913907-154914406","chr1:154984533-154985032","chr1:155197119-155197618","chr1:155293912-155294411","chr1:155579730-155580229","chr1:155715197-155715696","chr1:160336608-160337107","chr1:160345306-160345805","chr1:160611170-160611669","chr1:160651231-160651730","chr1:160959599-160960098","chr1:161039511-161040010","chr1:161155128-161155627","chr1:182573294-182573793","chr1:198157195-198157694","chr1:223884119-223884618","chr1:226190390-226190889","chr1:232765685-232766184","chr1:232990108-232990607","chr1:244960060-244960559","chr1:245343709-245344208","chr1:24645563-24646062","chr1:25256641-25257140","chr1:25291363-25291862","chr1:26798692-26799191","chr1:39957069-39957568","chr1:40311269-40311768","chr1:44115580-44116079","chr1:44172859-44173358","chr1:45765859-45766358","chr1:54356158-54356657","chr1:54452045-54452544","chr1:67807937-67808436","chr1:87793902-87794401","chr20:17207271-17207770","chr20:17506222-17506721","chr20:17514002-17514501","chr20:17549616-17550115","chr20:24930848-24931347","chr20:25388114-25388613","chr20:3293547-3294046","chr20:3389232-3389731","chr20:33903005-33903504","chr20:43150501-43151000","chr20:44485796-44486295","chr20:52455958-52456457","chr20:52679254-52679753","chr20:60982092-60982591","chr20:61273548-61274047","chr21:30041520-30042019","chr21:30671000-30671499","chr21:34852069-34852568","chr21:35014457-35014956","chr21:35288035-35288534","chr21:48024872-48025371","chr22:22221721-22222220","chr22:29196336-29196835","chr22:29604880-29605379","chr22:29666332-29666831","chr22:30662580-30663079","chr22:35795807-35796306","chr22:38071366-38071865","chr2:10515990-10516489","chr2:109204511-109205010","chr2:11888541-11889040","chr2:12227258-12227757","chr2:145137401-145137900","chr2:145278489-145278988","chr2:145306276-145306775","chr2:145648310-145648809","chr2:182116932-182117431","chr2:182602751-182603250","chr2:191745304-191745803","chr2:198170211-198170710","chr2:198179497-198179996","chr2:198249082-198249581","chr2:198308529-198309028","chr2:198569838-198570337","chr2:198784135-198784634","chr2:201828154-201828653","chr2:202898206-202898705","chr2:232545678-232546177","chr2:27651257-27651756","chr2:32205730-32206229","chr2:32390684-32391183","chr2:32514196-32514695","chr2:38598405-38598904","chr2:55635536-55636035","chr2:55746491-55746990","chr2:61079525-61080024","chr2:68518083-68518582","chr2:70417957-70418456","chr2:73144344-73144843","chr2:73298320-73298819","chr2:74425440-74425939","chr2:74685207-74685706","chr2:74743257-74743756","chr2:74881106-74881605","chr2:74897419-74897918","chr2:85138807-85139306","chr2:85655643-85656142","chr2:85843017-85843516","chr2:9165718-9166217","chr2:9246325-9246824","chr2:9346645-9347144","chr2:9476283-9476782","chr3:101100644-101101143","chr3:101497797-101498296","chr3:101568026-101568525","chr3:122832691-122833190","chr3:127347775-127348274","chr3:127864046-127864545","chr3:128185842-128186341","chr3:128206569-128207068","chr3:128369478-128369977","chr3:128732234-128732733","chr3:128753526-128754025","chr3:128786618-128787117","chr3:129037623-129038122","chr3:129158719-129159218","chr3:14989711-14990210","chr3:170565951-170566450","chr3:170745956-170746455","chr3:170891560-170892059","chr3:183979002-183979501","chr3:50365433-50365932","chr3:50374653-50375152","chr3:50387877-50388376","chr3:50604938-50605437","chr3:50657800-50658299","chr3:52931363-52931862","chr3:57937130-57937629","chr3:86910968-86911467","chr3:87138646-87139145","chr3:99532458-99532957","chr4:122791403-122791902","chr4:122919082-122919581","chr4:143672246-143672745","chr4:156297873-156298372","chr4:1722978-1723477","chr4:1857725-1858224","chr4:2470520-2471019","chr4:2845335-2845834","chr4:3060686-3061185","chr4:48485111-48485610","chr4:48782090-48782589","chr4:57485291-57485790","chr4:57727351-57727850","chr4:57729826-57730325","chr4:58099574-58100073","chr4:83717569-83718068","chr4:83821588-83822087","chr4:84263587-84264086","chr4:84418829-84419328","chr5:10562183-10562682","chr5:10627766-10628265","chr5:130545658-130546157","chr5:137576287-137576786","chr5:138363507-138364006","chr5:151151844-151152343","chr5:156858767-156859266","chr5:159848580-159849079","chr5:176543769-176544268","chr5:179125568-179126067","chr5:179159602-179160101","chr5:43309654-43310153","chr5:43313365-43313864","chr5:76151707-76152206","chr6:1