<!DOCTYPE HTML>
<html>
  <head>
    <meta charset="UTF-8">
    <title>SpaMo - Spaced Motif Analysis</title>
    <script type="text/javascript">
      //@JSON_VAR data
      var data = {"program":"SpaMo","version":"4.11.3","revision":"c13e15f35e38483381a6e8a363f9137e303c0765","release":"Sat Mar 11 20:16:08 2017 -0800","host":"uger-c011.broadinstitute.org","when":"Sun Feb 28 18:37:40 2021","cmd":["spamo","-verbosity","1","-oc","/broad/sankaranlab/fyu/HemeMap/02262021-downMast_re-analysis/motif_denovo/all_mast0035_interactions_10x_hocomoco_meme-chip/spamo_out_33","-bgfile","/broad/sankaranlab/fyu/HemeMap/02262021-downMast_re-analysis/motif_denovo/all_mast0035_interactions_10x_hocomoco_meme-chip/background","-primary","MECP2_HUMAN.H11MO.0.C","/broad/sankaranlab/fyu/HemeMap/02262021-downMast_re-analysis/motif_denovo/all_mast0035_interactions_10x_hocomoco_meme-chip/20210227-deg_interactions_peaks_all_mast0035_fa_1based.fa","/broad/sankaranlab/fyu/motif_data/HOCOMOCOv11_core_HUMAN_mono_meme_format.meme","/broad/sankaranlab/fyu/HemeMap/02262021-downMast_re-analysis/motif_denovo/all_mast0035_interactions_10x_hocomoco_meme-chip/meme_out/meme.xml","/broad/sankaranlab/fyu/HemeMap/02262021-downMast_re-analysis/motif_denovo/all_mast0035_interactions_10x_hocomoco_meme-chip/dreme_out/dreme.xml","/broad/sankaranlab/fyu/motif_data/HOCOMOCOv11_core_HUMAN_mono_meme_format.meme"],"options":{"seq_min_hit_score":7,"margin":150,"bin_size":1,"bin_pvalue_calc_range":150,"use_best_secondary":0,"seq_max_shared_fract":0.5,"seq_odds_ratio":20,"bin_pvalue_cutoff":0.05,"motif_evalue_cutoff":10,"redundant_overlap":2,"redundant_joint":0.5,"motif_pseudocount":0.1,"bgfile":"/broad/sankaranlab/fyu/HemeMap/02262021-downMast_re-analysis/motif_denovo/all_mast0035_interactions_10x_hocomoco_meme-chip/background","motif_trim":0.25,"xalph":0,"seed":1,"bin_max":82},"alphabet":{"name":"DNA","like":"dna","ncore":4,"symbols":[{"symbol":"A","name":"Adenine","colour":"CC0000","complement":"T"},{"symbol":"C","name":"Cytosine","colour":"0000CC","complement":"G"},{"symbol":"G","name":"Guanine","colour":"FFB300","complement":"C"},{"symbol":"T","aliases":"U","name":"Thymine","colour":"008000","complement":"A"},{"symbol":"N","aliases":"X.","name":"Any base","equals":"ACGT"},{"symbol":"V","name":"Not T","equals":"ACG"},{"symbol":"H","name":"Not G","equals":"ACT"},{"symbol":"D","name":"Not C","equals":"AGT"},{"symbol":"B","name":"Not A","equals":"CGT"},{"symbol":"M","name":"Amino","equals":"AC"},{"symbol":"R","name":"Purine","equals":"AG"},{"symbol":"W","name":"Weak","equals":"AT"},{"symbol":"S","name":"Strong","equals":"CG"},{"symbol":"Y","name":"Pyrimidine","equals":"CT"},{"symbol":"K","name":"Keto","equals":"GT"}]},"background":[0.2443,0.2557,0.2557,0.2443],"sequence_dbs":[{"source":"/broad/sankaranlab/fyu/HemeMap/02262021-downMast_re-analysis/motif_denovo/all_mast0035_interactions_10x_hocomoco_meme-chip/20210227-deg_interactions_peaks_all_mast0035_fa_1based.fa","name":"20210227-deg_interactions_peaks_all_mast0035_fa_1based","last_modified":"Sun Feb 28 14:32:25 2021","loaded":13184,"excluded_too_short":0,"excluded_no_match":10358,"excluded_ambigs":0,"excluded_similar":42,"erased_primary_matches":3206}],"primary_dbs":[{"source":"/broad/sankaranlab/fyu/motif_data/HOCOMOCOv11_core_HUMAN_mono_meme_format.meme","name":"HOCOMOCOv11_core_HUMAN_mono_meme_format","last_modified":"Sat Jun 23 07:43:00 2018","loaded":400,"excluded":399}],"secondary_dbs":[{"source":"/broad/sankaranlab/fyu/HemeMap/02262021-downMast_re-analysis/motif_denovo/all_mast0035_interactions_10x_hocomoco_meme-chip/meme_out/meme.xml","name":"meme.xml","last_modified":"Sun Feb 28 15:22:49 2021","loaded":10,"excluded":0},{"source":"/broad/sankaranlab/fyu/HemeMap/02262021-downMast_re-analysis/motif_denovo/all_mast0035_interactions_10x_hocomoco_meme-chip/dreme_out/dreme.xml","name":"dreme.xml","last_modified":"Sun Feb 28 15:41:49 2021","loaded":10,"excluded":0},{"source":"/broad/sankaranlab/fyu/motif_data/HOCOMOCOv11_core_HUMAN_mono_meme_format.meme","name":"HOCOMOCOv11_core_HUMAN_mono_meme_format","last_modified":"Sat Jun 23 07:43:00 2018","loaded":401,"excluded":1}],"secondary_motifs":[{"db":0,"id":"2","alt":"MEME","len":21,"ltrim":0,"rtrim":0,"nsites":89,"evalue":"4.0e-035","pwm":[[0.000274186,0.505338,0.494114,0.000274186],[0.000274186,0.651241,0.348211,0.000274186],[0.134954,0.640017,0.14619,0.0788379],[0.000274186,0.516561,0.393104,0.0900613],[0.022721,0.696134,0.280871,0.000274186],[0.0451677,0.168637,0.640017,0.146177],[0.112508,0.864485,0.0227338,0.000274186],[0.000274186,0.21353,0.426774,0.359422],[0.000274186,0.875707,0.123744,0.000274186],[0.000274186,0.617571,0.38188,0.000274186],[0.0788379,0.539008,0.359434,0.022721],[0.0676145,0.527784,0.202307,0.202294],[0.000274186,0.393104,0.460444,0.146177],[0.0676145,0.539008,0.359434,0.0339444],[0.000274186,0.797145,0.14619,0.0563911],[0.022721,0.437997,0.303317,0.235964],[0.000274186,0.572678,0.359434,0.0676145],[0.112508,0.460444,0.348211,0.0788379],[0.000274186,0.550231,0.336988,0.112508],[0.0676145,0.673687,0.258424,0.000274186],[0.134954,0.539008,0.258424,0.0676145]]},{"db":0,"id":"3","alt":"MEME","len":30,"ltrim":0,"rtrim":0,"nsites":12,"evalue":"3.9e-015","pwm":[[0.167309,0.663271,0.00211322,0.167309],[0.00201901,0.580625,0.250047,0.167309],[0.91111,0.00211322,0.0847575,0.00201901],[0.00201901,0.0847575,0.911204,0.00201901],[0.580531,0.00211322,0.415337,0.00201901],[0.00201901,0.911204,0.00211322,0.0846633],[0.00201901,0.00211322,0.00211322,0.993755],[0.249953,0.00211322,0.663271,0.0846633],[0.167309,0.0847575,0.663271,0.0846633],[0.91111,0.00211322,0.00211322,0.0846633],[0.0846633,0.00211322,0.911204,0.00201901],[0.249953,0.00211322,0.0847575,0.663176],[0.00201901,0.00211322,0.828559,0.167309],[0.167309,0.828559,0.00211322,0.00201901],[0.828465,0.00211322,0.00211322,0.167309],[0.0846633,0.0847575,0.828559,0.00201901],[0.167309,0.00211322,0.00211322,0.828465],[0.00201901,0.00211322,0.911204,0.0846633],[0.167309,0.00211322,0.828559,0.00201901],[0.00201901,0.663271,0.00211322,0.332597],[0.415242,0.00211322,0.332691,0.249953],[0.00201901,0.497981,0.332691,0.167309],[0.249953,0.00211322,0.415337,0.332597],[0.415242,0.0847575,0.415337,0.0846633],[0.0846633,0.00211322,0.167403,0.745821],[0.00201901,0.580625,0.00211322,0.415242],[0.332597,0.00211322,0.0847575,0.580531],[0.00201901,0.663271,0.00211322,0.332597],[0.91111,0.00211322,0.0847575,0.00201901],[0.167309,0.167403,0.663271,0.00201901]]},{"db":0,"id":"4","alt":"MEME","len":29,"ltrim":0,"rtrim":0,"nsites":7,"evalue":"2.6e-013","pwm":[[0.00344085,0.00360141,0.848672,0.144286],[0.00344085,0.00360141,0.989517,0.00344085],[0.00344085,0.848672,0.144446,0.00344085],[0.566822,0.00360141,0.426136,0.00344085],[0.00344085,0.707827,0.00360141,0.285131],[0.425976,0.00360141,0.566982,0.00344085],[0.00344085,0.00360141,0.989517,0.00344085],[0.00344085,0.00360141,0.00360141,0.989356],[0.00344085,0.00360141,0.848672,0.144286],[0.144286,0.00360141,0.848672,0.00344085],[0.00344085,0.989517,0.00360141,0.00344085],[0.425976,0.00360141,0.00360141,0.566822],[0.00344085,0.566982,0.00360141,0.425976],[0.707666,0.00360141,0.285291,0.00344085],[0.00344085,0.707827,0.00360141,0.285131],[0.285131,0.00360141,0.707827,0.00344085],[0.00344085,0.989517,0.00360141,0.00344085],[0.00344085,0.989517,0.00360141,0.00344085],[0.00344085,0.144446,0.00360141,0.848511],[0.285131,0.00360141,0.707827,0.00344085],[0.00344085,0.00360141,0.00360141,0.989356],[0.989356,0.00360141,0.00360141,0.00344085],[0.848511,0.00360141,0.144446,0.00344085],[0.00344085,0.00360141,0.00360141,0.989356],[0.144286,0.707827,0.00360141,0.144286],[0.00344085,0.848672,0.00360141,0.144286],[0.00344085,0.989517,0.00360141,0.00344085],[0.989356,0.00360141,0.00360141,0.00344085],[0.144286,0.00360141,0.848672,0.00344085]]},{"db":0,"id":"5","alt":"MEME","len":21,"ltrim":0,"rtrim":0,"nsites":55,"evalue":"4.2e-012","pwm":[[0.308973,0.290845,0.0367621,0.363419],[0.399717,0.000464065,0.000464065,0.599354],[0.381568,0.236399,0.381589,0.000443376],[0.254526,0.236399,0.0549101,0.454163],[0.0548894,0.0730591,0.163803,0.708247],[0.617503,0.000464065,0.21825,0.163782],[0.526759,0.0367621,0.0549101,0.381568],[0.871586,0.000464065,0.0367621,0.0911874],[0.835289,0.145655,0.0186131,0.000443376],[0.871586,0.000464065,0.0549101,0.0730384],[0.472312,0.0730591,0.0186131,0.436015],[0.490461,0.163803,0.21825,0.127485],[0.563056,0.181952,0.0730591,0.181931],[0.926033,0.000464065,0.000464065,0.0730384],[0.690098,0.163803,0.145655,0.000443376],[0.635652,0.000464065,0.0912081,0.272675],[0.436015,0.200101,0.127506,0.236378],[0.671949,0.0730591,0.127506,0.127485],[0.635652,0.0549101,0.000464065,0.308973],[0.581205,0.290845,0.000464065,0.127485],[0.744545,0.0186131,0.000464065,0.236378]]},{"db":0,"id":"7","alt":"MEME","len":30,"ltrim":0,"rtrim":0,"nsites":70,"evalue":"2.3e+001","pwm":[[0.0431444,0.200079,0.499651,0.257125],[0.0288787,0.342733,0.513917,0.114471],[0.114471,0.0859565,0.770693,0.0288787],[0.000348502,0.528182,0.399794,0.0716756],[0.228593,0.028895,0.685101,0.05741],[0.157267,0.22861,0.528182,0.0859402],[0.143002,0.128752,0.599509,0.128736],[0.285655,0.271407,0.371264,0.0716756],[0.100206,0.399794,0.371264,0.128736],[0.100206,0.399794,0.485386,0.0146141],[0.0146141,0.171549,0.670836,0.143002],[0.143002,0.0716919,0.613774,0.171533],[0.242859,0.143018,0.585243,0.0288787],[0.242859,0.22861,0.428324,0.100206],[0.185798,0.314202,0.356998,0.143002],[0.0859402,0.271407,0.456856,0.185798],[0.185798,0.299937,0.328467,0.185798],[0.0859402,0.214345,0.513917,0.185798],[0.143002,0.44259,0.41406,0.000348502],[0.157267,0.0859565,0.599509,0.157267],[0.0859402,0.185814,0.727896,0.000348502],[0.471105,0.271407,0.0716919,0.185798],[0.100206,0.0431606,0.842019,0.0146141],[0.000348502,0.257141,0.65657,0.0859402],[0.000348502,0.528182,0.328467,0.143002],[0.000348502,0.100222,0.670836,0.228593],[0.05741,0.22861,0.713632,0.000348502],[0.0859402,0.670836,0.214345,0.0288787],[0.200063,0.143018,0.456856,0.200063],[0.000348502,0.299937,0.699366,0.000348502]]},{"db":0,"id":"8","alt":"MEME","len":11,"ltrim":0,"rtrim":0,"nsites":70,"evalue":"8.2e-001","pwm":[[0.157267,0.000364765,0.842019,0.000348502],[0.143002,0.000364765,0.699366,0.157267],[0.0146141,0.328467,0.65657,0.000348502],[0.685084,0.000364765,0.0859565,0.228593],[0.285655,0.000364765,0.713632,0.000348502],[0.000348502,0.000364765,0.998938,0.000348502],[0.0431444,0.242875,0.713632,0.000348502],[0.371248,0.000364765,0.000364765,0.628023],[0.000348502,0.000364765,0.998938,0.000348502],[0.328451,0.000364765,0.670836,0.000348502],[0.157267,0.028895,0.813489,0.000348502]]},{"db":0,"id":"9","alt":"MEME","len":29,"ltrim":0,"rtrim":0,"nsites":6,"evalue":"1.5e+002","pwm":[[0.987611,0.0041918,0.0041918,0.00400492],[0.495808,0.0041918,0.495995,0.00400492],[0.987611,0.0041918,0.0041918,0.00400492],[0.00400492,0.65993,0.0041918,0.331873],[0.331873,0.0041918,0.495995,0.16794],[0.00400492,0.0041918,0.987798,0.00400492],[0.331873,0.168127,0.495995,0.00400492],[0.00400492,0.0041918,0.65993,0.331873],[0.00400492,0.0041918,0.0041918,0.987611],[0.00400492,0.0041918,0.0041918,0.987611],[0.00400492,0.0041918,0.0041918,0.987611],[0.00400492,0.495995,0.0041918,0.495808],[0.659743,0.168127,0.168127,0.00400492],[0.00400492,0.823864,0.0041918,0.16794],[0.00400492,0.987798,0.0041918,0.00400492],[0.987611,0.0041918,0.0041918,0.00400492],[0.00400492,0.33206,0.0041918,0.659743],[0.00400492,0.168127,0.823864,0.00400492],[0.00400492,0.0041918,0.168127,0.823677],[0.00400492,0.33206,0.0041918,0.659743],[0.331873,0.168127,0.33206,0.16794],[0.16794,0.33206,0.495995,0.00400492],[0.00400492,0.823864,0.0041918,0.16794],[0.00400492,0.33206,0.0041918,0.659743],[0.987611,0.0041918,0.0041918,0.00400492],[0.331873,0.168127,0.33206,0.16794],[0.00400492,0.0041918,0.987798,0.00400492],[0.16794,0.65993,0.0041918,0.16794],[0.331873,0.0041918,0.0041918,0.659743]]},{"db":1,"id":"CHGCCTS","alt":"DREME","len":7,"ltrim":0,"rtrim":0,"nsites":3158,"evalue":"4.0e-030","pwm":[[7.73566e-06,0.999976,8.09664e-06,7.73566e-06],[0.396132,0.246992,8.09664e-06,0.356867],[7.73566e-06,8.09664e-06,0.999976,7.73566e-06],[7.73566e-06,0.999976,8.09664e-06,7.73566e-06],[7.73566e-06,0.999976,8.09664e-06,7.73566e-06],[7.73566e-06,8.09664e-06,8.09664e-06,0.999976],[7.73566e-06,0.509492,0.490493,7.73566e-06]]},{"db":2,"id":"ANDR_HUMAN.H11MO.0.A","len":18,"ltrim":0,"rtrim":0,"nsites":499,"evalue":"1.0e+000","url":"http://hocomoco.autosome.ru/motif/ANDR_HUMAN.H11MO.0.A","pwm":[[0.148316,0.0701775,0.0361161,0.745391],[0.0621607,0.0481378,0.777451,0.112251],[0.0681716,0.0661702,0.0140765,0.851582],[0.188388,0.172361,0.144311,0.49494],[0.0781896,0.733371,0.0361161,0.152323],[0.122269,0.278553,0.0321089,0.56707],[0.180374,0.134293,0.196405,0.488929],[0.198406,0.178372,0.216441,0.406781],[0.176366,0.192397,0.222452,0.408785],[0.20041,0.256513,0.120268,0.42281],[0.0721788,0.0140765,0.0140765,0.899668],[0.254507,0.0301053,0.691295,0.0240922],[0.0280994,0.0220909,0.0200873,0.929722],[0.0180814,0.00606205,0.098228,0.877629],[0.00806337,0.00806566,0.0641666,0.919704],[0.420806,0.0281017,0.494942,0.0561499],[0.086204,0.524996,0.0481378,0.340662],[0.290572,0.158336,0.0541486,0.496943]]},{"db":2,"id":"AP2B_HUMAN.H11MO.0.B","len":10,"ltrim":0,"rtrim":1,"nsites":28,"evalue":"1.0e+000","url":"http://hocomoco.autosome.ru/motif/AP2B_HUMAN.H11MO.0.B","pwm":[[0.0402544,0.000909964,0.780734,0.178102],[0.000869395,0.646824,0.245097,0.107209],[0.000869395,0.961905,0.000909964,0.0363159],[0.115086,0.571993,0.000909964,0.312011],[0.075701,0.0363565,0.887073,0.000869395],[0.327765,0.31599,0.355375,0.000869395],[0.0717625,0.0363565,0.851627,0.0402544],[0.000869395,0.000909964,0.997351,0.000869395],[0.190902,0.123988,0.675379,0.00973103],[0.22241,0.446945,0.253959,0.0766856]]},{"db":2,"id":"ARI5B_HUMAN.H11MO.0.C","len":13,"ltrim":2,"rtrim":1,"nsites":15,"evalue":"1.0e+000","url":"http://hocomoco.autosome.ru/motif/ARI5B_HUMAN.H11MO.0.C","pwm":[[0.21685,0.0844748,0.349375,0.3493],[0.134068,0.266594,0.399044,0.200293],[0.00161788,0.266594,0.200369,0.531419],[0.00161788,0.134144,0.332819,0.531419],[0.332744,0.0679185,0.332819,0.266519],[0.200293,0.0679185,0.663945,0.067843],[0.00161788,0.00169338,0.00169338,0.994995],[0.862545,0.00169338,0.134144,0.00161788],[0.00161788,0.134144,0.00169338,0.862545],[0.00161788,0.0679185,0.0679185,0.862545],[0.134068,0.266594,0.531495,0.067843],[0.134068,0.0679185,0.266594,0.531419],[0.249962,0.117587,0.448713,0.183737]]},{"db":2,"id":"BACH1_HUMAN.H11MO.0.A","len":13,"ltrim":0,"rtrim":2,"nsites":500,"evalue":"1.0e+000","url":"http://hocomoco.autosome.ru/motif/BACH1_HUMAN.H11MO.0.A","pwm":[[0.0628503,0.168183,0.0975458,0.671421],[0.00920552,0.0664261,0.922337,0.00203091],[0.0209133,0.967527,0.00397558,0.00758441],[0.0362171,0.0795843,0.0801402,0.804058],[0.0038971,0.0613576,0.890889,0.0438567],[0.802819,0.0206201,0.124524,0.0520367],[0.0133104,0.214867,0.763224,0.00859922],[0.00624843,0.0361805,0.145879,0.811692],[0.01624,0.943693,0.0343178,0.00574879],[0.78628,0.0958387,0.0824544,0.0354265],[0.00982617,0.334263,0.256607,0.399304],[0.151627,0.265557,0.394693,0.188123],[0.105264,0.378565,0.372602,0.143569]]},{"db":2,"id":"BACH2_HUMAN.H11MO.0.A","len":11,"ltrim":0,"rtrim":1,"nsites":500,"evalue":"1.0e+000","url":"http://hocomoco.autosome.ru/motif/BACH2_HUMAN.H11MO.0.A","pwm":[[0.122024,0.0960319,0.0680375,0.713906],[0.0140461,0.0780355,0.893872,0.0140461],[0.0440401,0.923866,0.0120487,0.0200449],[0.0780333,0.0380435,0.00804953,0.875874],[0.0580373,0.0600391,0.793892,0.0880313],[0.757897,0.0380435,0.0560399,0.148019],[0.0440401,0.224006,0.669917,0.0620365],[0.0100469,0.0160479,0.00804953,0.965856],[0.0600369,0.919867,0.0160479,0.00404805],[0.963856,0.0120487,0.00804953,0.0160457],[0.0560377,0.319987,0.212009,0.411966]]},{"db":2,"id":"CRX_HUMAN.H11MO.0.B","len":13,"ltrim":1,"rtrim":1,"nsites":500,"evalue":"1.0e+000","url":"http://hocomoco.autosome.ru/motif/CRX_HUMAN.H11MO.0.B","pwm":[[0.247999,0.164018,0.152021,0.435962],[0.533942,0.10403,0.261999,0.100029],[0.573934,0.0460419,0.275996,0.104028],[0.172014,0.0920327,0.565938,0.170015],[0.497949,0.164018,0.261999,0.0760337],[0.19201,0.00604993,0.775896,0.0260437],[0.0320425,0.0100491,0.935864,0.0220445],[0.763896,0.218008,0.0160479,0.00204845],[4.88502e-05,5.11298e-05,5.11298e-05,0.999849],[0.0220445,0.0580395,0.0240463,0.89587],[0.879873,0.00405033,0.0340443,0.0820325],[0.269995,0.0660379,0.525946,0.138021],[0.234002,0.323986,0.343982,0.0980293]]},{"db":2,"id":"DLX3_HUMAN.H11MO.0.C","len":10,"ltrim":0,"rtrim":1,"nsites":34,"evalue":"1.0e+000","url":"http://hocomoco.autosome.ru/motif/DLX3_HUMAN.H11MO.0.C","pwm":[[0.17329,0.128569,0.659114,0.0390271],[0.412006,0.403826,0.183451,0.000716422],[0.000716422,0.023127,0.000749853,0.975407],[0.975407,0.000749853,0.023127,0.000716422],[0.997784,0.000749853,0.000749853,0.000716422],[0.000716422,0.000749853,0.000749853,0.997784],[0.000716422,0.000749853,0.0455041,0.95303],[0.541452,0.000749853,0.363888,0.0939095],[0.161041,0.515711,0.277777,0.0454707],[0.4455,0.154631,0.102795,0.297074]]},{"db":2,"id":"E2F3_HUMAN.H11MO.0.A","len":11,"ltrim":2,"rtrim":0,"nsites":500,"evalue":"1.0e+000","url":"http://hocomoco.autosome.ru/motif/E2F3_HUMAN.H11MO.0.A","pwm":[[0.375974,0.140023,0.20801,0.275994],[0.261996,0.0460419,0.409969,0.281992],[0.126024,0.124026,0.675916,0.0740341],[0.0340421,0.00604993,0.95586,0.00404805],[0.124024,0.769897,0.0200471,0.0860317],[0.152018,0.00405033,0.683914,0.160017],[0.0960297,0.0200471,0.867878,0.0160457],[0.0180453,0.0100491,0.95786,0.0140461],[0.833882,0.0380435,0.118028,0.0100469],[0.711906,0.0620387,0.200011,0.0260437],[0.533942,0.110029,0.250001,0.106028]]},{"db":2,"id":"E2F6_HUMAN.H11MO.0.A","len":13,"ltrim":1,"rtrim":2,"nsites":500,"evalue":"1.0e+000","url":"http://hocomoco.autosome.ru/motif/E2F6_HUMAN.H11MO.0.A","pwm":[[0.337981,0.148022,0.341983,0.172014],[0.261996,0.0340443,0.55594,0.148019],[0.154018,0.126026,0.699911,0.0200449],[0.0100469,0.0160479,0.963858,0.0100469],[0.214006,0.70791,0.0120487,0.0660357],[0.0400409,0.0180475,0.893872,0.0480393],[0.0240441,0.0480415,0.895872,0.0320425],[0.0720345,0.0440423,0.871877,0.0120465],[0.94186,0.0320447,0.0140483,0.0120465],[0.511946,0.0360439,0.435964,0.0160457],[0.383972,0.10803,0.437964,0.0700349],[0.277993,0.218008,0.377976,0.126024],[0.275994,0.162019,0.425966,0.136022]]},{"db":2,"id":"ESR1_HUMAN.H11MO.0.A","len":15,"ltrim":0,"rtrim":0,"nsites":500,"evalue":"1.0e+000","url":"http://hocomoco.autosome.ru/motif/ESR1_HUMAN.H11MO.0.A","pwm":[[0.637921,0.0480415,0.259999,0.0540381],[0.0740341,0.00604993,0.80789,0.112026],[0.0460397,0.0180475,0.90787,0.0280433],[0.0940301,0.0720367,0.178016,0.655918],[0.00204845,0.887874,0.0480415,0.0620365],[0.855878,0.00604993,0.112029,0.0260437],[0.108027,0.441963,0.311989,0.138021],[0.39597,0.60393,5.11298e-05,4.88502e-05],[0.182012,0.375976,0.285994,0.156018],[0.104028,0.0780355,0.0440423,0.773894],[0.0540381,0.0340443,0.90787,0.00404805],[0.617925,0.198012,0.0700371,0.114026],[0.0400409,0.883874,0.0140483,0.0620365],[0.0900309,0.821887,0.00804953,0.0800329],[0.0580373,0.329985,0.0660379,0.54594]]},{"db":2,"id":"FOSB_HUMAN.H11MO.0.A","len":9,"ltrim":1,"rtrim":1,"nsites":500,"evalue":"1.0e+000","url":"http://hocomoco.autosome.ru/motif/FOSB_HUMAN.H11MO.0.A","pwm":[[0.413966,0.20601,0.291993,0.0880313],[0.0100469,0.0120487,0.00205073,0.975854],[0.0120465,0.0140483,0.917868,0.0560377],[0.89587,0.0120487,0.0180475,0.0740341],[0.204008,5.11298e-05,0.795892,4.88502e-05],[0.0180453,0.0300451,0.10603,0.84588],[0.0540381,0.90387,0.0280455,0.0140461],[0.965856,0.0100491,0.00604993,0.0180453],[0.0720345,0.329985,0.230005,0.367975]]},{"db":2,"id":"FOS_HUMAN.H11MO.0.A","len":9,"ltrim":1,"rtrim":0,"nsites":500,"evalue":"1.0e+000","url":"http://hocomoco.autosome.ru/motif/FOS_HUMAN.H11MO.0.A","pwm":[[0.34598,0.216008,0.359979,0.0780333],[0.0100469,0.0180475,0.0100491,0.961856],[0.0160457,0.0340443,0.859879,0.0900309],[0.935862,0.00804953,0.0280455,0.0280433],[0.116026,5.11298e-05,0.883874,4.88502e-05],[0.0220445,0.0260459,0.0240463,0.927863],[0.0420405,0.933864,0.0240463,4.88502e-05],[0.959857,0.0160479,0.0120487,0.0120465],[0.0280433,0.417968,0.263998,0.289991]]},{"db":2,"id":"FOXC1_HUMAN.H11MO.0.C","len":15,"ltrim":2,"rtrim":0,"nsites":26,"evalue":"1.0e+000","url":"http://hocomoco.autosome.ru/motif/FOXC1_HUMAN.H11MO.0.C","pwm":[[0.135036,0.479907,0.173393,0.211664],[0.345764,0.077608,0.345807,0.230821],[0.269135,0.154236,0.077608,0.49902],[0.000936015,0.000979693,0.000979693,0.997105],[0.000936015,0.000979693,0.997148,0.000936015],[0.0392502,0.000979693,0.000979693,0.95879],[0.0392502,0.000979693,0.000979693,0.95879],[0.000936015,0.000979693,0.0392939,0.95879],[0.95879,0.000979693,0.000979693,0.0392502],[0.000936015,0.728949,0.000979693,0.269135],[0.230821,0.115922,0.000979693,0.652277],[0.000936015,0.192551,0.000979693,0.805534],[0.652277,0.000979693,0.000979693,0.345764],[0.460706,0.192551,0.269179,0.0775644],[0.0392502,0.269179,0.575692,0.115879]]},{"db":2,"id":"FOXJ2_HUMAN.H11MO.0.C","len":10,"ltrim":0,"rtrim":0,"nsites":41,"evalue":"1.0e+000","url":"http://hocomoco.autosome.ru/motif/FOXJ2_HUMAN.H11MO.0.C","pwm":[[0.000594404,0.0243111,0.000622141,0.974472],[0.30855,0.000622141,0.642855,0.0479723],[0.000594404,0.000622141,0.0243111,0.974472],[0.000594404,0.000622141,0.000622141,0.998161],[0.000594404,0.000622141,0.000622141,0.998161],[0.548072,0.000622141,0.450712,0.000594404],[0.000594404,0.192766,0.000622141,0.806018],[0.119039,0.216455,0.000622141,0.663884],[0.000594404,0.0243111,0.237511,0.737583],[0.465161,0.0835334,0.130911,0.320395]]},{"db":2,"id":"FOXJ3_HUMAN.H11MO.0.A","len":13,"ltrim":1,"rtrim":0,"nsites":626,"evalue":"1.0e+000","url":"http://hocomoco.autosome.ru/motif/FOXJ3_HUMAN.H11MO.0.A","pwm":[[0.194104,0.146489,0.164705,0.494703],[3.90193e-05,4.08401e-05,4.08401e-05,0.999879],[0.0829608,4.08401e-05,0.914275,0.00272314],[0.00111267,4.08401e-05,4.08401e-05,0.998806],[3.90193e-05,4.08401e-05,4.08401e-05,0.999879],[0.00887182,4.08401e-05,0.175706,0.815382],[0.81815,4.08401e-05,0.0369619,0.144847],[3.90193e-05,0.0711421,4.08401e-05,0.928778],[0.113303,4.08401e-05,0.430182,0.456474],[0.0440537,4.08401e-05,0.325668,0.630237],[0.0528122,4.08401e-05,0.0291576,0.917989],[0.00590373,0.0101747,0.0168457,0.967076],[0.358503,0.0704084,0.138477,0.432612]]},{"db":2,"id":"FOXP1_HUMAN.H11MO.0.A","len":9,"ltrim":0,"rtrim":0,"nsites":295,"evalue":"1.0e+000","url":"http://hocomoco.autosome.ru/motif/FOXP1_HUMAN.H11MO.0.A","pwm":[[0.0576904,0.139023,0.176298,0.626989],[0.0136375,0.281347,0.311845,0.39317],[0.00686015,0.0204187,0.0305848,0.942136],[0.0204149,0.0407508,0.84048,0.0983546],[8.27855e-05,0.0170301,0.0576942,0.925193],[0.00686015,0.0949697,0.0407508,0.857419],[0.0102488,0.0136414,0.081415,0.894695],[0.525328,0.345732,0.0373621,0.0915772],[0.0170262,0.484668,0.0102527,0.488053]]},{"db":2,"id":"IRF1_HUMAN.H11MO.0.A","len":20,"ltrim":1,"rtrim":1,"nsites":499,"evalue":"1.0e+000","url":"http://hocomoco.autosome.ru/motif/IRF1_HUMAN.H11MO.0.A","pwm":[[0.338658,0.176369,0.356693,0.12828],[0.605138,0.098228,0.192397,0.104236],[0.657232,0.0962243,0.128282,0.118262],[0.735373,0.0741847,0.0781919,0.112251],[0.310608,0.228462,0.266531,0.194399],[0.298586,0.1383,0.152325,0.410788],[0.166348,0.00806566,0.82153,0.00405616],[0.93373,0.0100693,0.0461342,0.010067],[0.987827,0.00205484,5.12322e-05,0.010067],[0.98382,0.00205484,0.00606205,0.00806337],[0.136294,0.364708,0.468895,0.030103],[0.20041,0.100232,0.0220909,0.677268],[0.10624,0.00405845,0.887649,0.00205255],[0.937737,0.0160801,0.042127,0.00405616],[0.96178,5.12322e-05,0.0281017,0.010067],[0.985823,0.00405845,0.00405845,0.00605977],[0.0441283,0.3607,0.547036,0.0481355],[0.196402,0.242488,0.0761883,0.484922],[0.468893,0.124275,0.308607,0.0982257],[0.436835,0.16034,0.268535,0.134291]]},{"db":2,"id":"IRF3_HUMAN.H11MO.0.B","len":20,"ltrim":0,"rtrim":0,"nsites":500,"evalue":"1.0e+000","url":"http://hocomoco.autosome.ru/motif/IRF3_HUMAN.H11MO.0.B","pwm":[[0.299989,0.0780355,0.513948,0.108027],[0.603928,0.0440423,0.299991,0.0520385],[0.677913,0.0660379,0.214008,0.0420405],[0.719905,0.0740363,0.110029,0.0960297],[0.305988,0.10803,0.45596,0.130023],[0.224004,0.0540403,0.55794,0.164016],[0.202008,0.0540403,0.731905,0.0120465],[0.819885,0.0180475,0.148022,0.0140461],[0.815886,0.0360439,0.126026,0.0220445],[0.899869,0.0160479,0.0300451,0.0540381],[0.224004,0.261999,0.445962,0.0680353],[0.29199,0.0880335,0.401971,0.218005],[0.200009,0.00604993,0.783894,0.0100469],[0.673914,0.0240463,0.289993,0.0120465],[0.879873,0.0360439,0.0720367,0.0120465],[0.94186,0.00405033,0.0400431,0.0140461],[0.0960297,0.313988,0.547942,0.0420405],[0.265996,0.142023,0.273996,0.317985],[0.228003,0.122027,0.585934,0.0640361],[0.681912,0.0700371,0.178016,0.0700349]]},{"db":2,"id":"KLF12_HUMAN.H11MO.0.C","len":11,"ltrim":1,"rtrim":0,"nsites":452,"evalue":"1.0e+000","url":"http://hocomoco.autosome.ru/motif/KLF12_HUMAN.H11MO.0.C","pwm":[[0.378289,0.342901,0.194704,0.0841062],[0.247787,0.0310232,0.581786,0.139404],[0.0641991,5.65583e-05,0.931266,0.00447784],[5.40367e-05,0.00226846,0.995412,0.00226594],[5.40367e-05,5.65583e-05,0.999835,5.40367e-05],[0.0907419,0.878181,0.00226846,0.0288087],[0.022173,0.00226846,0.960021,0.0155373],[0.00447784,0.00890416,0.791917,0.194701],[0.0973776,5.65583e-05,0.862698,0.0398682],[0.0133254,0.00669226,0.964445,0.0155373],[0.130556,0.800764,0.0288113,0.0398682]]},{"db":2,"id":"KLF4_HUMAN.H11MO.0.A","len":10,"ltrim":0,"rtrim":0,"nsites":500,"evalue":"1.0e+000","url":"http://hocomoco.autosome.ru/motif/KLF4_HUMAN.H11MO.0.A","pwm":[[0.419965,0.0200471,0.20401,0.355978],[0.00804725,5.11298e-05,0.987854,0.00404805],[0.00204845,5.11298e-05,0.991853,0.00604765],[0.0120465,0.00405033,0.977856,0.00604765],[0.0260437,0.443962,0.00405033,0.525944],[0.00404805,0.00405033,0.991853,4.88502e-05],[0.00404805,0.00405033,0.437964,0.553938],[0.0500389,0.0160479,0.885874,0.0480393],[0.0140461,0.0380435,0.881875,0.0660357],[0.0540381,0.627926,0.0680375,0.249999]]},{"db":2,"id":"KLF6_HUMAN.H11MO.0.A","len":19,"ltrim":1,"rtrim":0,"nsites":496,"evalue":"1.0e+000","url":"http://hocomoco.autosome.ru/motif/KLF6_HUMAN.H11MO.0.A","pwm":[[0.15526,0.185498,0.510029,0.149213],[0.221779,0.247985,0.479794,0.0504423],[0.445524,0.189529,0.280237,0.0847096],[0.459634,0.018193,0.368929,0.153244],[0.0484266,0.00609871,0.814403,0.131071],[0.0242379,5.1542e-05,0.955504,0.0202065],[0.0443951,0.0524603,0.891001,0.0121436],[0.260077,0.457621,5.1542e-05,0.28225],[0.116961,0.00609871,0.854718,0.0222222],[0.0282694,0.0222245,0.689429,0.260077],[0.209684,0.0645547,0.683382,0.0423794],[0.0867253,0.0302874,0.836576,0.0464109],[0.229842,0.453589,0.207671,0.108898],[0.294345,0.318536,0.137121,0.249999],[0.0625366,0.157278,0.522124,0.258062],[0.147197,0.127042,0.6088,0.116961],[0.161307,0.171388,0.602753,0.0645524],[0.348769,0.110916,0.433432,0.106883],[0.258062,0.233875,0.455605,0.052458]]},{"db":2,"id":"LHX2_HUMAN.H11MO.0.A","len":12,"ltrim":2,"rtrim":3,"nsites":430,"evalue":"1.0e+000","url":"http://hocomoco.autosome.ru/motif/LHX2_HUMAN.H11MO.0.A","pwm":[[0.132584,0.176763,0.237214,0.45344],[0.0930584,0.262789,0.31859,0.325562],[0.111659,0.432517,0.0163347,0.439489],[0.0279573,0.0116847,5.94513e-05,0.960299],[0.774295,0.176763,0.0395851,0.00935696],[0.957974,0.0279599,0.00238449,0.011682],[5.68007e-05,0.0209848,0.0209848,0.957974],[0.00935696,0.0140097,0.237214,0.73942],[0.578992,0.00703457,0.353466,0.0605079],[0.17211,0.225588,0.492968,0.109334],[0.17676,0.241864,0.125612,0.455765],[0.0884083,0.213963,0.241864,0.455765]]},{"db":2,"id":"MAFF_HUMAN.H11MO.0.B","len":18,"ltrim":0,"rtrim":0,"nsites":473,"evalue":"1.0e+000","url":"http://hocomoco.autosome.ru/motif/MAFF_HUMAN.H11MO.0.B","pwm":[[0.057122,0.0698067,0.0824891,0.790582],[0.0211888,0.0951714,0.76522,0.11842],[0.0550083,0.883588,0.0296461,0.0317574],[0.0846004,0.0613519,0.0063952,0.847653],[0.02753,0.112081,0.744083,0.116306],[0.771559,0.0507833,0.0444421,0.133216],[0.0592357,0.410115,0.433366,0.0972827],[0.0846004,0.0888302,0.0592382,0.767331],[0.0909415,0.661648,0.0423284,0.205082],[0.672214,0.0571244,0.12265,0.148012],[0.0655769,0.0930576,0.625715,0.215651],[0.0402123,0.780016,0.112081,0.0676906],[0.589779,0.109967,0.120536,0.179718],[0.177604,0.234677,0.224108,0.363611],[0.234674,0.137446,0.12265,0.50523],[0.164922,0.177606,0.0465558,0.610916],[0.0993964,0.2537,0.0782616,0.568642],[0.131102,0.205085,0.133218,0.530595]]},{"db":2,"id":"MEF2A_HUMAN.H11MO.0.A","len":13,"ltrim":1,"rtrim":1,"nsites":500,"evalue":"1.0e+000","url":"http://hocomoco.autosome.ru/motif/MEF2A_HUMAN.H11MO.0.A","pwm":[[0.273994,0.0780355,0.244002,0.403968],[0.128023,0.0800351,0.387974,0.403968],[0.0280433,0.723906,0.0500411,0.198009],[0.00204845,0.0560399,5.11298e-05,0.94186],[0.927863,0.00604993,0.00804953,0.0580373],[0.0640361,0.00205073,0.00804953,0.925864],[0.102028,0.00205073,0.00405033,0.89187],[0.0140461,0.0480415,0.0100491,0.927863],[0.134022,0.0820347,0.0120487,0.771894],[0.140021,0.0360439,0.116028,0.707907],[0.549939,0.00205073,0.435964,0.0120465],[0.160017,0.0380435,0.65792,0.14402],[0.359977,0.383974,0.10403,0.152018]]},{"db":2,"id":"MEF2B_HUMAN.H11MO.0.A","len":14,"ltrim":2,"rtrim":0,"nsites":500,"evalue":"1.0e+000","url":"http://hocomoco.autosome.ru/motif/MEF2B_HUMAN.H11MO.0.A","pwm":[[0.253998,0.118028,0.413968,0.214006],[0.19401,0.110029,0.252001,0.44396],[0.204008,0.0360439,0.271997,0.487951],[0.168015,0.10403,0.373976,0.353978],[0.0480393,0.771897,0.0400431,0.140021],[0.00204845,0.0880335,0.00205073,0.907867],[0.861876,0.0260459,0.0320447,0.0800329],[0.106028,0.0200471,0.00604993,0.867875],[0.0760337,0.00604993,0.00405033,0.913866],[0.0360417,0.0480415,0.0140483,0.901868],[0.134022,0.118028,0.0480415,0.699909],[0.170015,0.0560399,0.140023,0.633922],[0.471954,5.11298e-05,0.487954,0.0400409],[0.122024,0.0520407,0.695912,0.130023]]},{"db":2,"id":"MEF2C_HUMAN.H11MO.0.A","len":13,"ltrim":1,"rtrim":1,"nsites":500,"evalue":"1.0e+000","url":"http://hocomoco.autosome.ru/motif/MEF2C_HUMAN.H11MO.0.A","pwm":[[0.297989,0.0740363,0.283994,0.34398],[0.104028,0.0920327,0.419967,0.383972],[0.0300429,0.691913,0.0460419,0.232002],[0.00204845,0.0620387,5.11298e-05,0.935862],[0.947859,0.0160479,0.00604993,0.0300429],[0.0600369,0.00604993,0.00205073,0.931862],[0.0800329,0.0120487,0.00604993,0.901868],[0.0240441,0.0380435,0.0100491,0.927863],[0.148019,0.0900331,0.0220467,0.739901],[0.138021,0.0420427,0.122027,0.697909],[0.565936,0.00405033,0.421967,0.00804725],[0.154018,0.0720367,0.633924,0.140021],[0.359977,0.363978,0.102031,0.174014]]},{"db":2,"id":"MEF2D_HUMAN.H11MO.0.A","len":12,"ltrim":1,"rtrim":0,"nsites":500,"evalue":"1.0e+000","url":"http://hocomoco.autosome.ru/motif/MEF2D_HUMAN.H11MO.0.A","pwm":[[0.311986,0.0560399,0.301991,0.329983],[0.0680353,0.0640383,0.499951,0.367975],[0.0240441,0.7579,0.0600391,0.158017],[0.00204845,0.0200471,0.00604993,0.971854],[0.969855,0.00205073,0.00205073,0.0260437],[0.0540381,0.00604993,0.00405033,0.935862],[0.0800329,0.0120487,0.00804953,0.899869],[0.0940301,0.0400431,0.00604993,0.859877],[0.297989,0.0860339,0.0120487,0.603928],[0.0860317,0.0140483,0.0540403,0.84588],[0.753898,5.11298e-05,0.236004,0.0100469],[0.0940301,0.0320447,0.785894,0.0880313]]},{"db":2,"id":"NFAC1_HUMAN.H11MO.0.B","len":15,"ltrim":0,"rtrim":2,"nsites":500,"evalue":"1.0e+000","url":"http://hocomoco.autosome.ru/motif/NFAC1_HUMAN.H11MO.0.B","pwm":[[0.481952,0.230005,0.234004,0.0540381],[0.39397,0.0500411,0.0600391,0.49595],[0.0840321,0.00804953,0.90387,0.00404805],[0.0140461,0.0460419,0.929865,0.0100469],[0.94586,0.0120487,0.0360439,0.00604765],[0.809887,0.0680375,0.10403,0.0180453],[0.821884,0.0680375,0.0840343,0.0260437],[0.499949,0.166018,0.267998,0.0660357],[0.49395,0.0520407,0.142023,0.311986],[0.355978,0.238004,0.345982,0.0600369],[0.487951,0.0880335,0.0440423,0.379973],[0.263996,0.0300451,0.547942,0.158017],[0.537941,0.122027,0.222007,0.118025],[0.429963,0.317988,0.188014,0.0640361],[0.449959,0.120027,0.138024,0.29199]]},{"db":2,"id":"NFYA_HUMAN.H11MO.0.A","len":14,"ltrim":1,"rtrim":0,"nsites":500,"evalue":"1.0e+000","url":"http://hocomoco.autosome.ru/motif/NFYA_HUMAN.H11MO.0.A","pwm":[[0.122024,0.323986,0.210009,0.34398],[0.0900309,0.409969,0.122027,0.377973],[0.503948,0.100031,0.351981,0.0440401],[0.375974,0.0140483,0.489953,0.120025],[0.00604765,0.989853,5.11298e-05,0.00404805],[0.00404805,0.985854,0.00205073,0.00804725],[0.999849,5.11298e-05,5.11298e-05,4.88502e-05],[0.967855,0.0120487,0.0180475,0.00204845],[0.00404805,0.0200471,0.00405033,0.971854],[0.14402,0.55394,0.258,0.0440401],[0.673914,0.0520407,0.261999,0.0120465],[0.234002,0.178016,0.521947,0.0660357],[0.579933,0.212009,0.140023,0.0680353],[0.459957,0.0300451,0.395972,0.114026]]},{"db":2,"id":"NR1I2_HUMAN.H11MO.0.C","len":19,"ltrim":2,"rtrim":1,"nsites":29,"evalue":"1.0e+000","url":"http://hocomoco.autosome.ru/motif/NR1I2_HUMAN.H11MO.0.C","pwm":[[0.321164,0.125449,0.193073,0.360314],[0.299809,0.0649435,0.399504,0.235744],[0.431497,0.136127,0.395945,0.0364311],[0.264217,0.000878694,0.662882,0.0720226],[0.0684635,0.203751,0.559666,0.16812],[0.000839519,0.0329111,0.0649435,0.901306],[0.000839519,0.605935,0.0649435,0.328282],[0.705552,0.292729,0.000878694,0.000839519],[0.598778,0.0969759,0.1646,0.139647],[0.299809,0.20731,0.292729,0.200152],[0.331841,0.235783,0.232224,0.200152],[0.595219,0.0685027,0.335439,0.000839519],[0.92622,0.000878694,0.0720618,0.000839519],[0.000839519,0.000878694,0.997442,0.000839519],[0.000839519,0.0720618,0.303407,0.623692],[0.0969367,0.0649435,0.0364703,0.80165],[0.000839519,0.758979,0.136127,0.104055],[0.897747,0.0329111,0.0685027,0.000839519],[0.130749,0.226885,0.355015,0.287352]]},{"db":2,"id":"PATZ1_HUMAN.H11MO.0.C","len":22,"ltrim":0,"rtrim":1,"nsites":491,"evalue":"1.0e+000","url":"http://hocomoco.autosome.ru/motif/PATZ1_HUMAN.H11MO.0.C","pwm":[[0.234218,0.0916831,0.560019,0.114079],[0.136478,0.0265233,0.639433,0.197566],[0.142587,0.0835381,0.682194,0.0916808],[0.0407746,0.0855744,0.841021,0.0326297],[0.458205,0.287163,0.13648,0.118152],[0.244399,0.0611394,0.623143,0.0713183],[0.142587,0.0305957,0.706629,0.120188],[0.215892,0.0652119,0.692375,0.0265209],[0.126297,0.016342,0.84713,0.010231],[0.211819,0.118154,0.614998,0.0550284],[0.41748,0.557983,0.00819705,0.0163397],[0.0794633,0.0285595,0.553911,0.338066],[0.0285572,0.142589,0.76568,0.0631733],[0.160913,0.160915,0.606853,0.0713183],[0.327885,0.0631757,0.578346,0.0305934],[0.291233,0.191459,0.49486,0.0224484],[0.240327,0.240329,0.34825,0.171094],[0.158877,0.0753931,0.576309,0.189421],[0.128333,0.0570669,0.773825,0.0407746],[0.413408,0.21793,0.313634,0.0550284],[0.317704,0.0143058,0.623143,0.0448471],[0.138514,0.203677,0.488751,0.169058]]},{"db":2,"id":"PAX6_HUMAN.H11MO.0.C","len":12,"ltrim":0,"rtrim":0,"nsites":500,"evalue":"1.0e+000","url":"http://hocomoco.autosome.ru/motif/PAX6_HUMAN.H11MO.0.C","pwm":[[0.124024,0.0320447,0.0740363,0.769895],[0.0220445,0.341983,0.0380435,0.597929],[0.415966,0.467958,0.0500411,0.0660357],[0.0440401,0.565938,0.0400431,0.349979],[0.285992,0.0700371,0.60593,0.0380413],[0.0100469,0.80389,0.166018,0.0200449],[0.257997,0.136024,0.0180475,0.587931],[0.0280433,0.0760359,0.0180475,0.877873],[0.0140461,0.40797,0.567938,0.0100469],[0.709907,0.0160479,0.236004,0.0380413],[0.14602,0.35798,0.287994,0.208007],[0.0660357,0.0940323,0.0320447,0.807887]]},{"db":2,"id":"PIT1_HUMAN.H11MO.0.C","len":13,"ltrim":0,"rtrim":1,"nsites":38,"evalue":"1.0e+000","url":"http://hocomoco.autosome.ru/motif/PIT1_HUMAN.H11MO.0.C","pwm":[[0.0821419,0.44368,0.120905,0.353273],[0.233039,0.142692,0.0458597,0.578409],[0.400882,0.446101,0.126553,0.0264632],[0.659103,0.107187,0.000671129,0.233039],[0.0845628,0.000671129,0.000671129,0.914095],[0.01678,0.000671129,0.981908,0.000641207],[0.568726,0.165286,0.136237,0.129751],[0.917323,0.000671129,0.000671129,0.081335],[0.271772,0.000671129,0.0490874,0.678469],[0.87859,0.000671129,0.0329486,0.0877905],[0.262089,0.000671129,0.000671129,0.736569],[0.53322,0.000671129,0.155603,0.310505],[0.16687,0.312149,0.131395,0.389585]]},{"db":2,"id":"PO3F2_HUMAN.H11MO.0.A","len":17,"ltrim":0,"rtrim":1,"nsites":496,"evalue":"1.0e+000","url":"http://hocomoco.autosome.ru/motif/PO3F2_HUMAN.H11MO.0.A","pwm":[[0.0464109,0.356834,0.102853,0.493901],[0.149213,0.362882,0.0585075,0.429398],[0.0141593,0.935347,0.0222245,0.0282694],[0.828511,0.102853,0.00408299,0.0645524],[0.0121436,0.00609871,0.0242402,0.957517],[0.0403637,0.0363345,0.661209,0.262093],[0.276203,0.671287,0.0343188,0.0181907],[0.649112,0.225812,0.0968062,0.0282694],[0.249999,0.0323031,0.0323031,0.685395],[0.481807,0.0585075,0.0504446,0.409241],[0.300392,0.018193,0.0141616,0.667253],[0.0343165,0.266127,0.181467,0.51809],[0.016175,0.66524,0.131074,0.187511],[0.653143,0.2883,0.0242402,0.0343165],[0.29636,0.0323031,0.0665704,0.604766],[0.14115,0.133089,0.175419,0.550342],[0.223794,0.4294,0.211702,0.135103]]},{"db":2,"id":"PRRX2_HUMAN.H11MO.0.C","len":7,"ltrim":1,"rtrim":0,"nsites":59,"evalue":"1.0e+000","url":"http://hocomoco.autosome.ru/motif/PRRX2_HUMAN.H11MO.0.C","pwm":[[0.173848,0.309231,0.0723447,0.444576],[0.000413367,0.000432656,0.000432656,0.998721],[0.998721,0.000432656,0.000432656,0.000413367],[0.981801,0.000432656,0.0173531,0.000413367],[0.0173338,0.0173531,0.000432656,0.96488],[0.000413367,0.0511941,0.0511941,0.897198],[0.457266,0.0173531,0.491126,0.0342543]]},{"db":2,"id":"SALL4_HUMAN.H11MO.0.B","len":10,"ltrim":2,"rtrim":0,"nsites":500,"evalue":"1.0e+000","url":"http://hocomoco.autosome.ru/motif/SALL4_HUMAN.H11MO.0.B","pwm":[[0.180013,0.138024,0.513948,0.168015],[0.134022,0.258,0.477956,0.130023],[0.359977,0.00604993,0.343982,0.289991],[0.0120465,0.00205073,0.971857,0.0140461],[0.00204845,0.00405033,0.981855,0.0120465],[0.0200449,0.162019,0.80389,0.0140461],[0.373974,0.0300451,0.0100491,0.585932],[0.00604765,0.00205073,0.987854,0.00404805],[0.0980293,0.0160479,0.659919,0.226004],[0.118025,0.0240463,0.813888,0.0440401]]},{"db":2,"id":"SMCA5_HUMAN.H11MO.0.C","len":15,"ltrim":0,"rtrim":0,"nsites":404,"evalue":"1.0e+000","url":"http://hocomoco.autosome.ru/motif/SMCA5_HUMAN.H11MO.0.C","pwm":[[0.03718,0.0297589,0.90578,0.0272814],[0.735027,0.123795,0.106473,0.0347053],[0.509835,0.245052,0.205458,0.0396546],[0.108944,0.0569799,0.136168,0.697908],[0.133691,0.297019,0.334139,0.235151],[0.0866727,0.116371,0.786997,0.009959],[0.836487,0.0322335,0.0743023,0.0569771],[0.868657,0.0347082,0.0842009,0.0124336],[0.123792,0.049556,0.111422,0.71523],[0.116368,0.00996182,0.861236,0.0124336],[0.0248068,0.309393,0.650892,0.0149083],[0.893404,0.0124365,0.0396574,0.0545024],[0.593973,0.173288,0.215357,0.0173829],[0.351459,0.0693531,0.0668784,0.51231],[0.0520278,0.678113,0.183186,0.0866727]]},{"db":2,"id":"SOX17_HUMAN.H11MO.0.C","len":11,"ltrim":1,"rtrim":3,"nsites":500,"evalue":"1.0e+000","url":"http://hocomoco.autosome.ru/motif/SOX17_HUMAN.H11MO.0.C","pwm":[[0.114026,0.283994,0.425966,0.176014],[0.0320425,0.80589,0.0920327,0.0700349],[0.0400409,0.799891,0.00405033,0.156018],[0.887871,0.0160479,0.00405033,0.0920305],[0.00404805,0.0200471,0.0100491,0.965856],[0.00804725,0.118028,0.112029,0.761896],[0.0225444,0.0665378,0.620427,0.290491],[0.0285432,0.0225466,0.0145482,0.934362],[0.134522,0.136524,0.276496,0.452458],[0.074534,0.290493,0.228505,0.406468],[0.130523,0.236504,0.196512,0.436462]]},{"db":2,"id":"SOX4_HUMAN.H11MO.0.B","len":12,"ltrim":0,"rtrim":1,"nsites":500,"evalue":"1.0e+000","url":"http://hocomoco.autosome.ru/motif/SOX4_HUMAN.H11MO.0.B","pwm":[[0.0400409,0.333984,0.236004,0.389971],[0.0180453,0.531945,0.122027,0.327983],[0.00604765,0.80389,0.00804953,0.182012],[0.106028,0.0300451,0.0100491,0.853878],[0.00404805,0.0160479,0.0360439,0.94386],[0.00204845,0.0120487,0.0260459,0.959857],[0.0220445,0.0920327,0.847882,0.0380413],[0.0120465,0.0200471,0.0140483,0.953858],[0.0140461,0.333984,0.120027,0.531942],[0.0280433,0.573936,0.0880335,0.309987],[0.0560377,0.361979,0.162019,0.419965],[0.120025,0.379975,0.20601,0.29399]]},{"db":2,"id":"SP3_HUMAN.H