<!DOCTYPE HTML>
<html>
  <head>
    <meta charset="UTF-8">
    <title>SpaMo - Spaced Motif Analysis</title>
    <script type="text/javascript">
      //@JSON_VAR data
      var data = {"program":"SpaMo","version":"4.11.3","revision":"c13e15f35e38483381a6e8a363f9137e303c0765","release":"Sat Mar 11 20:16:08 2017 -0800","host":"uger-c009.broadinstitute.org","when":"Sun Feb 28 16:38:53 2021","cmd":["spamo","-verbosity","1","-oc","/broad/sankaranlab/fyu/HemeMap/02262021-downMast_re-analysis/motif_denovo/up_mast0035_interactions_10x_hocomoco_meme-chip/spamo_out_24","-bgfile","/broad/sankaranlab/fyu/HemeMap/02262021-downMast_re-analysis/motif_denovo/up_mast0035_interactions_10x_hocomoco_meme-chip/background","-primary","NKX25_HUMAN.H11MO.0.B","/broad/sankaranlab/fyu/HemeMap/02262021-downMast_re-analysis/motif_denovo/up_mast0035_interactions_10x_hocomoco_meme-chip/20210227-deg_interactions_peaks_up_mast0035_fa_1based.fa","/broad/sankaranlab/fyu/motif_data/HOCOMOCOv11_core_HUMAN_mono_meme_format.meme","/broad/sankaranlab/fyu/HemeMap/02262021-downMast_re-analysis/motif_denovo/up_mast0035_interactions_10x_hocomoco_meme-chip/meme_out/meme.xml","/broad/sankaranlab/fyu/HemeMap/02262021-downMast_re-analysis/motif_denovo/up_mast0035_interactions_10x_hocomoco_meme-chip/dreme_out/dreme.xml","/broad/sankaranlab/fyu/motif_data/HOCOMOCOv11_core_HUMAN_mono_meme_format.meme"],"options":{"seq_min_hit_score":7,"margin":150,"bin_size":1,"bin_pvalue_calc_range":150,"use_best_secondary":0,"seq_max_shared_fract":0.5,"seq_odds_ratio":20,"bin_pvalue_cutoff":0.05,"motif_evalue_cutoff":10,"redundant_overlap":2,"redundant_joint":0.5,"motif_pseudocount":0.1,"bgfile":"/broad/sankaranlab/fyu/HemeMap/02262021-downMast_re-analysis/motif_denovo/up_mast0035_interactions_10x_hocomoco_meme-chip/background","motif_trim":0.25,"xalph":0,"seed":1,"bin_max":57},"alphabet":{"name":"DNA","like":"dna","ncore":4,"symbols":[{"symbol":"A","name":"Adenine","colour":"CC0000","complement":"T"},{"symbol":"C","name":"Cytosine","colour":"0000CC","complement":"G"},{"symbol":"G","name":"Guanine","colour":"FFB300","complement":"C"},{"symbol":"T","aliases":"U","name":"Thymine","colour":"008000","complement":"A"},{"symbol":"N","aliases":"X.","name":"Any base","equals":"ACGT"},{"symbol":"V","name":"Not T","equals":"ACG"},{"symbol":"H","name":"Not G","equals":"ACT"},{"symbol":"D","name":"Not C","equals":"AGT"},{"symbol":"B","name":"Not A","equals":"CGT"},{"symbol":"M","name":"Amino","equals":"AC"},{"symbol":"R","name":"Purine","equals":"AG"},{"symbol":"W","name":"Weak","equals":"AT"},{"symbol":"S","name":"Strong","equals":"CG"},{"symbol":"Y","name":"Pyrimidine","equals":"CT"},{"symbol":"K","name":"Keto","equals":"GT"}]},"background":[0.2358,0.2642,0.2642,0.2358],"sequence_dbs":[{"source":"/broad/sankaranlab/fyu/HemeMap/02262021-downMast_re-analysis/motif_denovo/up_mast0035_interactions_10x_hocomoco_meme-chip/20210227-deg_interactions_peaks_up_mast0035_fa_1based.fa","name":"20210227-deg_interactions_peaks_up_mast0035_fa_1based","last_modified":"Sun Feb 28 14:31:57 2021","loaded":7128,"excluded_too_short":0,"excluded_no_match":2212,"excluded_ambigs":0,"excluded_similar":44,"erased_primary_matches":7187}],"primary_dbs":[{"source":"/broad/sankaranlab/fyu/motif_data/HOCOMOCOv11_core_HUMAN_mono_meme_format.meme","name":"HOCOMOCOv11_core_HUMAN_mono_meme_format","last_modified":"Sat Jun 23 07:43:00 2018","loaded":400,"excluded":399}],"secondary_dbs":[{"source":"/broad/sankaranlab/fyu/HemeMap/02262021-downMast_re-analysis/motif_denovo/up_mast0035_interactions_10x_hocomoco_meme-chip/meme_out/meme.xml","name":"meme.xml","last_modified":"Sun Feb 28 15:23:06 2021","loaded":10,"excluded":0},{"source":"/broad/sankaranlab/fyu/HemeMap/02262021-downMast_re-analysis/motif_denovo/up_mast0035_interactions_10x_hocomoco_meme-chip/dreme_out/dreme.xml","name":"dreme.xml","last_modified":"Sun Feb 28 15:34:55 2021","loaded":10,"excluded":0},{"source":"/broad/sankaranlab/fyu/motif_data/HOCOMOCOv11_core_HUMAN_mono_meme_format.meme","name":"HOCOMOCOv11_core_HUMAN_mono_meme_format","last_modified":"Sat Jun 23 07:43:00 2018","loaded":401,"excluded":1}],"secondary_motifs":[{"db":0,"id":"1","alt":"MEME","len":21,"ltrim":0,"rtrim":0,"nsites":148,"evalue":"3.0e-046","pwm":[[0.0204155,0.729416,0.175736,0.074433],[0.0204155,0.709158,0.202745,0.0676816],[0.0474243,0.587619,0.209496,0.155459],[0.168964,0.445823,0.358045,0.027168],[0.0204155,0.385053,0.533602,0.0609292],[0.0879379,0.803689,0.0339396,0.074433],[0.000159217,0.553858,0.418815,0.027168],[0.128451,0.655141,0.162231,0.0541767],[0.027168,0.749672,0.216248,0.00691165],[0.00691165,0.0271871,0.709158,0.256743],[0.0474243,0.729416,0.114966,0.108194],[0.000159217,0.533602,0.216248,0.24999],[0.0204155,0.553858,0.418815,0.00691165],[0.135203,0.641637,0.141975,0.0811855],[0.108194,0.371549,0.418815,0.101442],[0.0879379,0.513346,0.344541,0.0541767],[0.121699,0.493088,0.290523,0.0946903],[0.027168,0.769928,0.101461,0.101442],[0.135203,0.297275,0.52685,0.0406728],[0.000159217,0.688902,0.25001,0.0609292],[0.0609292,0.783433,0.155478,0.000159217]]},{"db":0,"id":"3","alt":"MEME","len":15,"ltrim":0,"rtrim":0,"nsites":49,"evalue":"3.2e-018","pwm":[[0.591112,0.000538085,0.0209045,0.387446],[0.672578,0.000538085,0.143104,0.183779],[0.998444,0.000538085,0.000538085,0.000480245],[0.815145,0.000538085,0.000538085,0.183779],[0.652211,0.0820048,0.000538085,0.265246],[0.855878,0.0209045,0.000538085,0.12268],[0.183779,0.0820048,0.367137,0.367079],[0.998444,0.000538085,0.000538085,0.000480245],[0.387446,0.326404,0.000538085,0.285612],[0.733678,0.000538085,0.000538085,0.265246],[0.509645,0.34677,0.041271,0.102313],[0.998444,0.000538085,0.000538085,0.000480245],[0.591112,0.102371,0.000538085,0.305979],[0.550378,0.000538085,0.183837,0.265246],[0.489279,0.0616374,0.041271,0.407812]]},{"db":0,"id":"4","alt":"MEME","len":29,"ltrim":0,"rtrim":0,"nsites":8,"evalue":"3.3e-016","pwm":[[0.126368,0.00326173,0.00326173,0.867109],[0.867109,0.126719,0.00326173,0.00291111],[0.743652,0.00326173,0.250175,0.00291111],[0.00291111,0.250175,0.00326173,0.743652],[0.00291111,0.990916,0.00326173,0.00291111],[0.00291111,0.990916,0.00326173,0.00291111],[0.00291111,0.990916,0.00326173,0.00291111],[0.867109,0.00326173,0.126719,0.00291111],[0.00291111,0.00326173,0.990916,0.00291111],[0.00291111,0.867459,0.00326173,0.126368],[0.373281,0.00326173,0.250175,0.373281],[0.373281,0.497089,0.00326173,0.126368],[0.00291111,0.250175,0.00326173,0.743652],[0.00291111,0.373632,0.00326173,0.620195],[0.00291111,0.250175,0.00326173,0.743652],[0.249825,0.00326173,0.744002,0.00291111],[0.373281,0.00326173,0.620546,0.00291111],[0.00291111,0.00326173,0.990916,0.00291111],[0.990565,0.00326173,0.00326173,0.00291111],[0.126368,0.00326173,0.867459,0.00291111],[0.00291111,0.00326173,0.990916,0.00291111],[0.00291111,0.990916,0.00326173,0.00291111],[0.00291111,0.250175,0.00326173,0.743652],[0.126368,0.00326173,0.867459,0.00291111],[0.743652,0.00326173,0.250175,0.00291111],[0.00291111,0.00326173,0.990916,0.00291111],[0.00291111,0.00326173,0.867459,0.126368],[0.00291111,0.497089,0.126719,0.373281],[0.249825,0.00326173,0.744002,0.00291111]]},{"db":0,"id":"7","alt":"MEME","len":21,"ltrim":0,"rtrim":0,"nsites":13,"evalue":"1.3e-001","pwm":[[0.765159,0.00201679,0.231024,0.0018],[0.459815,0.0783526,0.460032,0.0018],[0.307143,0.383696,0.30736,0.0018],[0.0018,0.00201679,0.00201679,0.994166],[0.307143,0.68904,0.00201679,0.0018],[0.307143,0.68904,0.00201679,0.0018],[0.0781358,0.30736,0.00201679,0.612487],[0.230807,0.0783526,0.68904,0.0018],[0.612487,0.231024,0.154688,0.0018],[0.230807,0.30736,0.383696,0.0781358],[0.0018,0.383696,0.536368,0.0781358],[0.0018,0.00201679,0.154688,0.841495],[0.0781358,0.918047,0.00201679,0.0018],[0.841495,0.00201679,0.00201679,0.154472],[0.536152,0.00201679,0.383696,0.0781358],[0.0018,0.0783526,0.918047,0.0018],[0.230807,0.00201679,0.00201679,0.765159],[0.0018,0.00201679,0.994383,0.0018],[0.612487,0.154688,0.00201679,0.230807],[0.0018,0.00201679,0.00201679,0.994166],[0.0781358,0.918047,0.00201679,0.0018]]},{"db":0,"id":"9","alt":"MEME","len":21,"ltrim":0,"rtrim":0,"nsites":8,"evalue":"9.1e-001","pwm":[[0.00291111,0.744002,0.00326173,0.249825],[0.990565,0.00326173,0.00326173,0.00291111],[0.126368,0.00326173,0.867459,0.00291111],[0.00291111,0.00326173,0.00326173,0.990565],[0.00291111,0.00326173,0.990916,0.00291111],[0.990565,0.00326173,0.00326173,0.00291111],[0.00291111,0.250175,0.744002,0.00291111],[0.249825,0.497089,0.126719,0.126368],[0.00291111,0.744002,0.00326173,0.249825],[0.249825,0.00326173,0.744002,0.00291111],[0.867109,0.00326173,0.00326173,0.126368],[0.126368,0.00326173,0.744002,0.126368],[0.867109,0.00326173,0.126719,0.00291111],[0.00291111,0.00326173,0.126719,0.867109],[0.126368,0.867459,0.00326173,0.00291111],[0.373281,0.00326173,0.497089,0.126368],[0.00291111,0.744002,0.126719,0.126368],[0.620195,0.00326173,0.250175,0.126368],[0.249825,0.744002,0.00326173,0.00291111],[0.00291111,0.990916,0.00326173,0.00291111],[0.990565,0.00326173,0.00326173,0.00291111]]},{"db":1,"id":"CCDCCKCC","alt":"DREME","len":8,"ltrim":0,"rtrim":0,"nsites":737,"evalue":"4.0e-023","pwm":[[3.19902e-05,0.9999,3.58432e-05,3.19902e-05],[3.19902e-05,0.9999,3.58432e-05,3.19902e-05],[0.207602,3.58432e-05,0.473513,0.318849],[3.19902e-05,0.9999,3.58432e-05,3.19902e-05],[3.19902e-05,0.9999,3.58432e-05,3.19902e-05],[3.19902e-05,3.58432e-05,0.472157,0.527775],[3.19902e-05,0.9999,3.58432e-05,3.19902e-05],[3.19902e-05,0.9999,3.58432e-05,3.19902e-05]]},{"db":1,"id":"CMCAGM","alt":"DREME","len":6,"ltrim":0,"rtrim":0,"nsites":3163,"evalue":"2.7e-014","pwm":[[7.45471e-06,0.999977,8.35256e-06,7.45471e-06],[0.411312,0.588672,8.35256e-06,7.45471e-06],[7.45471e-06,0.999977,8.35256e-06,7.45471e-06],[0.999976,8.35256e-06,8.35256e-06,7.45471e-06],[7.45471e-06,8.35256e-06,0.999977,7.45471e-06],[0.412893,0.587091,8.35256e-06,7.45471e-06]]},{"db":1,"id":"SVGGAA","alt":"DREME","len":6,"ltrim":0,"rtrim":0,"nsites":3197,"evalue":"6.0e-043","pwm":[[7.37544e-06,0.431337,0.568648,7.37544e-06],[0.420388,0.227402,0.352202,7.37544e-06],[7.37544e-06,8.26374e-06,0.999977,7.37544e-06],[7.37544e-06,8.26374e-06,0.999977,7.37544e-06],[0.999976,8.26374e-06,8.26374e-06,7.37544e-06],[0.999976,8.26374e-06,8.26374e-06,7.37544e-06]]},{"db":2,"id":"ANDR_HUMAN.H11MO.0.A","len":18,"ltrim":0,"rtrim":0,"nsites":499,"evalue":"1.0e+000","url":"http://hocomoco.autosome.ru/motif/ANDR_HUMAN.H11MO.0.A","pwm":[[0.148314,0.0701792,0.0361179,0.745389],[0.062159,0.0481395,0.777452,0.112249],[0.0681699,0.0661719,0.0140782,0.85158],[0.188386,0.172363,0.144313,0.494938],[0.0781879,0.733373,0.0361179,0.152321],[0.122267,0.278554,0.0321106,0.567068],[0.180372,0.134295,0.196406,0.488927],[0.198404,0.178374,0.216442,0.406779],[0.176365,0.192399,0.222453,0.408783],[0.200408,0.256515,0.120269,0.422808],[0.0721771,0.0140782,0.0140782,0.899667],[0.254505,0.030107,0.691297,0.0240905],[0.0280977,0.0220926,0.020089,0.929721],[0.0180797,0.00606375,0.0982297,0.877627],[0.00806167,0.00806736,0.0641683,0.919703],[0.420805,0.0281034,0.494944,0.0561482],[0.0862023,0.524998,0.0481395,0.34066],[0.29057,0.158338,0.0541503,0.496942]]},{"db":2,"id":"AP2C_HUMAN.H11MO.0.A","len":14,"ltrim":2,"rtrim":2,"nsites":500,"evalue":"1.0e+000","url":"http://hocomoco.autosome.ru/motif/AP2C_HUMAN.H11MO.0.A","pwm":[[0.387198,0.201043,0.269566,0.142194],[0.196083,0.123626,0.16642,0.513871],[0.184607,0.099805,0.518379,0.197209],[0.00958004,0.506991,0.471851,0.0115779],[0.00385,0.988139,0.00796434,4.71506e-05],[0.00191501,0.951685,0.0023972,0.0440026],[0.0500524,0.131893,0.0254249,0.79263],[0.0354043,5.28294e-05,0.917078,0.0474647],[0.554973,0.0254464,0.415807,0.00377306],[0.0734731,5.28294e-05,0.924457,0.00201756],[4.71506e-05,5.28294e-05,0.99797,0.00193025],[0.0289729,0.618177,0.341002,0.0118488],[0.31391,0.351522,0.0971857,0.237382],[0.428237,0.170539,0.241673,0.159551]]},{"db":2,"id":"ARI5B_HUMAN.H11MO.0.C","len":13,"ltrim":2,"rtrim":1,"nsites":15,"evalue":"1.0e+000","url":"http://hocomoco.autosome.ru/motif/ARI5B_HUMAN.H11MO.0.C","pwm":[[0.216793,0.0845311,0.349432,0.349244],[0.134012,0.26665,0.399101,0.200237],[0.00156159,0.26665,0.200425,0.531363],[0.00156159,0.1342,0.332875,0.531363],[0.332687,0.0679748,0.332875,0.266462],[0.200237,0.0679748,0.664001,0.0677868],[0.00156159,0.00174967,0.00174967,0.994939],[0.862489,0.00174967,0.1342,0.00156159],[0.00156159,0.1342,0.00174967,0.862489],[0.00156159,0.0679748,0.0679748,0.862489],[0.134012,0.26665,0.531551,0.0677868],[0.134012,0.0679748,0.26665,0.531363],[0.249906,0.117644,0.44877,0.183681]]},{"db":2,"id":"ATF6A_HUMAN.H11MO.0.B","len":12,"ltrim":0,"rtrim":0,"nsites":20,"evalue":"1.0e+000","url":"http://hocomoco.autosome.ru/motif/ATF6A_HUMAN.H11MO.0.B","pwm":[[0.18487,0.185011,0.583021,0.0470974],[0.00117313,0.215627,0.322784,0.460415],[0.00117313,0.261552,0.598329,0.138946],[0.0930216,0.399324,0.460557,0.0470974],[0.00117313,0.0319306,0.00131443,0.965582],[0.00117313,0.0472387,0.950415,0.00117313],[0.919658,0.0472387,0.00131443,0.0317893],[0.00117313,0.996339,0.00131443,0.00117313],[0.00117313,0.00131443,0.996339,0.00117313],[0.00117313,0.00131443,0.00131443,0.996198],[0.00117313,0.0931629,0.904491,0.00117313],[0.0930216,0.00131443,0.904491,0.00117313]]},{"db":2,"id":"BACH1_HUMAN.H11MO.0.A","len":13,"ltrim":0,"rtrim":2,"nsites":500,"evalue":"1.0e+000","url":"http://hocomoco.autosome.ru/motif/BACH1_HUMAN.H11MO.0.A","pwm":[[0.0628486,0.168184,0.0975475,0.67142],[0.00920382,0.0664278,0.922339,0.00202921],[0.0209116,0.967528,0.00397728,0.00758271],[0.0362154,0.079586,0.0801419,0.804057],[0.0038954,0.0613593,0.89089,0.043855],[0.802818,0.0206218,0.124526,0.052035],[0.0133087,0.214868,0.763226,0.00859752],[0.00624673,0.0361822,0.14588,0.811691],[0.0162383,0.943695,0.0343195,0.00574709],[0.786279,0.0958404,0.0824561,0.0354248],[0.00982447,0.334265,0.256608,0.399302],[0.151625,0.265559,0.394695,0.188121],[0.105262,0.378567,0.372603,0.143568]]},{"db":2,"id":"BATF3_HUMAN.H11MO.0.B","len":17,"ltrim":1,"rtrim":2,"nsites":500,"evalue":"1.0e+000","url":"http://hocomoco.autosome.ru/motif/BATF3_HUMAN.H11MO.0.B","pwm":[[0.172013,0.353982,0.206012,0.267994],[0.48395,0.0560416,0.244004,0.216004],[0.0300412,0.389975,0.501952,0.0780316],[0.0300412,0.0160496,0.01405,0.939859],[0.046038,0.06404,0.00805123,0.881871],[0.0420388,0.160021,0.0420444,0.755896],[0.0180436,0.855882,0.0200488,0.106026],[0.501947,0.178017,0.120029,0.200007],[0.210005,0.182016,0.218009,0.389969],[0.230001,0.0420444,0.06404,0.663914],[0.481951,0.198013,0.0560416,0.263994],[0.00804555,5.28294e-05,0.0100508,0.981851],[0.0120448,0.024048,0.809891,0.154016],[0.863874,0.00605163,0.0420444,0.0880296],[0.100027,0.46196,0.317989,0.120023],[0.251997,0.120029,0.146024,0.481951],[0.241999,0.385976,0.186016,0.18601]]},{"db":2,"id":"BATF_HUMAN.H11MO.0.A","len":18,"ltrim":1,"rtrim":1,"nsites":500,"evalue":"1.0e+000","url":"http://hocomoco.autosome.ru/motif/BATF_HUMAN.H11MO.0.A","pwm":[[0.451957,0.0780372,0.264,0.206006],[0.0480376,0.399973,0.345984,0.206006],[0.0120448,0.0180492,0.044044,0.925862],[0.13402,0.327987,0.024048,0.513944],[0.08603,0.238005,0.0520424,0.623922],[0.142019,0.545944,0.0460436,0.265994],[0.379971,0.0860356,0.395974,0.13802],[0.369973,0.11403,0.230007,0.28599],[0.33798,0.0180492,0.084036,0.559935],[0.577932,0.158021,0.0220484,0.241999],[0.00204675,0.00205243,5.28294e-05,0.995848],[0.00404635,0.0560416,0.849883,0.0900292],[0.977852,0.00805123,0.0120504,0.00204675],[0.104026,0.557941,0.31599,0.0220428],[0.0720328,0.0300468,0.0200488,0.877872],[0.212005,0.507951,0.21201,0.0680336],[0.611925,0.084036,0.110031,0.194008],[0.142019,0.186016,0.305992,0.365974]]},{"db":2,"id":"BC11A_HUMAN.H11MO.0.A","len":17,"ltrim":1,"rtrim":1,"nsites":500,"evalue":"1.0e+000","url":"http://hocomoco.autosome.ru/motif/BC11A_HUMAN.H11MO.0.A","pwm":[[0.375727,0.184628,0.286197,0.153448],[0.550577,0.0994733,0.224097,0.125853],[0.500161,0.142366,0.230717,0.126756],[0.589979,0.0166192,0.226054,0.167348],[0.187432,0.160799,0.580419,0.0713492],[0.664508,0.0145845,0.269379,0.0515282],[0.104034,0.0144913,0.828553,0.052921],[0.200414,0.0327745,0.758549,0.00826209],[0.880095,0.0431281,0.0486003,0.0281767],[0.867861,0.00584248,0.055547,0.0707495],[0.248396,0.226049,0.502144,0.0234111],[0.150155,0.154995,0.0315614,0.663289],[0.11783,0.0724952,0.760192,0.0494837],[0.658746,0.0644159,0.250666,0.026172],[0.458782,0.143456,0.310169,0.0875932],[0.622699,0.0788478,0.157297,0.141156],[0.358982,0.204703,0.318079,0.118236]]},{"db":2,"id":"CEBPA_HUMAN.H11MO.0.A","len":12,"ltrim":1,"rtrim":1,"nsites":500,"evalue":"1.0e+000","url":"http://hocomoco.autosome.ru/motif/CEBPA_HUMAN.H11MO.0.A","pwm":[[0.230001,0.132026,0.36598,0.271993],[0.345978,0.182016,0.46596,0.00604595],[0.00804555,0.00405203,0.00605163,0.981851],[0.00204675,0.00205243,0.279997,0.715904],[0.158016,0.00805123,0.619929,0.214004],[0.176012,0.118029,0.11603,0.589929],[4.71506e-05,5.28294e-05,0.995854,0.00404635],[0.156016,0.771898,5.28294e-05,0.0720328],[0.98385,0.0100508,0.00205243,0.00404635],[0.989849,5.28294e-05,0.00805123,0.00204675],[0.0140444,0.297993,0.176018,0.511945],[0.319983,0.331986,0.222008,0.126022]]},{"db":2,"id":"CEBPB_HUMAN.H11MO.0.A","len":12,"ltrim":1,"rtrim":1,"nsites":454,"evalue":"1.0e+000","url":"http://hocomoco.autosome.ru/motif/CEBPB_HUMAN.H11MO.0.A","pwm":[[0.237885,0.0991553,0.352403,0.310556],[0.453696,0.132188,0.387638,0.0264778],[5.19269e-05,0.00226034,0.00226034,0.995427],[5.19269e-05,5.8181e-05,0.299552,0.700338],[0.301748,0.00226034,0.513161,0.182831],[0.167416,0.259913,0.081538,0.491133],[5.19269e-05,5.8181e-05,0.999838,5.19269e-05],[0.0815318,0.898539,5.8181e-05,0.0198713],[0.999832,5.8181e-05,5.8181e-05,5.19269e-05],[0.999832,5.8181e-05,5.8181e-05,5.19269e-05],[5.19269e-05,0.244498,0.147603,0.607848],[0.370014,0.332584,0.182837,0.114564]]},{"db":2,"id":"CEBPD_HUMAN.H11MO.0.C","len":11,"ltrim":0,"rtrim":0,"nsites":500,"evalue":"1.0e+000","url":"http://hocomoco.autosome.ru/motif/CEBPD_HUMAN.H11MO.0.C","pwm":[[0.454456,0.232506,0.268499,0.0445383],[0.00254665,0.130527,0.0205487,0.846378],[0.00654585,0.0285471,0.0185491,0.946358],[0.0425387,0.0265475,0.81239,0.118523],[0.0165439,0.960361,0.0105507,0.0125447],[0.458455,0.120529,0.278497,0.142519],[0.122523,0.580437,0.0265475,0.270493],[0.590429,0.382476,0.00455193,0.0225427],[0.828381,0.0645399,0.0445439,0.0625347],[0.0240424,0.481956,0.178017,0.315984],[0.208006,0.487955,0.0720384,0.232001]]},{"db":2,"id":"CRX_HUMAN.H11MO.0.B","len":13,"ltrim":1,"rtrim":1,"nsites":500,"evalue":"1.0e+000","url":"http://hocomoco.autosome.ru/motif/CRX_HUMAN.H11MO.0.B","pwm":[[0.247998,0.16402,0.152022,0.43596],[0.53394,0.104032,0.262,0.100027],[0.573932,0.0460436,0.275998,0.104026],[0.172013,0.0920344,0.56594,0.170013],[0.497948,0.16402,0.262,0.076032],[0.192009,0.00605163,0.775898,0.026042],[0.0320408,0.0100508,0.935866,0.0220428],[0.763894,0.218009,0.0160496,0.00204675],[4.71506e-05,5.28294e-05,5.28294e-05,0.999847],[0.0220428,0.0580412,0.024048,0.895868],[0.879871,0.00405203,0.034046,0.0820308],[0.269993,0.0660396,0.525948,0.13802],[0.234,0.323988,0.343984,0.0980276]]},{"db":2,"id":"DLX3_HUMAN.H11MO.0.C","len":10,"ltrim":0,"rtrim":1,"nsites":34,"evalue":"1.0e+000","url":"http://hocomoco.autosome.ru/motif/DLX3_HUMAN.H11MO.0.C","pwm":[[0.173265,0.128594,0.659139,0.0390022],[0.411981,0.403851,0.183476,0.000691496],[0.000691496,0.0231519,0.00077478,0.975382],[0.975382,0.00077478,0.0231519,0.000691496],[0.997759,0.00077478,0.00077478,0.000691496],[0.000691496,0.00077478,0.00077478,0.997759],[0.000691496,0.00077478,0.0455291,0.953005],[0.541427,0.00077478,0.363913,0.0938846],[0.161016,0.515736,0.277802,0.0454458],[0.445475,0.154656,0.10282,0.297049]]},{"db":2,"id":"E2F3_HUMAN.H11MO.0.A","len":11,"ltrim":2,"rtrim":0,"nsites":500,"evalue":"1.0e+000","url":"http://hocomoco.autosome.ru/motif/E2F3_HUMAN.H11MO.0.A","pwm":[[0.375972,0.140025,0.208011,0.275992],[0.261995,0.0460436,0.409971,0.281991],[0.126022,0.124028,0.675918,0.0740324],[0.0340404,0.00605163,0.955862,0.00404635],[0.124022,0.769899,0.0200488,0.08603],[0.152017,0.00405203,0.683916,0.160015],[0.096028,0.0200488,0.867879,0.016044],[0.0180436,0.0100508,0.957861,0.0140444],[0.83388,0.0380452,0.118029,0.0100452],[0.711905,0.0620404,0.200013,0.026042],[0.53394,0.110031,0.250003,0.106026]]},{"db":2,"id":"E2F7_HUMAN.H11MO.0.B","len":13,"ltrim":0,"rtrim":3,"nsites":500,"evalue":"1.0e+000","url":"http://hocomoco.autosome.ru/motif/E2F7_HUMAN.H11MO.0.B","pwm":[[0.196008,0.148023,0.529947,0.126022],[0.33798,0.0320464,0.41597,0.214004],[0.142019,0.0820364,0.771898,0.00404635],[0.0440384,0.00405203,0.941864,0.0100452],[0.0840304,0.853882,0.00405203,0.0580356],[0.140019,0.0160496,0.81389,0.0300412],[0.0220428,0.0120504,0.957861,0.00804555],[0.204006,0.00605163,0.775898,0.0140444],[0.713904,0.00405203,0.275998,0.00604595],[0.603926,0.138025,0.240005,0.0180436],[0.427962,0.192014,0.224008,0.156016],[0.343978,0.0860356,0.355982,0.214004],[0.259995,0.152022,0.485956,0.102027]]},{"db":2,"id":"ELF2_HUMAN.H11MO.0.C","len":13,"ltrim":3,"rtrim":0,"nsites":500,"evalue":"1.0e+000","url":"http://hocomoco.autosome.ru/motif/ELF2_HUMAN.H11MO.0.C","pwm":[[0.391969,0.152022,0.317989,0.13802],[0.489949,0.102032,0.218009,0.190009],[0.311985,0.317989,0.297993,0.0720328],[0.0720328,0.61593,0.291994,0.0200432],[0.232001,0.739905,0.01405,0.0140444],[0.00804555,5.28294e-05,0.985856,0.00604595],[0.0120448,0.00805123,0.977857,0.00204675],[0.973852,0.0100508,0.00805123,0.00804555],[0.979851,0.00205243,0.00805123,0.0100452],[0.08603,0.01405,0.889875,0.0100452],[0.130021,0.208011,0.104032,0.557936],[0.196008,0.142024,0.551942,0.110025],[0.313984,0.192014,0.433966,0.0600352]]},{"db":2,"id":"ESR2_HUMAN.H11MO.0.A","len":15,"ltrim":0,"rtrim":0,"nsites":497,"evalue":"1.0e+000","url":"http://hocomoco.autosome.ru/motif/ESR2_HUMAN.H11MO.0.A","pwm":[[0.494918,0.0966132,0.362153,0.0463158],[0.114712,0.0121232,0.790639,0.0825258],[0.0463158,0.0262048,0.859035,0.0684441],[0.0966075,0.11673,0.229383,0.557279],[0.0161408,0.798685,0.0523565,0.132818],[0.621653,0.0342515,0.247488,0.0966075],[0.0925841,0.511017,0.265593,0.130806],[4.74351e-05,0.667927,5.31482e-05,0.331973],[0.122759,0.422503,0.267605,0.187133],[0.0402808,0.239442,0.0302282,0.690049],[0.0825258,0.0262048,0.891222,4.74351e-05],[0.521069,0.27364,0.0865549,0.118736],[0.0241874,0.844954,0.0221815,0.108677],[0.0825258,0.846965,0.0121232,0.0583858],[0.0724675,0.356118,0.0362632,0.535151]]},{"db":2,"id":"ETS1_HUMAN.H11MO.0.A","len":13,"ltrim":2,"rtrim":0,"nsites":500,"evalue":"1.0e+000","url":"http://hocomoco.autosome.ru/motif/ETS1_HUMAN.H11MO.0.A","pwm":[[0.367974,0.178017,0.341984,0.112025],[0.259995,0.182016,0.471958,0.08603],[0.479951,0.0680392,0.423968,0.0280416],[0.128022,0.637925,0.228007,0.00604595],[0.615924,0.349983,0.034046,4.71506e-05],[0.00404635,5.28294e-05,0.993854,0.00204675],[0.0120448,0.00605163,0.979857,0.00204675],[0.991849,0.00605163,5.28294e-05,0.00204675],[0.827882,0.0100508,0.00405203,0.158016],[0.18401,0.0100508,0.805892,4.71506e-05],[0.0840304,0.188015,0.0580412,0.669913],[0.130021,0.11203,0.633926,0.124022],[0.13802,0.126028,0.627927,0.108026]]},{"db":2,"id":"ETV4_HUMAN.H11MO.0.B","len":11,"ltrim":2,"rtrim":2,"nsites":500,"evalue":"1.0e+000","url":"http://hocomoco.autosome.ru/motif/ETV4_HUMAN.H11MO.0.B","pwm":[[0.33598,0.234006,0.329987,0.100027],[0.38397,0.134026,0.319989,0.162015],[0.13602,0.609931,0.234006,0.0200432],[0.955856,0.0100508,0.0200488,0.0140444],[0.00604595,0.00205243,0.975858,0.016044],[0.016044,0.0260476,0.957861,4.71506e-05],[0.923862,0.0160496,0.0500428,0.0100452],[0.869873,0.01405,0.0460436,0.0700332],[0.307986,0.0220484,0.587935,0.0820308],[0.13802,0.178017,0.345984,0.33798],[0.28799,0.132026,0.41397,0.166014]]},{"db":2,"id":"FOSB_HUMAN.H11MO.0.A","len":9,"ltrim":1,"rtrim":1,"nsites":500,"evalue":"1.0e+000","url":"http://hocomoco.autosome.ru/motif/FOSB_HUMAN.H11MO.0.A","pwm":[[0.413964,0.206012,0.291994,0.0880296],[0.0100452,0.0120504,0.00205243,0.975852],[0.0120448,0.01405,0.917869,0.056036],[0.895868,0.0120504,0.0180492,0.0740324],[0.204006,5.28294e-05,0.795894,4.71506e-05],[0.0180436,0.0300468,0.106032,0.845878],[0.0540364,0.903872,0.0280472,0.0140444],[0.965854,0.0100508,0.00605163,0.0180436],[0.0720328,0.329987,0.230007,0.367974]]},{"db":2,"id":"FOXC1_HUMAN.H11MO.0.C","len":15,"ltrim":2,"rtrim":0,"nsites":26,"evalue":"1.0e+000","url":"http://hocomoco.autosome.ru/motif/FOXC1_HUMAN.H11MO.0.C","pwm":[[0.135003,0.479939,0.173426,0.211631],[0.345731,0.0776406,0.34584,0.230789],[0.269103,0.154269,0.0776406,0.498988],[0.000903448,0.00101226,0.00101226,0.997072],[0.000903448,0.00101226,0.997181,0.000903448],[0.0392176,0.00101226,0.00101226,0.958758],[0.0392176,0.00101226,0.00101226,0.958758],[0.000903448,0.00101226,0.0393264,0.958758],[0.958758,0.00101226,0.00101226,0.0392176],[0.000903448,0.728982,0.00101226,0.269103],[0.230789,0.115955,0.00101226,0.652244],[0.000903448,0.192583,0.00101226,0.805501],[0.652244,0.00101226,0.00101226,0.345731],[0.460674,0.192583,0.269211,0.0775318],[0.0392176,0.269211,0.575725,0.115846]]},{"db":2,"id":"FOXJ2_HUMAN.H11MO.0.C","len":10,"ltrim":0,"rtrim":0,"nsites":41,"evalue":"1.0e+000","url":"http://hocomoco.autosome.ru/motif/FOXJ2_HUMAN.H11MO.0.C","pwm":[[0.000573723,0.0243317,0.000642822,0.974452],[0.30853,0.000642822,0.642876,0.0479516],[0.000573723,0.000642822,0.0243317,0.974452],[0.000573723,0.000642822,0.000642822,0.998141],[0.000573723,0.000642822,0.000642822,0.998141],[0.548051,0.000642822,0.450732,0.000573723],[0.000573723,0.192786,0.000642822,0.805997],[0.119018,0.216475,0.000642822,0.663864],[0.000573723,0.0243317,0.237532,0.737562],[0.46514,0.0835541,0.130932,0.320374]]},{"db":2,"id":"FOXJ3_HUMAN.H11MO.0.A","len":13,"ltrim":1,"rtrim":0,"nsites":626,"evalue":"1.0e+000","url":"http://hocomoco.autosome.ru/motif/FOXJ3_HUMAN.H11MO.0.A","pwm":[[0.194103,0.14649,0.164706,0.494701],[3.76617e-05,4.21977e-05,4.21977e-05,0.999878],[0.0829595,4.21977e-05,0.914277,0.00272179],[0.00111131,4.21977e-05,4.21977e-05,0.998804],[3.76617e-05,4.21977e-05,4.21977e-05,0.999878],[0.00887046,4.21977e-05,0.175707,0.81538],[0.818149,4.21977e-05,0.0369632,0.144846],[3.76617e-05,0.0711435,4.21977e-05,0.928777],[0.113301,4.21977e-05,0.430184,0.456473],[0.0440524,4.21977e-05,0.32567,0.630236],[0.0528109,4.21977e-05,0.029159,0.917988],[0.00590237,0.010176,0.0168471,0.967075],[0.358501,0.0704097,0.138478,0.432611]]},{"db":2,"id":"GCR_HUMAN.H11MO.0.A","len":15,"ltrim":0,"rtrim":0,"nsites":500,"evalue":"1.0e+000","url":"http://hocomoco.autosome.ru/motif/GCR_HUMAN.H11MO.0.A","pwm":[[0.469953,0.0460436,0.353982,0.130021],[0.0920288,0.0100508,0.837885,0.0600352],[0.443958,0.156022,0.218009,0.182011],[0.897868,0.0260476,0.0280472,0.0480376],[0.0120448,0.947863,0.0260476,0.0140444],[0.761895,0.0280472,0.0900348,0.120023],[0.158016,0.297993,0.351982,0.192009],[0.631921,0.367979,5.28294e-05,4.71506e-05],[0.401967,0.283996,0.218009,0.096028],[0.180011,0.054042,0.0360456,0.729901],[0.0140444,0.0220484,0.953862,0.0100452],[0.0520368,0.0380452,0.024048,0.88587],[0.190009,0.266,0.182016,0.361975],[0.0620348,0.847883,0.00605163,0.0840304],[0.176012,0.351982,0.0260476,0.445958]]},{"db":2,"id":"HIC1_HUMAN.H11MO.0.C","len":9,"ltrim":0,"rtrim":0,"nsites":39,"evalue":"1.0e+000","url":"http://hocomoco.autosome.ru/motif/HIC1_HUMAN.H11MO.0.C","pwm":[[0.203507,0.105202,0.512377,0.178913],[0.0251975,0.0990536,0.752173,0.123575],[0.000603069,0.000675703,0.924335,0.0743865],[0.0251975,0.000675703,0.344998,0.629128],[0.000603069,0.000675703,0.000675703,0.998046],[0.0251975,0.000675703,0.973524,0.000603069],[0.0251975,0.973524,0.000675703,0.000603069],[0.000603069,0.998118,0.000675703,0.000603069],[0.19121,0.623052,0.092905,0.0928323]]},{"db":2,"id":"HIF1A_HUMAN.H11MO.0.C","len":8,"ltrim":0,"rtrim":0,"nsites":500,"evalue":"1.0e+000","url":"http://hocomoco.autosome.ru/motif/HIF1A_HUMAN.H11MO.0.C","pwm":[[0.212005,0.16402,0.527947,0.096028],[0.234,0.0500428,0.417969,0.297988],[0.825882,0.0120504,0.156022,0.00604595],[0.13402,0.801892,0.0100508,0.0540364],[0.0280416,0.00205243,0.969859,4.71506e-05],[0.00804555,0.00805123,5.28294e-05,0.98385],[4.71506e-05,0.00405203,0.993854,0.00204675],[0.28599,0.521948,0.0860356,0.106026]]},{"db":2,"id":"HINFP_HUMAN.H11MO.0.C","len":16,"ltrim":2,"rtrim":1,"nsites":42,"evalue":"1.0e+000","url":"http://hocomoco.autosome.ru/motif/HINFP_HUMAN.H11MO.0.C","pwm":[[0.327089,0.0662466,0.397744,0.208921],[0.333624,0.381272,0.141803,0.143302],[0.0465742,0.405845,0.476433,0.0711477],[0.190882,0.358265,0.166376,0.284477],[0.238463,0.23853,0.0712151,0.451792],[0.473233,0.310684,0.167943,0.0481406],[0.166309,0.118796,0.57316,0.141735],[0.0711477,0.927665,0.000627553,0.000560095],[0.000560095,0.000627553,0.998252,0.000560095],[0.0481406,0.0236346,0.927665,0.000560095],[0.973611,0.025201,0.000627553,0.000560095],[0.000560095,0.950672,0.0482081,0.000560095],[0.000560095,0.0712151,0.855511,0.0727141],[0.0235671,0.000627553,0.000627553,0.975178],[0.192449,0.0236346,0.117229,0.666688],[0.385781,0.269247,0.267681,0.077291]]},{"db":2,"id":"HLF_HUMAN.H11MO.0.C","len":13,"ltrim":1,"rtrim":1,"nsites":35,"evalue":"1.0e+000","url":"http://hocomoco.autosome.ru/motif/HLF_HUMAN.H11MO.0.C","pwm":[[0.202715,0.16345,0.431119,0.202715],[0.538593,0.0860511,0.289386,0.0859701],[0.000671795,0.000752706,0.000752706,0.997823],[0.0190529,0.0584794,0.173933,0.748535],[0.53601,0.0584794,0.404839,0.000671795],[0.000671795,0.462566,0.0768605,0.459902],[0.0583985,0.000752706,0.940177,0.000671795],[0.000671795,0.173933,0.000752706,0.824643],[0.997823,0.000752706,0.000752706,0.000671795],[0.970251,0.000752706,0.000752706,0.0282435],[0.0282435,0.566245,0.000752706,0.404758],[0.404758,0.393065,0.116206,0.0859701],[0.123018,0.372387,0.381577,0.123018]]},{"db":2,"id":"HNF1A_HUMAN.H11MO.0.C","len":15,"ltrim":0,"rtrim":0,"nsites":500,"evalue":"1.0e+000","url":"http://hocomoco.autosome.ru/motif/HNF1A_HUMAN.H11MO.0.C","pwm":[[0.319983,0.0460436,0.399973,0.234],[0.146018,0.034046,0.719909,0.100027],[0.046038,0.0660396,0.11403,0.773892],[0.128022,0.102032,0.0900348,0.679911],[0.913864,0.00405203,0.0480432,0.0340404],[0.791889,0.138025,0.0180492,0.0520368],[0.210005,0.0100508,0.0280472,0.751897],[4.71506e-05,5.28294e-05,0.585936,0.413964],[0.725902,0.0100508,0.0480432,0.216004],[0.0800312,0.024048,0.06404,0.831881],[0.0240424,0.0660396,0.0120504,0.897868],[0.723902,0.0400448,0.0720384,0.164014],[0.773892,0.0800368,0.0820364,0.0640344],[0.108026,0.721908,0.0360456,0.13402],[0.216004,0.339985,0.0320464,0.411965]]},{"db":2,"id":"IRF1_HUMAN.H11MO.0.A","len":20,"ltrim":1,"rtrim":1,"nsites":499,"evalue":"1.0e+000","url":"http://hocomoco.autosome.ru/motif/IRF1_HUMAN.H11MO.0.A","pwm":[[0.338657,0.17637,0.356695,0.128278],[0.605136,0.0982297,0.192399,0.104235],[0.65723,0.096226,0.128284,0.11826],[0.735371,0.0741864,0.0781936,0.112249],[0.310606,0.228464,0.266533,0.194397],[0.298585,0.138302,0.152327,0.410787],[0.166347,0.00806736,0.821532,0.00405446],[0.933728,0.010071,0.0461359,0.0100653],[0.987825,0.00205654,5.29353e-05,0.0100653],[0.983818,0.00205654,0.00606375,0.00806167],[0.136292,0.364709,0.468897,0.0301013],[0.200408,0.100233,0.0220926,0.677266],[0.106238,0.00406015,0.887651,0.00205085],[0.937735,0.0160818,0.0421287,0.00405446],[0.961778,5.29353e-05,0.0281034,0.0100653],[0.985822,0.00406015,0.00406015,0.00605806],[0.0441266,0.360702,0.547038,0.0481338],[0.196401,0.242489,0.07619,0.48492],[0.468891,0.124277,0.308608,0.098224],[0.436833,0.160341,0.268536,0.134289]]},{"db":2,"id":"ITF2_HUMAN.H11MO.0.C","len":10,"ltrim":1,"rtrim":0,"nsites":497,"evalue":"1.0e+000","url":"http://hocomoco.autosome.ru/motif/ITF2_HUMAN.H11MO.0.C","pwm":[[0.307833,0.0422982,0.38227,0.267599],[0.126782,0.146905,0.68402,0.0422925],[0.0282108,0.895245,0.0523565,0.0241874],[0.937485,0.00809982,0.0262048,0.0282108],[0.0302225,0.10466,0.824837,0.0402808],[0.0945958,0.589472,0.299792,0.0161408],[0.0905725,0.00608815,0.00809982,0.89524],[0.00407077,0.0141348,0.951572,0.0302225],[0.0845375,0.106672,0.460725,0.348066],[0.0925841,0.27364,0.529122,0.104654]]},{"db":2,"id":"KLF15_HUMAN.H11MO.0.A","len":19,"ltrim":0,"rtrim":0,"nsites":479,"evalue":"1.0e+000","url":"http://hocomoco.autosome.ru/motif/KLF15_HUMAN.H11MO.0.A","pwm":[[0.311049,0.0355383,0.542739,0.110673],[0.258868,0.0125786,0.695108,0.0334452],[4.92173e-05,0.00214239,0.997759,4.92173e-05],[0.0167472,0.00631689,0.974799,0.00213646],[0.536472,0.354887,5.51451e-05,0.108586],[0.0689284,0.00631689,0.918444,0.00631096],[0.0125727,0.0146659,0.885048,0.0877136],[0.492639,0.0313638,0.423766,0.0522304],[0.116935,0.00631689,0.86835,0.0083982],[0.313136,0.344451,0.298531,0.0438814],[0.344445,0.160773,0.286008,0.208774],[0.233821,0.0438873,0.582397,0.139895],[0.150331,0.0209276,0.797383,0.0313579],[0.185814,0.0313638,0.770249,0.0125727],[0.256781,0.133639,0.576135,0.0334452],[0.177465,0.104417,0.665887,0.0522304],[0.277653,0.129464,0.446726,0.146157],[0.0877136,0.0939813,0.743115,0.0751901],[0.183727,0.0167531,0.730592,0.0689284]]},{"db":2,"id":"KLF5_HUMAN.H11MO.0.A","len":14,"ltrim":0,"rtrim":2,"nsites":500,"evalue":"1.0e+000","url":"http://hocomoco.autosome.ru/motif/KLF5_HUMAN.H11MO.0.A","pwm":[[0.421963,0.034046,0.204012,0.339979],[0.046038,0.00405203,0.943864,0.00604595],[0.00804555,0.00805123,0.967859,0.016044],[0.0240424,0.0360456,0.929867,0.0100452],[0.178012,0.184016,0.00805123,0.629921],[0.046038,0.00205243,0.941864,0.0100452],[0.0400392,0.0100508,0.543944,0.405966],[0.016044,5.28294e-05,0.96386,0.0200432],[0.0500372,0.0300468,0.829887,0.0900292],[0.106026,0.633926,0.110031,0.150017],[0.247998,0.182016,0.192014,0.377972],[0.104026,0.136026,0.605932,0.154016],[0.154016,0.124028,0.501952,0.220003],[0.148018,0.210011,0.493954,0.148018]]},{"db":2,"id":"KLF6_HUMAN.H11MO.0.A","len":19,"ltrim":1,"rtrim":0,"nsites":496,"evalue":"1.0e+000","url":"http://hocomoco.autosome.ru/motif/KLF6_HUMAN.H11MO.0.A","pwm":[[0.155258,0.1855,0.510031,0.149211],[0.221777,0.247987,0.479795,0.0504406],[0.445522,0.189531,0.280239,0.0847079],[0.459632,0.0181948,0.36893,0.153242],[0.0484249,0.00610042,0.814405,0.13107],[0.0242362,5.32554e-05,0.955506,0.0202048],[0.0443934,0.052462,0.891003,0.0121419],[0.260076,0.457622,5.32554e-05,0.282249],[0.116959,0.00610042,0.85472,0.0222205],[0.0282676,0.0222262,0.68943,0.260076],[0.209683,0.0645564,0.683383,0.0423777],[0.0867236,0.0302891,0.836578,0.0464092],[0.22984,0.453591,0.207673,0.108897],[0.294343,0.318537,0.137122,0.249997],[0.0625349,0.15728,0.522125,0.25806],[0.147195,0.127044,0.608801,0.116959],[0.161305,0.17139,0.602754,0.0645507],[0.348768,0.110918,0.433434,0.106881],[0.25806,0.233877,0.455607,0.0524563]]},{"db":2,"id":"LEF1_HUMAN.H11MO.0.A","len":14,"ltrim":1,"rtrim":1,"nsites":456,"evalue":"1.0e+000","url":"http://hocomoco.autosome.ru/motif/LEF1_HUMAN.H11MO.0.A","pwm":[[0.0767893,0.260966,0.274121,0.388124],[0.0329392,0.635883,0.184228,0.146949],[0.0175917,0.708236,0.0132129,0.260959],[0.122832,0.0461005,0.0197904,0.811277],[0.0022442,0.138186,0.035138,0.824432],[0.0022442,0.0132129,0.0329455,0.951597],[0.0439017,0.425403,0.519681,0.0110142],[0.456092,0.138186,0.0154054,0.390317],[0.278499,0.166688,0.157918,0.396894],[0.285077,0.190806,0.201768,0.322349],[0.0417092,0.129416,0.149148,0.679727],[0.0395167,0.311393,0.383746,0.265344],[0.116254,0.460483,0.0899505,0.333312],[0.313579,0.221501,0.103106,0.361814]]},{"db":2,"id":"LHX2_HUMAN.H11MO.0.A","len":12,"ltrim":2,"rtrim":3,"nsites":430,"evalue":"1.0e+000","url":"http://hocomoco.autosome.ru/motif/LHX2_HUMAN.H11MO.0.A","pwm":[[0.132582,0.176765,0.237216,0.453438],[0.0930565,0.262791,0.318592,0.325561],[0.111657,0.432519,0.0163367,0.439488],[0.0279553,0.0116866,6.14276e-05,0.960297],[0.774293,0.176765,0.0395871,0.00935499],[0.957972,0.0279619,0.00238647,0.01168],[5.48245e-05,0.0209868,0.0209868,0.957972],[0.00935499,0.0140117,0.237216,0.739418],[0.57899,0.00703655,0.353468,0.0605059],[0.172108,0.22559,0.49297,0.109332],[0.176758,0.241866,0.125614,0.455763],[0.0884064,0.213965,0.241866,0.455763]]},{"db":2,"id":"MAZ_HUMAN.H11MO.0.A","len":22,"ltrim":1,"rtrim":0,"nsites":500,"evalue":"1.0e+000","url":"http://hocomoco.autosome.ru/motif/MAZ_HUMAN.H11MO.0.A","pwm":[[0.216004,0.144024,0.503952,0.13602],[0.28399,0.024048,0.651922,0.0400392],[0.301987,0.0120504,0.673918,0.0120448],[0.0820308,0.0180492,0.86588,0.0340404],[0.0520368,0.11203,0.825888,0.0100452],[0.647918,0.0880352,0.0260476,0.238],[0.0540364,0.0100508,0.905872,0.0300412],[0.114024,0.0200488,0.851882,0.0140444],[0.265994,0.034046,0.66592,0.0340404],[0.271993,0.00805123,0.679917,0.0400392],[0.114024,0.202012,0.655922,0.0280416],[0.317984,0.134026,0.331986,0.216004],[0.174012,0.0400448,0.697913,0.0880296],[0.33398,0.054042,0.553942,0.0580356],[0.190009,0.120029,0.647923,0.0420388],[0.365974,0.0780372,0.51195,0.0440384],[0.299987,0.0720384,0.569939,0.0580356],[0.329981,0.134026,0.455962,0.0800312],[0.259995,0.0620404,0.555942,0.122023],[0.273992,0.204012,0.445964,0.076032],[0.355976,0.106032,0.429967,0.108026],[0.273992,0.0980332,0.56194,0.066034]]},{"db":2,"id":"MEF2A_HUMAN.H11MO.0.A","len":13,"ltrim":1,"rtrim":1,"nsites":500,"evalue":"1.0e+000","url":"http://hocomoco.autosome.ru/motif/MEF2A_HUMAN.H11MO.0.A","pwm":[[0.273992,0.0780372,0.244004,0.403966],[0.128022,0.0800368,0.387975,0.403966],[0.0280416,0.723908,0.0500428,0.198008],[0.00204675,0.0560416,5.28294e-05,0.941859],[0.927862,0.00605163,0.00805123,0.0580356],[0.0640344,0.00205243,0.00805123,0.925862],[0.102027,0.00205243,0.00405203,0.891869],[0.0140444,0.0480432,0.0100508,0.927862],[0.13402,0.0820364,0.0120504,0.771893],[0.140019,0.0360456,0.11603,0.707906],[0.549937,0.00205243,0.435966,0.0120448],[0.160015,0.0380452,0.657921,0.144018],[0.359975,0.383976,0.104032,0.152017]]},{"db":2,"id":"MEF2B_HUMAN.H11MO.0.A","len":14,"ltrim":2,"rtrim":0,"nsites":500,"evalue":"1.0e+000","url":"http://hocomoco.autosome.ru/motif/MEF2B_HUMAN.H11MO.0.A","pwm":[[0.253996,0.118029,0.41397,0.214004],[0.194008,0.110031,0.252002,0.443958],[0.204006,0.0360456,0.271998,0.48795],[0.168014,0.104032,0.373978,0.353976],[0.0480376,0.771898,0.0400448,0.140019],[0.00204675,0.0880352,0.00205243,0.907866],[0.861875,0.0260476,0.0320464,0.0800312],[0.106026,0.0200488,0.00605163,0.867874],[0.076032,0.00605163,0.00405203,0.913864],[0.03604,0.0480432,0.01405,0.901867],[0.13402,0.118029,0.0480432,0.699907],[0.170013,0.0560416,0.140025,0.63392],[0.471953,5.28294e-05,0.487955,0.0400392],[0.122023,0.0520424,0.695914,0.130021]]},{"db":2,"id":"MEF2C_HUMAN.H11MO.0.A","len":13,"ltrim":1,"rtrim":1,"nsites":500,"evalue":"1.0e+000","url":"http://hocomoco.autosome.ru/motif/MEF2C_HUMAN.H11MO.0.A","pwm":[[0.297988,0.074038,0.283996,0.343978],[0.104026,0.0920344,0.419969,0.38397],[0.0300412,0.691914,0.0460436,0.232001],[0.00204675,0.0620404,5.28294e-05,0.93586],[0.947858,0.0160496,0.00605163,0.0300412],[0.0600352,0.00605163,0.00205243,0.931861],[0.0800312,0.0120504,0.00605163,0.901867],[0.0240424,0.0380452,0.0100508,0.927862],[0.148018,0.0900348,0.0220484,0.739899],[0.13802,0.0420444,0.122028,0.697908],[0.565934,0.00405203,0.421968,0.00804555],[0.154016,0.0720384,0.633926,0.140019],[0.359975,0.36398,0.102032,0.174012]]},{"db":2,"id":"MEF2D_HUMAN.H11MO.0.A","len":12,"ltrim":1,"rtrim":0,"nsites":500,"evalue":"1.0e+000","url":"http://hocomoco.autosome.ru/motif/MEF2D_HUMAN.H11MO.0.A","pwm":[[0.311985,0.0560416,0.301992,0.329981],[0.0680336,0.06404,0.499953,0.367974],[0.0240424,0.757901,0.0600408,0.158016],[0.00204675,0.0200488,0.00605163,0.971853],[0.969853,0.00205243,0.00205243,0.026042],[0.0540364,0.00605163,0.00405203,0.93586],[0.0800312,0.0120504,0.00805123,0.899867],[0.0940284,0.0400448,0.00605163,0.859875],[0.297988,0.0860356,0.0120504,0.603926],[0.08603,0.01405,0.054042,0.845878],[0.753896,5.28294e-05,0.236006,0.0100452],[0.0940284,0.0320464,0.785896,0.0880296]]},{"db":2,"id":"NANOG_HUMAN.H11MO.0.A","len":17,"ltrim":1,"rtrim":1,"nsites":499,"evalue":"1.0e+000","url":"http://hocomoco.autosome.ru/motif/NANOG_HUMAN.H11MO.0.A","pwm":[[0.128278,0.258518,0.280558,0.332646],[0.0441