<!DOCTYPE HTML>
<html>
  <head>
    <meta charset="UTF-8">
    <title>SpaMo - Spaced Motif Analysis</title>
    <script type="text/javascript">
      //@JSON_VAR data
      var data = {"program":"SpaMo","version":"4.11.3","revision":"c13e15f35e38483381a6e8a363f9137e303c0765","release":"Sat Mar 11 20:16:08 2017 -0800","host":"uger-c011.broadinstitute.org","when":"Sun Feb 28 19:17:48 2021","cmd":["spamo","-verbosity","1","-oc","/broad/sankaranlab/fyu/HemeMap/02262021-downMast_re-analysis/motif_denovo/all_mast0035_interactions_10x_hocomoco_meme-chip/spamo_out_39","-bgfile","/broad/sankaranlab/fyu/HemeMap/02262021-downMast_re-analysis/motif_denovo/all_mast0035_interactions_10x_hocomoco_meme-chip/background","-primary","SRBP1_HUMAN.H11MO.0.A","/broad/sankaranlab/fyu/HemeMap/02262021-downMast_re-analysis/motif_denovo/all_mast0035_interactions_10x_hocomoco_meme-chip/20210227-deg_interactions_peaks_all_mast0035_fa_1based.fa","/broad/sankaranlab/fyu/motif_data/HOCOMOCOv11_core_HUMAN_mono_meme_format.meme","/broad/sankaranlab/fyu/HemeMap/02262021-downMast_re-analysis/motif_denovo/all_mast0035_interactions_10x_hocomoco_meme-chip/meme_out/meme.xml","/broad/sankaranlab/fyu/HemeMap/02262021-downMast_re-analysis/motif_denovo/all_mast0035_interactions_10x_hocomoco_meme-chip/dreme_out/dreme.xml","/broad/sankaranlab/fyu/motif_data/HOCOMOCOv11_core_HUMAN_mono_meme_format.meme"],"options":{"seq_min_hit_score":7,"margin":150,"bin_size":1,"bin_pvalue_calc_range":150,"use_best_secondary":0,"seq_max_shared_fract":0.5,"seq_odds_ratio":20,"bin_pvalue_cutoff":0.05,"motif_evalue_cutoff":10,"redundant_overlap":2,"redundant_joint":0.5,"motif_pseudocount":0.1,"bgfile":"/broad/sankaranlab/fyu/HemeMap/02262021-downMast_re-analysis/motif_denovo/all_mast0035_interactions_10x_hocomoco_meme-chip/background","motif_trim":0.25,"xalph":0,"seed":1,"bin_max":76},"alphabet":{"name":"DNA","like":"dna","ncore":4,"symbols":[{"symbol":"A","name":"Adenine","colour":"CC0000","complement":"T"},{"symbol":"C","name":"Cytosine","colour":"0000CC","complement":"G"},{"symbol":"G","name":"Guanine","colour":"FFB300","complement":"C"},{"symbol":"T","aliases":"U","name":"Thymine","colour":"008000","complement":"A"},{"symbol":"N","aliases":"X.","name":"Any base","equals":"ACGT"},{"symbol":"V","name":"Not T","equals":"ACG"},{"symbol":"H","name":"Not G","equals":"ACT"},{"symbol":"D","name":"Not C","equals":"AGT"},{"symbol":"B","name":"Not A","equals":"CGT"},{"symbol":"M","name":"Amino","equals":"AC"},{"symbol":"R","name":"Purine","equals":"AG"},{"symbol":"W","name":"Weak","equals":"AT"},{"symbol":"S","name":"Strong","equals":"CG"},{"symbol":"Y","name":"Pyrimidine","equals":"CT"},{"symbol":"K","name":"Keto","equals":"GT"}]},"background":[0.2443,0.2557,0.2557,0.2443],"sequence_dbs":[{"source":"/broad/sankaranlab/fyu/HemeMap/02262021-downMast_re-analysis/motif_denovo/all_mast0035_interactions_10x_hocomoco_meme-chip/20210227-deg_interactions_peaks_all_mast0035_fa_1based.fa","name":"20210227-deg_interactions_peaks_all_mast0035_fa_1based","last_modified":"Sun Feb 28 14:32:25 2021","loaded":13184,"excluded_too_short":0,"excluded_no_match":7633,"excluded_ambigs":0,"excluded_similar":83,"erased_primary_matches":4137}],"primary_dbs":[{"source":"/broad/sankaranlab/fyu/motif_data/HOCOMOCOv11_core_HUMAN_mono_meme_format.meme","name":"HOCOMOCOv11_core_HUMAN_mono_meme_format","last_modified":"Sat Jun 23 07:43:00 2018","loaded":400,"excluded":399}],"secondary_dbs":[{"source":"/broad/sankaranlab/fyu/HemeMap/02262021-downMast_re-analysis/motif_denovo/all_mast0035_interactions_10x_hocomoco_meme-chip/meme_out/meme.xml","name":"meme.xml","last_modified":"Sun Feb 28 15:22:49 2021","loaded":10,"excluded":0},{"source":"/broad/sankaranlab/fyu/HemeMap/02262021-downMast_re-analysis/motif_denovo/all_mast0035_interactions_10x_hocomoco_meme-chip/dreme_out/dreme.xml","name":"dreme.xml","last_modified":"Sun Feb 28 15:41:49 2021","loaded":10,"excluded":0},{"source":"/broad/sankaranlab/fyu/motif_data/HOCOMOCOv11_core_HUMAN_mono_meme_format.meme","name":"HOCOMOCOv11_core_HUMAN_mono_meme_format","last_modified":"Sat Jun 23 07:43:00 2018","loaded":401,"excluded":1}],"secondary_motifs":[{"db":0,"id":"2","alt":"MEME","len":21,"ltrim":0,"rtrim":0,"nsites":89,"evalue":"4.0e-035","pwm":[[0.000274186,0.505338,0.494114,0.000274186],[0.000274186,0.651241,0.348211,0.000274186],[0.134954,0.640017,0.14619,0.0788379],[0.000274186,0.516561,0.393104,0.0900613],[0.022721,0.696134,0.280871,0.000274186],[0.0451677,0.168637,0.640017,0.146177],[0.112508,0.864485,0.0227338,0.000274186],[0.000274186,0.21353,0.426774,0.359422],[0.000274186,0.875707,0.123744,0.000274186],[0.000274186,0.617571,0.38188,0.000274186],[0.0788379,0.539008,0.359434,0.022721],[0.0676145,0.527784,0.202307,0.202294],[0.000274186,0.393104,0.460444,0.146177],[0.0676145,0.539008,0.359434,0.0339444],[0.000274186,0.797145,0.14619,0.0563911],[0.022721,0.437997,0.303317,0.235964],[0.000274186,0.572678,0.359434,0.0676145],[0.112508,0.460444,0.348211,0.0788379],[0.000274186,0.550231,0.336988,0.112508],[0.0676145,0.673687,0.258424,0.000274186],[0.134954,0.539008,0.258424,0.0676145]]},{"db":0,"id":"3","alt":"MEME","len":30,"ltrim":0,"rtrim":0,"nsites":12,"evalue":"3.9e-015","pwm":[[0.167309,0.663271,0.00211322,0.167309],[0.00201901,0.580625,0.250047,0.167309],[0.91111,0.00211322,0.0847575,0.00201901],[0.00201901,0.0847575,0.911204,0.00201901],[0.580531,0.00211322,0.415337,0.00201901],[0.00201901,0.911204,0.00211322,0.0846633],[0.00201901,0.00211322,0.00211322,0.993755],[0.249953,0.00211322,0.663271,0.0846633],[0.167309,0.0847575,0.663271,0.0846633],[0.91111,0.00211322,0.00211322,0.0846633],[0.0846633,0.00211322,0.911204,0.00201901],[0.249953,0.00211322,0.0847575,0.663176],[0.00201901,0.00211322,0.828559,0.167309],[0.167309,0.828559,0.00211322,0.00201901],[0.828465,0.00211322,0.00211322,0.167309],[0.0846633,0.0847575,0.828559,0.00201901],[0.167309,0.00211322,0.00211322,0.828465],[0.00201901,0.00211322,0.911204,0.0846633],[0.167309,0.00211322,0.828559,0.00201901],[0.00201901,0.663271,0.00211322,0.332597],[0.415242,0.00211322,0.332691,0.249953],[0.00201901,0.497981,0.332691,0.167309],[0.249953,0.00211322,0.415337,0.332597],[0.415242,0.0847575,0.415337,0.0846633],[0.0846633,0.00211322,0.167403,0.745821],[0.00201901,0.580625,0.00211322,0.415242],[0.332597,0.00211322,0.0847575,0.580531],[0.00201901,0.663271,0.00211322,0.332597],[0.91111,0.00211322,0.0847575,0.00201901],[0.167309,0.167403,0.663271,0.00201901]]},{"db":0,"id":"4","alt":"MEME","len":29,"ltrim":0,"rtrim":0,"nsites":7,"evalue":"2.6e-013","pwm":[[0.00344085,0.00360141,0.848672,0.144286],[0.00344085,0.00360141,0.989517,0.00344085],[0.00344085,0.848672,0.144446,0.00344085],[0.566822,0.00360141,0.426136,0.00344085],[0.00344085,0.707827,0.00360141,0.285131],[0.425976,0.00360141,0.566982,0.00344085],[0.00344085,0.00360141,0.989517,0.00344085],[0.00344085,0.00360141,0.00360141,0.989356],[0.00344085,0.00360141,0.848672,0.144286],[0.144286,0.00360141,0.848672,0.00344085],[0.00344085,0.989517,0.00360141,0.00344085],[0.425976,0.00360141,0.00360141,0.566822],[0.00344085,0.566982,0.00360141,0.425976],[0.707666,0.00360141,0.285291,0.00344085],[0.00344085,0.707827,0.00360141,0.285131],[0.285131,0.00360141,0.707827,0.00344085],[0.00344085,0.989517,0.00360141,0.00344085],[0.00344085,0.989517,0.00360141,0.00344085],[0.00344085,0.144446,0.00360141,0.848511],[0.285131,0.00360141,0.707827,0.00344085],[0.00344085,0.00360141,0.00360141,0.989356],[0.989356,0.00360141,0.00360141,0.00344085],[0.848511,0.00360141,0.144446,0.00344085],[0.00344085,0.00360141,0.00360141,0.989356],[0.144286,0.707827,0.00360141,0.144286],[0.00344085,0.848672,0.00360141,0.144286],[0.00344085,0.989517,0.00360141,0.00344085],[0.989356,0.00360141,0.00360141,0.00344085],[0.144286,0.00360141,0.848672,0.00344085]]},{"db":0,"id":"7","alt":"MEME","len":30,"ltrim":0,"rtrim":0,"nsites":70,"evalue":"2.3e+001","pwm":[[0.0431444,0.200079,0.499651,0.257125],[0.0288787,0.342733,0.513917,0.114471],[0.114471,0.0859565,0.770693,0.0288787],[0.000348502,0.528182,0.399794,0.0716756],[0.228593,0.028895,0.685101,0.05741],[0.157267,0.22861,0.528182,0.0859402],[0.143002,0.128752,0.599509,0.128736],[0.285655,0.271407,0.371264,0.0716756],[0.100206,0.399794,0.371264,0.128736],[0.100206,0.399794,0.485386,0.0146141],[0.0146141,0.171549,0.670836,0.143002],[0.143002,0.0716919,0.613774,0.171533],[0.242859,0.143018,0.585243,0.0288787],[0.242859,0.22861,0.428324,0.100206],[0.185798,0.314202,0.356998,0.143002],[0.0859402,0.271407,0.456856,0.185798],[0.185798,0.299937,0.328467,0.185798],[0.0859402,0.214345,0.513917,0.185798],[0.143002,0.44259,0.41406,0.000348502],[0.157267,0.0859565,0.599509,0.157267],[0.0859402,0.185814,0.727896,0.000348502],[0.471105,0.271407,0.0716919,0.185798],[0.100206,0.0431606,0.842019,0.0146141],[0.000348502,0.257141,0.65657,0.0859402],[0.000348502,0.528182,0.328467,0.143002],[0.000348502,0.100222,0.670836,0.228593],[0.05741,0.22861,0.713632,0.000348502],[0.0859402,0.670836,0.214345,0.0288787],[0.200063,0.143018,0.456856,0.200063],[0.000348502,0.299937,0.699366,0.000348502]]},{"db":0,"id":"8","alt":"MEME","len":11,"ltrim":0,"rtrim":0,"nsites":70,"evalue":"8.2e-001","pwm":[[0.157267,0.000364765,0.842019,0.000348502],[0.143002,0.000364765,0.699366,0.157267],[0.0146141,0.328467,0.65657,0.000348502],[0.685084,0.000364765,0.0859565,0.228593],[0.285655,0.000364765,0.713632,0.000348502],[0.000348502,0.000364765,0.998938,0.000348502],[0.0431444,0.242875,0.713632,0.000348502],[0.371248,0.000364765,0.000364765,0.628023],[0.000348502,0.000364765,0.998938,0.000348502],[0.328451,0.000364765,0.670836,0.000348502],[0.157267,0.028895,0.813489,0.000348502]]},{"db":0,"id":"9","alt":"MEME","len":29,"ltrim":0,"rtrim":0,"nsites":6,"evalue":"1.5e+002","pwm":[[0.987611,0.0041918,0.0041918,0.00400492],[0.495808,0.0041918,0.495995,0.00400492],[0.987611,0.0041918,0.0041918,0.00400492],[0.00400492,0.65993,0.0041918,0.331873],[0.331873,0.0041918,0.495995,0.16794],[0.00400492,0.0041918,0.987798,0.00400492],[0.331873,0.168127,0.495995,0.00400492],[0.00400492,0.0041918,0.65993,0.331873],[0.00400492,0.0041918,0.0041918,0.987611],[0.00400492,0.0041918,0.0041918,0.987611],[0.00400492,0.0041918,0.0041918,0.987611],[0.00400492,0.495995,0.0041918,0.495808],[0.659743,0.168127,0.168127,0.00400492],[0.00400492,0.823864,0.0041918,0.16794],[0.00400492,0.987798,0.0041918,0.00400492],[0.987611,0.0041918,0.0041918,0.00400492],[0.00400492,0.33206,0.0041918,0.659743],[0.00400492,0.168127,0.823864,0.00400492],[0.00400492,0.0041918,0.168127,0.823677],[0.00400492,0.33206,0.0041918,0.659743],[0.331873,0.168127,0.33206,0.16794],[0.16794,0.33206,0.495995,0.00400492],[0.00400492,0.823864,0.0041918,0.16794],[0.00400492,0.33206,0.0041918,0.659743],[0.987611,0.0041918,0.0041918,0.00400492],[0.331873,0.168127,0.33206,0.16794],[0.00400492,0.0041918,0.987798,0.00400492],[0.16794,0.65993,0.0041918,0.16794],[0.331873,0.0041918,0.0041918,0.659743]]},{"db":1,"id":"CHGCCTS","alt":"DREME","len":7,"ltrim":0,"rtrim":0,"nsites":3158,"evalue":"4.0e-030","pwm":[[7.73566e-06,0.999976,8.09664e-06,7.73566e-06],[0.396132,0.246992,8.09664e-06,0.356867],[7.73566e-06,8.09664e-06,0.999976,7.73566e-06],[7.73566e-06,0.999976,8.09664e-06,7.73566e-06],[7.73566e-06,0.999976,8.09664e-06,7.73566e-06],[7.73566e-06,8.09664e-06,8.09664e-06,0.999976],[7.73566e-06,0.509492,0.490493,7.73566e-06]]},{"db":2,"id":"ATF6A_HUMAN.H11MO.0.B","len":12,"ltrim":0,"rtrim":0,"nsites":20,"evalue":"1.0e+000","url":"http://hocomoco.autosome.ru/motif/ATF6A_HUMAN.H11MO.0.B","pwm":[[0.184912,0.184969,0.582979,0.0471396],[0.00121542,0.215585,0.322742,0.460458],[0.00121542,0.261509,0.598287,0.138988],[0.0930639,0.399282,0.460514,0.0471396],[0.00121542,0.0318883,0.00127214,0.965624],[0.00121542,0.0471964,0.950373,0.00121542],[0.9197,0.0471964,0.00127214,0.0318316],[0.00121542,0.996297,0.00127214,0.00121542],[0.00121542,0.00127214,0.996297,0.00121542],[0.00121542,0.00127214,0.00127214,0.99624],[0.00121542,0.0931206,0.904449,0.00121542],[0.0930639,0.00127214,0.904449,0.00121542]]},{"db":2,"id":"BACH1_HUMAN.H11MO.0.A","len":13,"ltrim":0,"rtrim":2,"nsites":500,"evalue":"1.0e+000","url":"http://hocomoco.autosome.ru/motif/BACH1_HUMAN.H11MO.0.A","pwm":[[0.0628503,0.168183,0.0975458,0.671421],[0.00920552,0.0664261,0.922337,0.00203091],[0.0209133,0.967527,0.00397558,0.00758441],[0.0362171,0.0795843,0.0801402,0.804058],[0.0038971,0.0613576,0.890889,0.0438567],[0.802819,0.0206201,0.124524,0.0520367],[0.0133104,0.214867,0.763224,0.00859922],[0.00624843,0.0361805,0.145879,0.811692],[0.01624,0.943693,0.0343178,0.00574879],[0.78628,0.0958387,0.0824544,0.0354265],[0.00982617,0.334263,0.256607,0.399304],[0.151627,0.265557,0.394693,0.188123],[0.105264,0.378565,0.372602,0.143569]]},{"db":2,"id":"CEBPD_HUMAN.H11MO.0.C","len":11,"ltrim":0,"rtrim":0,"nsites":500,"evalue":"1.0e+000","url":"http://hocomoco.autosome.ru/motif/CEBPD_HUMAN.H11MO.0.C","pwm":[[0.454458,0.232505,0.268497,0.04454],[0.00254835,0.130525,0.020547,0.84638],[0.00654755,0.0285454,0.0185474,0.94636],[0.0425404,0.0265458,0.812389,0.118525],[0.0165456,0.960359,0.010549,0.0125464],[0.458457,0.120527,0.278495,0.14252],[0.122524,0.580435,0.0265458,0.270495],[0.590431,0.382475,0.00455023,0.0225444],[0.828383,0.0645382,0.0445422,0.0625364],[0.0240441,0.481955,0.178016,0.315986],[0.208007,0.487954,0.0720367,0.232002]]},{"db":2,"id":"CTCF_HUMAN.H11MO.0.A","len":19,"ltrim":2,"rtrim":1,"nsites":500,"evalue":"1.0e+000","url":"http://hocomoco.autosome.ru/motif/CTCF_HUMAN.H11MO.0.A","pwm":[[0.0940301,0.359979,0.126026,0.419965],[0.152018,0.168018,0.521947,0.158017],[0.257997,0.0840343,0.55394,0.104028],[0.0680353,0.85588,0.0360439,0.0400409],[0.00204845,0.995852,0.00205073,4.88502e-05],[0.699909,0.00604993,0.242003,0.0520385],[0.0160457,0.651921,0.321987,0.0100469],[0.0980293,0.593932,0.0740363,0.234002],[0.905868,0.0180475,0.0540403,0.0220445],[0.00204845,0.00205073,0.991853,0.00404805],[0.385972,5.11298e-05,0.611929,0.00204845],[0.0260437,0.0260459,0.587934,0.359977],[0.0120465,0.00205073,0.983854,0.00204845],[0.0500389,0.0260459,0.859879,0.0640361],[0.0680353,0.875876,0.0120487,0.0440401],[0.39597,0.0140483,0.583934,0.00604765],[0.0760337,0.561939,0.325986,0.0360417],[0.0960297,0.421967,0.116028,0.365976],[0.371974,0.267998,0.315988,0.0440401]]},{"db":2,"id":"DLX3_HUMAN.H11MO.0.C","len":10,"ltrim":0,"rtrim":1,"nsites":34,"evalue":"1.0e+000","url":"http://hocomoco.autosome.ru/motif/DLX3_HUMAN.H11MO.0.C","pwm":[[0.17329,0.128569,0.659114,0.0390271],[0.412006,0.403826,0.183451,0.000716422],[0.000716422,0.023127,0.000749853,0.975407],[0.975407,0.000749853,0.023127,0.000716422],[0.997784,0.000749853,0.000749853,0.000716422],[0.000716422,0.000749853,0.000749853,0.997784],[0.000716422,0.000749853,0.0455041,0.95303],[0.541452,0.000749853,0.363888,0.0939095],[0.161041,0.515711,0.277777,0.0454707],[0.4455,0.154631,0.102795,0.297074]]},{"db":2,"id":"DUX4_HUMAN.H11MO.0.A","len":11,"ltrim":0,"rtrim":0,"nsites":500,"evalue":"1.0e+000","url":"http://hocomoco.autosome.ru/motif/DUX4_HUMAN.H11MO.0.A","pwm":[[0.0260437,5.11298e-05,0.00205073,0.971854],[0.0120465,5.11298e-05,0.987854,4.88502e-05],[0.999849,5.11298e-05,5.11298e-05,4.88502e-05],[0.00204845,5.11298e-05,0.00205073,0.99585],[0.00204845,0.00205073,0.00804953,0.987851],[0.699909,0.0580395,0.240003,0.00204845],[0.287991,0.110029,0.599931,0.00204845],[0.39197,0.0140483,0.50595,0.0880313],[0.00404805,0.00205073,5.11298e-05,0.99385],[4.88502e-05,0.0120487,0.00405033,0.983852],[0.839881,0.0180475,0.0240463,0.118025]]},{"db":2,"id":"E2F3_HUMAN.H11MO.0.A","len":11,"ltrim":2,"rtrim":0,"nsites":500,"evalue":"1.0e+000","url":"http://hocomoco.autosome.ru/motif/E2F3_HUMAN.H11MO.0.A","pwm":[[0.375974,0.140023,0.20801,0.275994],[0.261996,0.0460419,0.409969,0.281992],[0.126024,0.124026,0.675916,0.0740341],[0.0340421,0.00604993,0.95586,0.00404805],[0.124024,0.769897,0.0200471,0.0860317],[0.152018,0.00405033,0.683914,0.160017],[0.0960297,0.0200471,0.867878,0.0160457],[0.0180453,0.0100491,0.95786,0.0140461],[0.833882,0.0380435,0.118028,0.0100469],[0.711906,0.0620387,0.200011,0.0260437],[0.533942,0.110029,0.250001,0.106028]]},{"db":2,"id":"E2F4_HUMAN.H11MO.0.A","len":13,"ltrim":0,"rtrim":2,"nsites":500,"evalue":"1.0e+000","url":"http://hocomoco.autosome.ru/motif/E2F4_HUMAN.H11MO.0.A","pwm":[[0.14602,0.258,0.50595,0.0900309],[0.277993,0.0960319,0.461959,0.164016],[0.244,0.100031,0.525946,0.130023],[0.100029,0.188014,0.695912,0.0160457],[0.00404805,0.0360439,0.95786,0.00204845],[0.0120465,0.973856,5.11298e-05,0.0140461],[0.0360417,0.00205073,0.945862,0.0160457],[0.00404805,0.0380435,0.949861,0.00804725],[0.0900309,0.0140483,0.893872,0.00204845],[0.715906,0.0220467,0.250001,0.0120465],[0.535942,0.200011,0.222007,0.0420405],[0.381972,0.188014,0.281995,0.148019],[0.253998,0.114028,0.30599,0.325984]]},{"db":2,"id":"E2F6_HUMAN.H11MO.0.A","len":13,"ltrim":1,"rtrim":2,"nsites":500,"evalue":"1.0e+000","url":"http://hocomoco.autosome.ru/motif/E2F6_HUMAN.H11MO.0.A","pwm":[[0.337981,0.148022,0.341983,0.172014],[0.261996,0.0340443,0.55594,0.148019],[0.154018,0.126026,0.699911,0.0200449],[0.0100469,0.0160479,0.963858,0.0100469],[0.214006,0.70791,0.0120487,0.0660357],[0.0400409,0.0180475,0.893872,0.0480393],[0.0240441,0.0480415,0.895872,0.0320425],[0.0720345,0.0440423,0.871877,0.0120465],[0.94186,0.0320447,0.0140483,0.0120465],[0.511946,0.0360439,0.435964,0.0160457],[0.383972,0.10803,0.437964,0.0700349],[0.277993,0.218008,0.377976,0.126024],[0.275994,0.162019,0.425966,0.136022]]},{"db":2,"id":"E2F7_HUMAN.H11MO.0.B","len":13,"ltrim":0,"rtrim":3,"nsites":500,"evalue":"1.0e+000","url":"http://hocomoco.autosome.ru/motif/E2F7_HUMAN.H11MO.0.B","pwm":[[0.19601,0.148022,0.529945,0.126024],[0.337981,0.0320447,0.415968,0.214006],[0.14202,0.0820347,0.771897,0.00404805],[0.0440401,0.00405033,0.941863,0.0100469],[0.0840321,0.85388,0.00405033,0.0580373],[0.140021,0.0160479,0.813888,0.0300429],[0.0220445,0.0120487,0.95786,0.00804725],[0.204008,0.00604993,0.775896,0.0140461],[0.713906,0.00405033,0.275996,0.00604765],[0.603928,0.138024,0.240003,0.0180453],[0.427963,0.192013,0.224006,0.156018],[0.34398,0.0860339,0.35598,0.214006],[0.259997,0.152021,0.485954,0.102028]]},{"db":2,"id":"EGR2_HUMAN.H11MO.0.A","len":18,"ltrim":0,"rtrim":0,"nsites":500,"evalue":"1.0e+000","url":"http://hocomoco.autosome.ru/motif/EGR2_HUMAN.H11MO.0.A","pwm":[[0.216006,0.0740363,0.611929,0.0980293],[0.29399,0.0960319,0.411969,0.198009],[0.228003,0.0740363,0.621927,0.0760337],[0.253998,0.0680375,0.501951,0.176014],[0.319985,0.10403,0.50595,0.0700349],[0.150019,0.10403,0.449961,0.29599],[0.0760337,0.102031,0.765898,0.0560377],[0.369975,0.190013,0.0440423,0.39597],[0.0340421,0.0220467,0.929865,0.0140461],[0.0400409,0.0120487,0.461959,0.485952],[0.182012,0.00604993,0.793892,0.0180453],[0.0360417,0.0140483,0.889873,0.0600369],[0.0240441,0.0400431,0.915868,0.0200449],[0.349979,0.281995,0.0220467,0.34598],[0.0580373,0.00604993,0.873876,0.0620365],[0.0760337,0.0340443,0.781895,0.108027],[0.34198,0.0740363,0.501951,0.0820325],[0.253998,0.0480415,0.561939,0.136022]]},{"db":2,"id":"EPAS1_HUMAN.H11MO.0.B","len":9,"ltrim":1,"rtrim":1,"nsites":500,"evalue":"1.0e+000","url":"http://hocomoco.autosome.ru/motif/EPAS1_HUMAN.H11MO.0.B","pwm":[[0.230003,0.256,0.445962,0.0680353],[0.166016,0.0700371,0.244002,0.519945],[0.865876,0.0200471,0.10803,0.00604765],[0.0200449,0.911869,0.0260459,0.0420405],[0.0160457,0.0100491,0.969857,0.00404805],[4.88502e-05,5.11298e-05,0.00205073,0.997849],[4.88502e-05,5.11298e-05,0.997852,0.00204845],[0.373974,0.469957,0.0600391,0.0960297],[0.160017,0.489953,0.134024,0.216006]]},{"db":2,"id":"ERR1_HUMAN.H11MO.0.A","len":15,"ltrim":1,"rtrim":5,"nsites":284,"evalue":"1.0e+000","url":"http://hocomoco.autosome.ru/motif/ERR1_HUMAN.H11MO.0.A","pwm":[[0.102163,0.408397,0.228883,0.260558],[0.0775235,0.390798,0.0493684,0.482311],[0.102163,0.682948,0.183124,0.031765],[0.915257,0.00712978,0.0669679,0.0106457],[0.971575,9.00035e-05,0.0282491,8.59909e-05],[0.00360588,9.00035e-05,0.989178,0.00712577],[0.00712577,0.00360989,0.989178,8.59909e-05],[0.063444,0.00360989,0.0458485,0.887098],[8.59909e-05,0.9223,0.0528883,0.0247252],[0.985654,0.00360989,0.00712978,0.00360588],[0.235918,0.429516,0.140885,0.19368],[0.418953,0.197204,0.183124,0.20072],[0.147921,0.345039,0.3028,0.204239],[0.411913,0.172564,0.193684,0.221839],[0.207759,0.242962,0.397837,0.151441]]},{"db":2,"id":"ERR2_HUMAN.H11MO.0.A","len":9,"ltrim":0,"rtrim":0,"nsites":3662,"evalue":"1.0e+000","url":"http://hocomoco.autosome.ru/motif/ERR2_HUMAN.H11MO.0.A","pwm":[[0.0588134,0.303122,0.169218,0.468847],[0.0678223,0.711332,0.14321,0.0776358],[0.934264,0.00636297,0.0541158,0.00525727],[0.986217,0.000614947,0.0116688,0.00149895],[0.00553362,0.000449138,0.988926,0.00509146],[0.00243853,0.00155453,0.993789,0.00221745],[0.0388611,0.0402054,0.0884515,0.832482],[0.00188583,0.876694,0.0717643,0.0496562],[0.927725,0.00492597,0.0608762,0.0064732]]},{"db":2,"id":"ETV5_HUMAN.H11MO.0.C","len":14,"ltrim":1,"rtrim":1,"nsites":500,"evalue":"1.0e+000","url":"http://hocomoco.autosome.ru/motif/ETV5_HUMAN.H11MO.0.C","pwm":[[0.327983,0.180015,0.381975,0.110027],[0.455958,0.0880335,0.327986,0.128023],[0.297989,0.0980315,0.493952,0.110027],[0.200009,0.417968,0.345982,0.0360417],[0.839881,0.0360439,0.0840343,0.0400409],[0.0160457,0.00604993,0.961859,0.0160457],[0.0440401,0.0160479,0.935864,0.00404805],[0.79389,0.0680375,0.102031,0.0360417],[0.94586,0.00604993,0.0120487,0.0360417],[0.371974,0.0620387,0.547942,0.0180453],[0.228003,0.100031,0.232005,0.439961],[0.218005,0.10603,0.537944,0.138021],[0.405968,0.120027,0.385974,0.0880313],[0.271994,0.216008,0.373976,0.138021]]},{"db":2,"id":"FOXP1_HUMAN.H11MO.0.A","len":9,"ltrim":0,"rtrim":0,"nsites":295,"evalue":"1.0e+000","url":"http://hocomoco.autosome.ru/motif/FOXP1_HUMAN.H11MO.0.A","pwm":[[0.0576904,0.139023,0.176298,0.626989],[0.0136375,0.281347,0.311845,0.39317],[0.00686015,0.0204187,0.0305848,0.942136],[0.0204149,0.0407508,0.84048,0.0983546],[8.27855e-05,0.0170301,0.0576942,0.925193],[0.00686015,0.0949697,0.0407508,0.857419],[0.0102488,0.0136414,0.081415,0.894695],[0.525328,0.345732,0.0373621,0.0915772],[0.0170262,0.484668,0.0102527,0.488053]]},{"db":2,"id":"HIF1A_HUMAN.H11MO.0.C","len":8,"ltrim":0,"rtrim":0,"nsites":500,"evalue":"1.0e+000","url":"http://hocomoco.autosome.ru/motif/HIF1A_HUMAN.H11MO.0.C","pwm":[[0.212006,0.164018,0.527946,0.0960297],[0.234002,0.0500411,0.417968,0.297989],[0.825884,0.0120487,0.15602,0.00604765],[0.134022,0.801891,0.0100491,0.0540381],[0.0280433,0.00205073,0.969857,4.88502e-05],[0.00804725,0.00804953,5.11298e-05,0.983852],[4.88502e-05,0.00405033,0.993852,0.00204845],[0.285992,0.521947,0.0860339,0.106028]]},{"db":2,"id":"HINFP_HUMAN.H11MO.0.C","len":16,"ltrim":2,"rtrim":1,"nsites":42,"evalue":"1.0e+000","url":"http://hocomoco.autosome.ru/motif/HINFP_HUMAN.H11MO.0.C","pwm":[[0.327109,0.0662264,0.397724,0.208941],[0.333644,0.381252,0.141783,0.143322],[0.0465944,0.405825,0.476413,0.0711679],[0.190902,0.358245,0.166356,0.284497],[0.238483,0.23851,0.0711949,0.451812],[0.473253,0.310664,0.167922,0.0481608],[0.166329,0.118775,0.57314,0.141755],[0.0711679,0.927644,0.000607363,0.000580285],[0.000580285,0.000607363,0.998232,0.000580285],[0.0481608,0.0236144,0.927644,0.000580285],[0.973632,0.0251808,0.000607363,0.000580285],[0.000580285,0.950652,0.0481879,0.000580285],[0.000580285,0.0711949,0.85549,0.0727343],[0.0235873,0.000607363,0.000607363,0.975198],[0.192469,0.0236144,0.117209,0.666708],[0.385801,0.269227,0.26766,0.0773112]]},{"db":2,"id":"IKZF1_HUMAN.H11MO.0.C","len":8,"ltrim":0,"rtrim":0,"nsites":60,"evalue":"1.0e+000","url":"http://hocomoco.autosome.ru/motif/IKZF1_HUMAN.H11MO.0.C","pwm":[[0.0427807,0.286028,0.237721,0.433471],[0.0580354,0.0885638,0.000425458,0.852975],[0.0563404,0.000425458,0.942828,0.000406489],[0.0190511,0.0309349,0.949607,0.000406489],[0.000406489,0.0173751,0.981812,0.000406489],[0.849585,0.000425458,0.149583,0.000406489],[0.320755,0.0309349,0.532645,0.115664],[0.415674,0.0394097,0.368233,0.176683]]},{"db":2,"id":"JUNB_HUMAN.H11MO.0.A","len":11,"ltrim":2,"rtrim":2,"nsites":500,"evalue":"1.0e+000","url":"http://hocomoco.autosome.ru/motif/JUNB_HUMAN.H11MO.0.A","pwm":[[0.273994,0.0980315,0.30399,0.323984],[0.263996,0.347982,0.273996,0.114026],[0.0320425,0.00804953,0.0120487,0.947859],[0.00404805,0.0340443,0.889873,0.0720345],[0.933862,0.00205073,5.11298e-05,0.0640361],[4.88502e-05,5.11298e-05,0.95386,0.0460397],[0.0120465,0.0120487,5.11298e-05,0.975854],[0.0500389,0.925866,0.0140483,0.0100469],[0.977853,0.00804953,0.00405033,0.0100469],[0.0740341,0.365978,0.261999,0.297989],[0.317985,0.349981,0.130025,0.202008]]},{"db":2,"id":"JUND_HUMAN.H11MO.0.A","len":11,"ltrim":1,"rtrim":1,"nsites":450,"evalue":"1.0e+000","url":"http://hocomoco.autosome.ru/motif/JUND_HUMAN.H11MO.0.A","pwm":[[0.235557,0.151134,0.42885,0.184458],[0.397744,0.164465,0.393303,0.0444888],[0.026715,0.00227854,0.0178306,0.953176],[0.00671946,0.00894372,0.953178,0.0311585],[0.946511,0.006722,0.0222741,0.0244933],[0.0622627,5.68096e-05,0.937626,5.42768e-05],[0.0133846,0.0133872,0.0133872,0.959841],[0.0244933,0.933183,0.0422697,5.42768e-05],[0.988723,0.00450027,0.006722,5.42768e-05],[0.0378237,0.384416,0.146691,0.43107],[0.151132,0.413298,0.168908,0.266662]]},{"db":2,"id":"KLF15_HUMAN.H11MO.0.A","len":19,"ltrim":0,"rtrim":0,"nsites":479,"evalue":"1.0e+000","url":"http://hocomoco.autosome.ru/motif/KLF15_HUMAN.H11MO.0.A","pwm":[[0.311051,0.0355366,0.542738,0.110675],[0.25887,0.0125769,0.695107,0.0334469],[5.09914e-05,0.00214062,0.997757,5.09914e-05],[0.016749,0.00631511,0.974798,0.00213824],[0.536473,0.354885,5.33709e-05,0.108588],[0.0689301,0.00631511,0.918442,0.00631273],[0.0125745,0.0146641,0.885046,0.0877154],[0.492641,0.0313621,0.423764,0.0522322],[0.116937,0.00631511,0.868348,0.00839998],[0.313138,0.344449,0.29853,0.0438832],[0.344447,0.160771,0.286006,0.208776],[0.233823,0.0438856,0.582395,0.139897],[0.150333,0.0209258,0.797382,0.0313597],[0.185816,0.0313621,0.770247,0.0125745],[0.256782,0.133637,0.576134,0.0334469],[0.177467,0.104416,0.665885,0.0522322],[0.277655,0.129463,0.446724,0.146158],[0.0877154,0.0939795,0.743113,0.0751919],[0.183729,0.0167513,0.73059,0.0689301]]},{"db":2,"id":"KLF6_HUMAN.H11MO.0.A","len":19,"ltrim":1,"rtrim":0,"nsites":496,"evalue":"1.0e+000","url":"http://hocomoco.autosome.ru/motif/KLF6_HUMAN.H11MO.0.A","pwm":[[0.15526,0.185498,0.510029,0.149213],[0.221779,0.247985,0.479794,0.0504423],[0.445524,0.189529,0.280237,0.0847096],[0.459634,0.018193,0.368929,0.153244],[0.0484266,0.00609871,0.814403,0.131071],[0.0242379,5.1542e-05,0.955504,0.0202065],[0.0443951,0.0524603,0.891001,0.0121436],[0.260077,0.457621,5.1542e-05,0.28225],[0.116961,0.00609871,0.854718,0.0222222],[0.0282694,0.0222245,0.689429,0.260077],[0.209684,0.0645547,0.683382,0.0423794],[0.0867253,0.0302874,0.836576,0.0464109],[0.229842,0.453589,0.207671,0.108898],[0.294345,0.318536,0.137121,0.249999],[0.0625366,0.157278,0.522124,0.258062],[0.147197,0.127042,0.6088,0.116961],[0.161307,0.171388,0.602753,0.0645524],[0.348769,0.110916,0.433432,0.106883],[0.258062,0.233875,0.455605,0.052458]]},{"db":2,"id":"LYL1_HUMAN.H11MO.0.A","len":14,"ltrim":1,"rtrim":2,"nsites":453,"evalue":"1.0e+000","url":"http://hocomoco.autosome.ru/motif/LYL1_HUMAN.H11MO.0.A","pwm":[[0.205307,0.44146,0.203102,0.150131],[0.145717,0.695267,0.0265407,0.132475],[0.640089,0.0508179,0.0464038,0.262689],[0.0574364,0.125856,0.490015,0.326693],[0.130268,0.730579,0.0441968,0.0949557],[0.105991,5.64335e-05,0.00667749,0.887275],[0.00226094,0.176618,0.810032,0.011089],[0.00667497,0.298004,0.181032,0.514289],[0.0618504,0.207516,0.220758,0.509875],[0.207514,0.220758,0.130271,0.441458],[0.0441943,0.512085,0.119235,0.324486],[0.0949557,0.580502,0.110407,0.214135],[0.141303,0.187653,0.181032,0.490012],[0.119233,0.273727,0.379664,0.227377]]},{"db":2,"id":"MAF_HUMAN.H11MO.0.A","len":19,"ltrim":2,"rtrim":2,"nsites":500,"evalue":"1.0e+000","url":"http://hocomoco.autosome.ru/motif/MAF_HUMAN.H11MO.0.A","pwm":[[0.305988,0.236004,0.333984,0.124024],[0.469955,0.142023,0.202011,0.186012],[0.587931,0.0840343,0.0780355,0.249999],[0.39197,0.0880335,0.118028,0.401968],[0.154018,0.311989,0.269997,0.263996],[0.110027,0.0400431,0.0260459,0.823884],[0.0180453,0.0140483,0.959859,0.00804725],[0.124024,0.85588,0.00604993,0.0140461],[0.0640361,0.00604993,0.0120487,0.917865],[0.0180453,0.00604993,0.901871,0.0740341],[0.881872,0.0240463,0.0680375,0.0260437],[0.102028,0.445962,0.327986,0.124024],[0.238001,0.118028,0.15402,0.489951],[0.242,0.411969,0.120027,0.226004],[0.473954,0.112029,0.15402,0.259997],[0.19401,0.0720367,0.575936,0.158017],[0.160017,0.511949,0.218008,0.110027],[0.461956,0.236004,0.146022,0.156018],[0.401968,0.152021,0.234004,0.212006]]},{"db":2,"id":"MAZ_HUMAN.H11MO.0.A","len":22,"ltrim":1,"rtrim":0,"nsites":500,"evalue":"1.0e+000","url":"http://hocomoco.autosome.ru/motif/MAZ_HUMAN.H11MO.0.A","pwm":[[0.216006,0.144022,0.50395,0.136022],[0.283992,0.0240463,0.651921,0.0400409],[0.301988,0.0120487,0.673916,0.0120465],[0.0820325,0.0180475,0.865878,0.0340421],[0.0520385,0.112029,0.825886,0.0100469],[0.647919,0.0880335,0.0260459,0.238001],[0.0540381,0.0100491,0.90587,0.0300429],[0.114026,0.0200471,0.851881,0.0140461],[0.265996,0.0340443,0.665918,0.0340421],[0.271994,0.00804953,0.679915,0.0400409],[0.114026,0.202011,0.65592,0.0280433],[0.317985,0.134024,0.331985,0.216006],[0.174014,0.0400431,0.697912,0.0880313],[0.333982,0.0540403,0.55394,0.0580373],[0.190011,0.120027,0.647922,0.0420405],[0.365976,0.0780355,0.511949,0.0440401],[0.299989,0.0720367,0.569937,0.0580373],[0.329983,0.134024,0.45596,0.0800329],[0.259997,0.0620387,0.55594,0.122024],[0.273994,0.20401,0.445962,0.0760337],[0.355978,0.10603,0.429965,0.108027],[0.273994,0.0980315,0.561939,0.0660357]]},{"db":2,"id":"MEF2A_HUMAN.H11MO.0.A","len":13,"ltrim":1,"rtrim":1,"nsites":500,"evalue":"1.0e+000","url":"http://hocomoco.autosome.ru/motif/MEF2A_HUMAN.H11MO.0.A","pwm":[[0.273994,0.0780355,0.244002,0.403968],[0.128023,0.0800351,0.387974,0.403968],[0.0280433,0.723906,0.0500411,0.198009],[0.00204845,0.0560399,5.11298e-05,0.94186],[0.927863,0.00604993,0.00804953,0.0580373],[0.0640361,0.00205073,0.00804953,0.925864],[0.102028,0.00205073,0.00405033,0.89187],[0.0140461,0.0480415,0.0100491,0.927863],[0.134022,0.0820347,0.0120487,0.771894],[0.140021,0.0360439,0.116028,0.707907],[0.549939,0.00205073,0.435964,0.0120465],[0.160017,0.0380435,0.65792,0.14402],[0.359977,0.383974,0.10403,0.152018]]},{"db":2,"id":"MZF1_HUMAN.H11MO.0.B","len":13,"ltrim":1,"rtrim":1,"nsites":500,"evalue":"1.0e+000","url":"http://hocomoco.autosome.ru/motif/MZF1_HUMAN.H11MO.0.B","pwm":[[0.365976,0.134024,0.377976,0.122024],[0.34398,0.110029,0.463958,0.0820325],[0.44596,0.0360439,0.246002,0.271994],[0.383972,5.11298e-05,0.609929,0.00604765],[0.0120465,0.00405033,0.85388,0.130023],[0.0220445,5.11298e-05,0.973856,0.00404805],[0.00604765,0.00604993,0.983854,0.00404805],[0.987851,0.00405033,0.00405033,0.00404805],[0.405968,0.0100491,0.10603,0.477953],[0.0520385,0.144022,0.259999,0.54394],[0.184012,0.140023,0.375976,0.299989],[0.29199,0.114028,0.477956,0.116026],[0.347979,0.172017,0.359979,0.120025]]},{"db":2,"id":"NKX21_HUMAN.H11MO.0.A","len":10,"ltrim":1,"rtrim":1,"nsites":500,"evalue":"1.0e+000","url":"http://hocomoco.autosome.ru/motif/NKX21_HUMAN.H11MO.0.A","pwm":[[0.0660357,0.421967,0.226006,0.285992],[0.132022,0.0920327,0.0240463,0.751898],[0.0760337,0.0220467,0.333984,0.567935],[0.0340421,0.00604993,0.95786,0.00204845],[0.99585,0.00205073,5.11298e-05,0.00204845],[0.0100469,0.00804953,0.981855,4.88502e-05],[0.281992,0.00205073,0.10403,0.611926],[0.108027,0.00205073,0.877876,0.0120465],[0.0320425,0.325986,0.443962,0.198009],[0.158017,0.347982,0.15602,0.337981]]},{"db":2,"id":"NR1H3_HUMAN.H11MO.0.B","len":19,"ltrim":2,"rtrim":0,"nsites":500,"evalue":"1.0e+000","url":"http://hocomoco.autosome.ru/motif/NR1H3_HUMAN.H11MO.0.B","pwm":[[0.168015,0.481955,0.20801,0.14202],[0.423964,0.224006,0.124026,0.228003],[0.373974,0.126026,0.419967,0.0800329],[0.54394,0.0260459,0.379975,0.0500389],[0.122024,0.00604993,0.813888,0.0580373],[0.0380413,0.0440423,0.7559,0.162016],[0.0640361,0.15802,0.152021,0.625924],[0.14402,0.427966,0.0840343,0.34398],[0.829883,0.0180475,0.0540403,0.0980293],[0.114026,0.591933,0.142023,0.152018],[0.224004,0.178016,0.0860339,0.511946],[0.240001,0.228006,0.289993,0.242],[0.228003,0.323986,0.283994,0.164016],[0.659917,0.0900331,0.172017,0.0780333],[0.0800329,0.0260459,0.835884,0.0580373],[0.106028,0.0400431,0.717908,0.136022],[0.152018,0.138024,0.220007,0.489951],[0.0780333,0.737904,0.0720367,0.112026],[0.871874,0.0440423,0.0480415,0.0360417]]},{"db":2,"id":"PATZ1_HUMAN.H11MO.0.C","len":22,"ltrim":0,"rtrim":1,"nsites":491,"evalue":"1.0e+000","url":"http://hocomoco.autosome.ru/motif/PATZ1_HUMAN.H11MO.0.C","pwm":[[0.234218,0.0916831,0.560019,0.114079],[0.136478,0.0265233,0.639433,0.197566],[0.142587,0.0835381,0.682194,0.0916808],[0.0407746,0.0855744,0.841021,0.0326297],[0.458205,0.287163,0.13648,0.118152],[0.244399,0.0611394,0.623143,0.0713183],[0.142587,0.0305957,0.706629,0.120188],[0.215892,0.0652119,0.692375,0.0265209],[0.126297,0.016342,0.84713,0.010231],[0.211819,0.118154,0.614998,0.0550284],[0.41748,0.557983,0.00819705,0.0163397],[0.0794633,0.0285595,0.553911,0.338066],[0.0285572,0.142589,0.76568,0.0631733],[0.160913,0.160915,0.606853,0.0713183],[0.327885,0.0631757,0.578346,0.0305934],[0.291233,0.191459,0.49486,0.0224484],[0.240327,0.240329,0.34825,0.171094],[0.158877,0.0753931,0.576309,0.189421],[0.128333,0.0570669,0.773825,0.0407746],[0.413408,0.21793,0.313634,0.0550284],[0.317704,0.0143058,0.623143,0.0448471],[0.138514,0.203677,0.488751,0.169058]]},{"db":2,"id":"PAX5_HUMAN.H11MO.0.A","len":21,"ltrim":0,"rtrim":0,"nsites":202,"evalue":"1.0e+000","url":"http://hocomoco.autosome.ru/motif/PAX5_HUMAN.H11MO.0.A","pwm":[[0.133718,0.282165,0.504827,0.0792896],[0.12877,0.499879,0.188152,0.183199],[0.148562,0.415762,0.331646,0.10403],[0.202991,0.054555,0.257425,0.485029],[0.198043,0.0446589,0.752229,0.00506893],[0.158458,0.138672,0.539463,0.163406],[0.0248611,0.11888,0.62358,0.232679],[0.0347572,0.875931,0.0595031,0.0298092],[0.781912,0.0347628,0.163412,0.0199131],[0.386068,0.113932,0.465243,0.0347572],[0.0347572,0.732437,0.128776,0.10403],[0.410809,0.267321,0.277217,0.0446533],[0.311848,0.0199187,0.618632,0.0496013],[0.682951,0.0397109,0.163412,0.113926],[0.0347572,0.163412,0.772022,0.0298092],[0.010017,0.781918,0.0446589,0.163406],[0.217835,0.0347628,0.717593,0.0298092],[0.321744,0.0298148,0.158464,0.489977],[0.173302,0.0298148,0.791814,0.00506893],[0.8116,0.0347628,0.104035,0.0496013],[0.118874,0.80171,0.0298148,0.0496013]]},{"db":2,"id":"PAX6_HUMAN.H11MO.0.C","len":12,"ltrim":0,"rtrim":0,"nsites":500,"evalue":"1.0e+000","url":"http://hocomoco.autosome.ru/motif/PAX6_HUMAN.H11MO.0.C","pwm":[[0.124024,0.0320447,0.0740363,0.769895],[0.0220445,0.341983,0.0380435,0.597929],[0.415966,0.467958,0.0500411,0.0660357],[0.0440401,0.565938,0.0400431,0.349979],[0.285992,0.0700371,0.60593,0.0380413],[0.0100469,0.80389,0.166018,0.0200449],[0.257997,0.136024,0.0180475,0.587931],[0.0280433,0.0760359,0.0180475,0.877873],[0.0140461,0.40797,0.567938,0.0100469],[0.709907,0.0160479,0.236004,0.0380413],[0.14602,0.35798,0.287994,0.208007],[0.0660357,0.0940323,0.0320447,0.807887]]},{"db":2,"id":"PBX1_HUMAN.H11MO.0.A","len":10,"ltrim":0,"rtrim":0,"nsites":500,"evalue":"1.0e+000","url":"http://hocomoco.autosome.ru/motif/PBX1_HUMAN.H11MO.0.A","pwm":[[0.210007,0.0880335,0.202011,0.499949],[0.0640361,0.0900331,0.833884,0.0120465],[0.867875,0.0540403,0.0240463,0.0540381],[0.0420405,0.265998,0.339983,0.351978],[0.0720345,0.0760359,0.172017,0.679913],[0.0380413,0.0120487,0.943862,0.00604765],[0.683912,0.00205073,0.30599,0.00804725],[0.0360417,0.85788,0.0220467,0.0840321],[0.683912,0.0220467,0.228006,0.0660357],[0.108027,0.102031,0.685914,0.104028]]},{"db":2,"id":"PDX1_HUMAN.H11MO.0.A","len":9,"ltrim":0,"rtrim":0,"nsites":494,"evalue":"1.0e+000","url":"http://hocomoco.autosome.ru/motif/PDX1_HUMAN.H11MO.0.A","pwm":[[0.192318,0.00409951,0.03041,0.773172],[0.076957,0.0263622,0.858178,0.0385032],[0.953298,0.0182667,0.00409951,0.024336],[0.0283838,0.149819,0.0627921,0.759005],[0.180175,0.0142189,0.145771,0.659835],[0.16196,0.064816,0.752936,0.0202883],[0.892581,0.0607682,0.0344577,0.0121927],[0.0567181,0.064816,0.155891,0.722575],[0.0688614,0.0769593,0.562691,0.291488]]},{"db":2,"id":"PRRX2_HUMAN.H11MO.0.C","len":7,"ltrim":1,"rtrim":0,"nsites":59,"evalue":"1.0e+000","url":"http://hocomoco.autosome.ru/motif/PRRX2_HUMAN.H11MO.0.C","pwm":[[0.173848,0.309231,0.0723447,0.444576],[0.000413367,0.000432656,0.000432656,0.998721],[0.998721,0.000432656,0.000432656,0.000413367],[0.981801,0.000432656,0.0173531,0.000413367],[0.0173338,0.0173531,0.000432656,0.96488],[0.000413367,0.0511941,0.0511941,0.897198],[0.457266,0.0173531,0.491126,0.0342543]]},{"db":2,"id":"SMAD2_HUMAN.H11MO.0.A","len":12,"ltrim":0,"rtrim":0,"nsites":500,"evalue":"1.0e+000","url":"http://hocomoco.autosome.ru/motif/SMAD2_HUMAN.H11MO.0.A","pwm":[[0.214006,0.0740363,0.0480415,0.663916],[0.0440401,0.0740363,0.85388,0.0280433],[0.0520385,0.120027,0.146022,0.681912],[0.00404805,0.965858,0.00804953,0.0220445],[0.0200449,0.0200471,5.11298e-05,0.959857],[0.122024,0.216008,0.60393,0.0580373],[0.162016,0.267998,0.250001,0.319985],[0.0320425,0.899871,0.0280455,0.0400409],[0.535942,0.118028,0.0540403,0.29199],[0.0480393,0.80389,0.110029,0.0380413],[0.160017,0.60393,0.00804953,0.228003],[0.0920305,0.261999,0.10803,0.537941]]},{"db":2,"id":"SMAD4_HUMAN.H11MO.0.B","len":13,"ltrim":1,"rtrim":0,"nsites":497,"evalue":"1.0e+000","url":"http://hocomoco.autosome.ru/motif/SMAD4_HUMAN.H11MO.0.B","pwm":[[0.219321,0.448653,0.20323,0.128796],[0.307834,0.100635,0.0523548,0.539176],[0.0181542,0.0101098,0.945535,0.0262008],[0.0463175,0.0463198,0.177078,0.730285],[0.00206081,0.981745,0.00809811,0.00809582],[0.00206081,0.00608644,0.00206311,0.98979],[0.144889,0.211277,0.597517,0.0463175],[0.193169,0.146903,0.370198,0.289729],[0.0282125,0.9395,0.0161448,0.0161425],[0.71218,0.0523548,0.0925882,0.142878],[0.0523525,0.696088,0.189148,0.0624108],[0.134831,0.573377,0.0644248,0.227368],[0.136843,0.209265,0.0945998,0.559293]]},{"db":2,"id":"SMCA5_HUMAN.H11MO.0.C","len":15,"ltrim":0,"rtrim":0,"nsites":404,"evalue":"1.0e+000","url":"http://hocomoco.autosome.ru/motif/SMCA5_HUMAN.H11MO.0.C","pwm":[[0.03718,0.0297589,0.90578,0.0272814],[0.735027,0.123795,0.106473,0.0347053],[0.509835,0.245052,0.205458,0.0396546],[0.108944,0.0569799,0.136168,0.697908],[0.133691,0.297019,0.334139,0.235151],[0.0866727,0.116371,0.786997,0.009959],[0.836487,0.0322335,0.0743023,0.0569771],[0.868657,0.0347082,0.0842009,0.0124336],[0.123792,0.049556,0.111422,0.71523],[0.116368,0.00996182,0.861236,0.0124336],[0.0248068,0.309393,0.650892,0.0149083],[0.893404,0.0124365,0.0396574,0.0545024],[0.593973,0.173288,0.215357,0.0173829],[0.351459,0.0693531,0.0668784,0.51231],[0.0520278,0.678113,0.183186,0.0866727]]},{"db":2,"id":"SP2_HUMAN.H11MO.0.A","len":22,"ltrim":0,"rtrim":0,"nsites":499,"evalue":"1.0e+000","url":"http://hocomoco.autosome.ru/motif/SP2_HUMAN.H11MO.0.A","pwm":[[0.128529,0.250151,0.569031,0.0522883],[0.180003,0.246123,0.522891,0.0509837],[0.150764,0.282174,0.504602,0.0624596],[0.154521,0.318674,0.42054,0.106265],[0.287963,0.222106,0.384327,0.105604],[0.175217,0.100132,0.656764,0.0678868],[0.140024,0.0557876,0.706025,0.0981634],[0.296015,0.0549119,0.630411,0.0186621],[0.0378346,0.00429103,0.918472,0.0394025],[0.0122171,0.0208881,0.956786,0.0101084],[0.0434612,0.889614,0.0128518,0.0540727],[0.0324001,0.01642,0.90017,0.0510097],[0.0125951,0.0201768,0.934454,0.0327743],[0.0993402,0.0869196,0.785943,0.0277973],[0.220792,0.17759,0.58164,0.019977],[0.103853,0.604626,0.218657,0.0728636],[0.050096,0.508074,0.233442,0.208388],[0.201317,0.190205,0.392565,0.215912],[0.129685,0.236981,0.526477,0.106857],[0.182029,0.25794,0.465997,0.0940346],[0.150531,0.185505,0.589239,0.074726],[0.122747,0.326352,0.494872,0.0560289]]},{"db":2,"id":"SP3_